2000
0 172
0 235
0 281
0 484
0 972
0 1085
0 1270
0 1369
0 1621
0 1774
0 1866
1 186
1 349
1 830
1 840
1 958
1 1095
1 1132
1 1302
1 1919
1 1977
2 58
2 141
2 287
2 301
2 539
2 849
2 908
2 957
2 987
2 1253
2 1316
2 1376
2 1378
2 1746
2 1808
3 434
3 551
3 651
3 1000
3 1180
3 1316
3 1426
3 1445
3 1465
3 1885
3 1923
4 14
4 487
4 590
4 668
4 673
4 808
4 876
4 1018
4 1206
4 1264
5 63
5 597
5 877
5 898
5 1063
5 1269
5 1353
5 1821
6 393
6 664
6 844
6 1000
6 1256
6 1674
6 1703
6 1859
6 1910
7 59
7 194
7 226
7 300
7 1030
7 1276
7 1280
7 1333
7 1351
7 1860
7 1923
8 158
8 574
8 661
8 686
8 718
8 895
8 1459
8 1614
8 1805
9 12
9 24
9 179
9 416
9 484
9 598
9 653
9 757
9 958
9 1200
9 1262
9 1437
9 1671
9 1759
9 1879
10 19
10 240
10 571
10 1336
10 1398
10 1447
10 1488
10 1760
10 1870
11 399
11 436
11 491
11 854
11 1068
11 1207
11 1556
11 1666
12 53
12 420
12 626
12 634
12 660
12 662
12 665
12 1094
12 1428
12 1486
12 1707
13 145
13 217
13 221
13 548
13 612
13 709
13 858
13 893
13 1256
13 1276
13 1521
13 1616
13 1785
14 187
14 331
14 462
14 738
14 871
14 1006
14 1164
14 1391
14 1684
14 1818
14 1827
14 1920
15 312
15 372
15 458
15 758
15 876
15 913
15 1042
15 1252
15 1434
15 1640
15 1647
15 1807
16 513
16 540
16 588
16 592
16 617
16 1635
16 1802
16 1873
17 61
17 109
17 201
17 254
17 439
17 648
17 751
17 902
17 1064
17 1124
17 1130
17 1216
17 1293
17 1327
17 1449
17 1698
17 1707
18 49
18 115
18 280
18 689
18 748
18 866
18 890
18 975
18 1061
18 1222
18 1499
18 1749
18 1910
18 1999
19 457
19 1012
19 1575
19 1666
19 1752
20 621
20 777
20 866
20 881
20 1040
20 1633
20 1857
20 1903
21 537
21 845
21 921
21 1052
21 1161
21 1258
21 1556
21 1917
22 59
22 155
22 506
22 548
22 601
22 903
22 1096
22 1182
22 1332
22 1529
22 1677
22 1764
23 763
23 805
23 880
23 927
23 1127
23 1254
23 1397
23 1470
23 1594
23 1685
24 161
24 616
24 718
24 835
24 1268
24 1334
25 120
25 132
25 240
25 693
25 1026
25 1030
25 1119
25 1556
25 1691
25 1756
26 210
26 400
26 731
26 920
26 1077
26 1200
26 1267
26 1288
26 1952
27 33
27 183
27 209
27 337
27 559
27 821
27 1270
27 1628
27 1720
27 1931
28 213
28 277
28 446
28 597
28 685
28 957
28 1323
28 1493
28 1672
29 46
29 185
29 519
29 633
29 638
29 1094
29 1151
29 1204
29 1716
29 1792
30 235
30 268
30 384
30 872
30 1013
30 1023
30 1212
30 1295
30 1329
30 1334
30 1477
31 168
31 321
31 508
31 578
31 660
31 810
31 1067
31 1316
31 1467
32 184
32 301
32 429
32 491
32 524
32 677
32 762
32 1666
32 1710
33 113
33 263
33 457
33 586
33 648
33 767
33 855
33 918
33 1380
33 1499
33 1576
34 488
34 769
34 964
34 1131
34 1142
34 1313
34 1420
34 1426
34 1863
34 1933
35 289
35 500
35 646
35 785
35 1666
35 1710
35 1913
35 1986
35 1991
36 105
36 130
36 134
36 319
36 362
36 447
36 532
36 800
36 1037
36 1905
37 75
37 180
37 224
37 280
37 1090
37 1327
37 1343
38 64
38 86
38 110
38 316
38 693
38 908
38 945
38 1066
38 1180
38 1901
39 316
39 619
39 663
39 1077
39 1488
39 1521
39 1570
39 1924
40 96
40 484
40 513
40 804
40 969
40 1017
40 1052
40 1123
40 1387
40 1390
40 1898
41 157
41 227
41 233
41 309
41 447
41 668
41 773
41 908
41 1271
41 1451
41 1632
41 1696
41 1889
41 1890
41 1956
41 1978
42 52
42 270
42 293
42 553
42 665
42 1111
42 1196
42 1414
43 320
43 460
43 757
43 913
43 940
43 1105
43 1141
43 1388
43 1830
43 1991
44 713
44 972
44 1313
44 1553
44 1727
45 503
45 820
45 844
45 975
45 1070
45 1128
45 1707
45 1958
46 245
46 426
46 435
46 782
46 856
46 966
46 1045
46 1181
46 1539
46 1707
46 1736
47 80
47 178
47 332
47 524
47 878
47 1234
47 1871
48 55
48 559
48 631
48 649
48 679
48 799
48 849
48 1028
48 1560
48 1645
48 1804
49 244
49 255
49 818
49 1157
49 1214
49 1360
49 1437
49 1592
49 1610
49 1696
50 529
50 830
50 877
50 1900
51 236
51 661
51 912
51 939
51 1064
51 1076
51 1276
51 1602
51 1830
52 81
52 216
52 793
52 884
52 1053
52 1201
52 1277
52 1446
52 1888
52 1959
53 280
53 316
53 375
53 487
53 525
53 965
53 1161
53 1174
53 1203
53 1367
53 1395
53 1398
53 1520
53 1606
53 1804
53 1946
54 149
54 193
54 228
54 260
54 271
54 432
54 633
54 636
54 1245
54 1269
55 678
55 741
55 770
55 773
55 1034
55 1060
55 1317
55 1513
55 1554
55 1610
55 1841
55 1987
56 354
56 583
56 792
56 1024
56 1240
56 1463
56 1567
56 1627
57 690
57 719
57 923
57 1049
57 1087
57 1091
57 1095
57 1179
57 1276
57 1291
57 1425
57 1598
58 136
58 541
58 897
58 1083
59 61
59 531
59 668
59 835
59 1039
59 1061
59 1186
59 1715
59 1771
59 1811
60 374
60 608
60 642
60 664
60 686
60 716
60 790
60 979
60 1060
60 1232
60 1355
60 1494
60 1530
60 1780
61 62
61 114
61 119
61 133
61 383
61 392
61 524
61 563
61 977
61 1191
61 1428
61 1621
61 1786
61 1927
62 381
62 770
62 1083
62 1230
62 1304
62 1344
62 1482
62 1942
62 1956
62 1963
63 674
63 809
63 974
63 1194
64 158
64 268
64 497
64 574
64 649
64 878
64 1071
64 1148
64 1157
64 1315
64 1437
64 1490
64 1492
64 1614
65 284
65 383
65 601
65 753
65 802
65 1045
65 1063
65 1095
65 1259
65 1910
66 107
66 116
66 177
66 384
66 546
66 653
66 693
66 860
66 1000
66 1442
66 1835
67 156
67 189
67 321
67 592
67 1114
67 1228
67 1447
67 1568
67 1803
67 1863
67 1962
68 587
68 652
68 1604
68 1617
69 170
69 345
69 742
69 801
69 1338
69 1450
69 1848
70 270
70 398
70 917
70 1416
70 1546
70 1739
70 1886
71 163
71 556
71 573
71 727
71 997
71 1890
72 414
72 475
72 582
72 596
72 1103
72 1239
72 1340
72 1363
72 1819
73 188
73 514
73 660
73 1016
73 1385
73 1387
73 1459
73 1461
73 1498
73 1665
74 481
74 934
74 1018
74 1059
74 1284
74 1446
74 1484
74 1659
74 1731
75 321
75 368
75 486
75 726
75 1093
75 1283
75 1586
75 1687
75 1920
75 1998
76 173
76 483
76 528
76 736
76 1352
76 1709
77 483
77 961
77 1392
78 739
78 1058
78 1130
78 1305
78 1885
78 1948
79 197
79 301
79 408
79 1059
79 1379
79 1865
80 361
80 514
80 583
80 1650
81 298
81 676
81 708
81 757
81 1005
81 1263
81 1488
81 1499
81 1580
81 1717
81 1873
82 114
82 900
82 982
82 1036
82 1339
82 1362
82 1383
82 1516
83 531
83 669
83 822
83 883
83 1170
83 1523
83 1559
83 1780
84 120
84 145
84 345
84 524
84 680
84 789
84 881
84 1130
84 1152
84 1765
84 1935
84 1963
85 384
85 584
85 633
85 757
85 762
85 944
85 993
85 1048
85 1412
85 1545
85 1588
85 1628
85 1735
85 1793
85 1841
85 1870
85 1924
86 111
86 307
86 391
86 487
86 737
86 1031
86 1249
86 1356
87 489
87 838
87 896
87 953
87 1428
87 1714
87 1894
88 142
88 247
88 264
88 825
88 1064
88 1066
88 1270
88 1688
88 1693
88 1886
88 1931
89 128
89 162
89 209
89 249
89 407
89 880
89 1091
89 1701
89 1801
89 1842
90 362
90 392
90 660
90 1510
90 1655
90 1719
90 1939
91 362
91 533
91 632
91 665
91 744
91 799
91 846
91 1104
91 1320
91 1331
91 1565
91 1711
91 1801
91 1927
92 325
92 344
92 388
92 562
92 748
92 965
92 1237
92 1572
92 1788
92 1857
93 192
93 239
93 456
93 1046
93 1066
93 1142
93 1231
93 1564
93 1579
93 1676
93 1755
93 1832
94 137
94 196
94 435
94 869
94 921
94 1816
95 202
95 262
95 307
95 752
95 1193
95 1536
95 1562
95 1571
95 1600
95 1757
95 1936
96 102
96 114
96 170
96 751
96 1137
96 1561
96 1913
97 354
97 833
97 1114
97 1129
97 1253
97 1277
97 1609
97 1636
98 104
98 109
98 303
98 388
98 838
98 1298
98 1352
98 1705
98 1802
98 1845
98 1988
99 161
99 307
99 546
99 642
99 824
99 860
99 1469
100 117
100 346
100 906
100 1198
100 1381
100 1524
100 1994
101 195
101 206
101 1087
101 1474
101 1581
101 1585
101 1635
102 176
102 654
102 681
102 782
102 1053
102 1120
102 1672
102 1691
102 1937
103 138
103 249
103 373
103 637
103 738
103 765
103 903
103 1029
103 1213
103 1513
103 1611
103 1689
103 1956
104 154
104 456
104 722
104 817
104 960
104 1098
104 1203
104 1901
104 1977
105 217
105 385
105 426
105 587
105 761
105 878
105 1159
105 1525
105 1918
106 132
106 395
106 974
106 1036
106 1275
107 214
107 256
107 334
107 378
107 759
107 941
107 1003
107 1216
107 1348
107 1426
107 1479
107 1487
107 1615
108 248
108 255
108 662
108 709
108 748
108 760
108 871
108 1153
108 1301
108 1483
108 1653
108 1937
109 461
109 528
109 711
109 842
109 1097
109 1281
109 1478
109 1991
110 224
110 372
110 484
110 510
110 533
110 697
110 740
110 816
110 898
110 1480
110 1637
110 1660
110 1704
111 162
111 291
111 604
111 614
111 628
111 686
111 1201
111 1607
111 1727
111 1808
111 1974
112 492
112 866
112 1305
112 1328
112 1569
112 1589
112 1887
113 490
113 722
113 777
113 804
113 888
113 920
113 936
113 1256
113 1376
113 1551
113 1902
114 204
114 245
114 487
114 521
114 631
114 633
114 756
114 765
114 866
114 937
114 1197
114 1322
114 1556
114 1835
115 656
115 1064
115 1397
115 1621
115 1829
116 675
116 1337
116 1394
116 1401
116 1542
116 1785
116 1790
116 1901
117 167
117 578
117 752
117 879
117 1077
117 1137
117 1388
117 1513
118 157
118 158
118 282
118 646
118 657
118 1123
118 1305
118 1565
118 1742
118 1758
118 1968
119 198
119 304
119 564
119 675
119 757
119 864
119 985
119 1204
119 1584
119 1730
120 244
120 541
120 594
120 1197
120 1296
120 1655
120 1685
120 1820
121 153
121 195
121 347
121 700
121 1220
121 1404
121 1407
122 408
122 415
122 1017
122 1346
122 1788
123 195
123 558
123 1292
123 1639
123 1717
123 1950
123 1978
123 1981
124 261
124 355
124 453
124 526
124 706
124 800
124 941
124 1172
124 1780
124 1828
124 1933
124 1941
125 165
125 281
125 532
125 725
125 829
125 936
125 1278
125 1476
125 1697
125 1778
126 171
126 610
126 844
126 958
126 984
126 1011
126 1484
126 1729
127 127
127 199
127 272
127 533
127 625
127 680
127 968
127 1421
128 336
128 428
128 437
128 889
128 1333
128 1434
128 1564
128 1815
128 1859
128 1999
129 660
129 733
129 886
129 887
129 897
129 1063
129 1536
129 1552
129 1730
130 742
130 843
130 1248
130 1442
130 1593
130 1926
130 1956
131 323
131 330
131 482
131 700
131 889
131 946
131 1193
131 1444
131 1713
132 214
132 355
132 801
132 1127
132 1226
132 1573
132 1729
132 1735
133 269
133 431
133 472
133 634
133 681
133 1329
133 1505
133 1784
134 697
134 1195
134 1347
134 1512
134 1545
134 1663
134 1903
134 1989
135 297
135 327
135 948
135 1430
135 1459
136 227
136 457
136 572
136 888
136 1087
136 1144
136 1278
136 1295
136 1586
136 1605
136 1903
137 149
137 190
137 350
137 367
137 453
137 461
137 1156
137 1200
137 1332
137 1365
137 1607
137 1990
138 140
138 429
138 546
138 676
138 1032
138 1099
138 1332
138 1471
138 1585
138 1898
139 167
139 266
139 528
139 639
139 997
139 1217
139 1331
139 1379
139 1975
139 1996
140 363
140 417
140 574
140 789
140 913
140 1192
140 1335
140 1666
140 1750
140 1916
140 1942
141 147
141 220
141 387
141 424
141 945
141 955
141 1370
141 1617
141 1775
141 1809
141 1857
142 211
142 523
142 999
142 1008
142 1803
142 1963
143 159
143 278
143 986
143 994
143 1253
143 1394
143 1882
144 442
144 522
144 585
144 747
144 866
144 892
144 986
144 1188
144 1242
144 1357
144 1486
144 1560
144 1695
144 1715
145 181
145 502
145 762
145 993
145 1075
145 1614
145 1731
145 1959
146 221
146 532
146 1511
146 1587
146 1773
146 1790
147 242
147 668
147 810
147 862
147 929
147 1041
147 1055
147 1065
147 1073
147 1558
147 1614
147 1651
147 1991
148 335
148 1080
148 1146
148 1542
148 1900
149 217
149 261
149 293
149 550
149 577
149 606
149 719
149 792
149 840
149 850
149 942
149 962
149 1352
149 1461
149 1667
149 1728
149 1844
150 245
150 321
150 339
150 563
150 744
150 761
150 860
150 1477
150 1523
150 1526
150 1568
150 1744
150 1781
150 1802
150 1998
151 238
151 251
151 279
151 282
151 456
151 603
151 1204
151 1387
151 1465
151 1520
151 1526
151 1716
151 1744
151 1747
151 1935
152 356
152 371
152 442
152 478
152 1394
152 1420
152 1627
152 1680
152 1783
152 1834
153 369
153 750
153 1073
153 1281
153 1485
153 1698
154 343
154 636
154 990
154 1285
154 1443
154 1508
154 1769
154 1804
155 521
155 743
155 1074
155 1289
155 1297
155 1925
156 222
156 251
156 359
156 484
156 541
156 585
156 698
156 1112
156 1204
156 1671
156 1885
156 1912
157 234
157 359
157 619
157 1532
157 1718
157 1842
157 1900
157 1983
158 530
158 593
158 965
158 1155
158 1174
158 1281
158 1459
158 1706
158 1858
159 462
159 514
159 548
159 741
159 1059
159 1401
159 1511
159 1596
159 1800
159 1909
160 306
160 470
160 717
160 1040
160 1127
160 1588
160 1671
160 1692
160 1762
160 1927
161 337
161 444
161 711
161 857
161 1160
161 1260
161 1301
161 1586
161 1746
161 1774
161 1777
161 1804
162 582
162 899
162 1058
162 1234
162 1516
162 1622
162 1832
163 630
163 710
163 785
163 870
163 1278
163 1353
163 1599
163 1743
163 1818
163 1940
164 457
164 1750
164 1920
164 1924
165 264
165 403
165 479
165 1304
165 1346
165 1354
165 1571
165 1861
165 1916
165 1990
166 237
166 522
166 637
166 682
166 781
166 903
166 1291
166 1745
166 1834
166 1966
167 374
167 417
167 573
167 937
167 985
167 1561
167 1633
167 1799
167 1966
168 413
168 592
168 1266
168 1376
168 1805
168 1900
169 298
169 522
169 534
169 960
169 989
169 1063
169 1344
169 1453
169 1626
169 1694
169 1901
170 331
170 373
170 398
170 419
170 557
170 701
170 992
170 1242
170 1260
170 1282
170 1325
170 1580
170 1664
171 198
171 443
171 476
171 511
171 545
171 1335
171 1406
171 1444
171 1470
171 1995
172 188
172 278
172 435
172 445
172 501
172 576
172 761
172 1004
172 1073
172 1259
172 1510
172 1781
172 1832
172 1973
172 1976
173 245
173 366
173 497
173 565
173 1257
173 1262
173 1286
173 1303
173 1383
173 1399
173 1758
174 354
174 363
174 806
174 1492
174 1759
174 1784
174 1874
174 1900
175 205
175 564
175 578
175 641
175 663
175 815
175 832
175 928
175 970
175 1077
175 1138
175 1314
175 1494
175 1564
175 1997
176 234
176 345
176 512
176 714
176 733
176 735
176 1066
176 1117
176 1469
176 1581
176 1885
177 267
177 325
177 656
177 1230
177 1432
177 1493
177 1498
177 1562
177 1655
177 1706
177 1867
178 283
178 440
178 946
178 1174
178 1175
178 1306
178 1449
178 1589
179 272
179 412
179 586
179 1114
179 1337
179 1967
180 305
180 320
180 366
180 384
180 604
180 855
180 875
180 923
180 984
180 1009
180 1105
180 1492
180 1719
180 1902
181 223
181 460
181 470
181 504
181 513
181 872
181 999
181 1527
181 1536
182 185
182 541
182 734
182 774
182 823
182 1318
182 1404
182 1427
182 1437
182 1632
182 1838
182 1938
182 1963
183 256
183 335
183 521
183 1529
183 1927
184 200
184 213
184 231
184 297
184 544
184 797
184 939
184 1267
184 1287
184 1319
184 1381
184 1641
184 1653
184 1751
184 1861
185 477
185 495
185 820
185 1055
185 1119
185 1791
185 1908
186 569
186 626
186 659
186 774
186 996
186 1106
186 1397
186 1626
186 1786
187 275
187 506
187 529
187 597
187 876
187 978
187 1044
187 1220
187 1331
187 1516
187 1782
187 1792
188 691
188 720
188 1404
188 1538
188 1951
189 466
189 615
189 747
189 842
189 897
189 954
189 1217
189 1221
189 1518
189 1596
189 1673
189 1749
190 452
190 749
190 1043
190 1071
190 1087
190 1473
190 1639
190 1740
190 1795
190 1812
191 201
191 216
191 401
191 673
191 832
191 1192
191 1204
191 1276
191 1615
191 1682
191 1948
191 1964
192 407
192 894
192 1159
192 1512
192 1589
192 1640
192 1969
193 242
193 281
193 489
193 1247
193 1371
193 1444
193 1854
194 233
194 281
194 478
194 489
194 523
194 1106
194 1129
194 1176
194 1179
194 1337
194 1356
194 1494
194 1793
194 1841
194 1890
195 395
195 608
195 609
195 817
195 1065
195 1155
195 1172
195 1320
195 1497
195 1764
196 399
196 636
196 790
196 864
196 1139
196 1199
196 1269
196 1474
196 1561
196 1693
196 1731
197 425
197 769
197 926
197 1032
197 1264
197 1420
197 1535
197 1655
197 1899
198 280
198 746
198 1113
198 1185
198 1413
198 1415
198 1767
199 244
199 425
199 570
199 678
199 698
199 737
199 902
199 909
199 988
199 1297
199 1585
199 1670
199 1928
200 456
200 1198
200 1543
201 741
201 797
201 879
201 1056
201 1889
201 1986
202 1156
202 1276
202 1291
202 1913
202 1935
203 452
203 730
203 924
203 1333
203 1361
203 1364
203 1517
203 1861
203 1893
204 550
204 602
204 961
204 1164
204 1316
204 1393
204 1590
204 1652
204 1829
205 206
205 428
205 603
205 638
205 688
205 725
205 1119
205 1579
205 1650
205 1993
206 317
206 441
206 454
206 669
206 803
206 1209
206 1316
206 1398
206 1477
206 1803
206 1825
207 537
207 704
207 832
207 840
207 937
207 1614
208 1739
208 1810
209 550
209 1481
209 1666
209 1816
209 1833
209 1878
209 1924
210 294
210 455
210 487
210 789
210 1144
210 1242
210 1402
210 1839
210 1867
210 1870
211 266
211 521
211 978
211 1042
211 1777
212 433
212 453
212 512
212 580
212 660
212 767
212 869
212 882
212 956
212 1158
212 1434
212 1774
212 1923
212 1942
213 428
213 462
213 1187
213 1230
213 1539
213 1745
213 1806
214 328
214 346
214 448
214 659
214 796
214 803
214 1172
214 1265
214 1364
214 1384
214 1518
214 1630
214 1860
215 613
215 877
215 1355
215 1819
216 254
216 957
216 1028
216 1120
216 1231
216 1393
216 1655
216 1835
216 1984
217 955
217 1079
217 1080
217 1200
217 1504
217 1684
217 1775
217 1873
218 292
218 476
218 921
218 1038
218 1614
218 1967
219 341
219 596
219 666
219 803
219 965
219 979
219 1272
219 1499
219 1750
219 1782
219 1990
220 722
220 733
220 946
220 1042
220 1095
220 1403
220 1637
220 1758
220 1795
221 455
221 463
221 714
221 727
221 787
221 1335
221 1581
221 1612
221 1639
221 1669
222 226
222 524
222 742
222 750
222 858
222 864
222 1429
222 1698
222 1753
222 1915
222 1920
222 1995
223 258
223 276
223 624
223 798
223 873
223 1171
223 1702
224 366
224 425
224 435
224 454
224 472
224 872
224 1248
224 1524
224 1618
224 1979
225 311
225 440
225 679
225 1204
225 1285
225 1775
225 1957
226 498
226 548
226 622
226 1030
226 1365
226 1505
226 1534
226 1757
227 278
227 321
227 540
227 605
227 618
227 1757
227 1769
227 1965
228 404
228 476
228 992
228 1900
228 1917
229 857
229 1015
229 1277
229 1286
229 1313
229 1381
229 1407
229 1693
229 1780
229 1979
230 330
230 402
230 866
230 969
230 998
230 1024
230 1026
230 1194
230 1242
230 1246
230 1318
230 1452
230 1711
230 1907
230 1939
231 627
231 998
231 1407
231 1450
231 1469
231 1667
232 292
232 643
232 959
232 1001
232 1233
232 1492
233 254
233 295
233 369
233 381
233 440
233 521
233 621
233 703
233 980
233 1033
233 1038
233 1582
233 1805
233 1858
233 1892
234 327
234 923
234 1288
234 1442
234 1552
234 1588
235 1102
235 1144
235 1453
235 1576
235 1851
235 1905
236 264
236 437
236 469
236 578
236 1144
236 1164
236 1590
236 1673
237 250
237 352
237 420
237 608
237 1120
237 1180
237 1924
237 1946
238 282
238 317
238 718
238 755
238 827
238 1507
238 1573
238 1688
238 1809
239 426
239 532
239 941
239 1096
239 1190
239 1375
239 1391
239 1427
239 1519
239 1594
240 310
240 513
240 575
240 713
240 790
240 1238
240 1294
240 1586
240 1607
241 419
241 481
241 583
241 623
241 717
241 907
241 1337
241 1548
241 1805
242 817
242 894
242 1024
242 1064
242 1235
242 1280
242 1360
242 1408
242 1421
242 1433
242 1527
243 257
243 358
243 529
243 640
243 726
243 976
243 1432
243 1480
243 1776
243 1849
244 344
244 743
244 787
244 1074
244 1218
244 1257
244 1289
244 1474
244 1533
244 1572
244 1785
244 1897
244 1921
244 1985
245 461
245 760
245 840
245 890
245 1080
245 1163
245 1919
246 550
246 662
246 893
246 1448
246 1496
246 1688
246 1910
247 254
247 464
247 1371
247 1480
247 1728
247 1882
248 276
248 512
248 733
248 1008
248 1107
248 1203
248 1330
248 1477
248 1493
248 1558
248 1961
249 739
249 1330
249 1508
249 1558
250 270
250 272
250 593
250 1142
250 1477
250 1681
250 1938
251 510
251 555
251 589
251 778
251 780
251 943
251 1408
251 1413
251 1518
251 1612
251 1949
252 262
252 274
252 438
252 827
252 945
252 1186
252 1254
252 1663
252 1690
252 1732
252 1740
253 433
253 477
253 590
253 614
253 706
253 837
253 984
253 1179
253 1825
254 376
254 560
254 978
254 1034
254 1159
254 1608
254 1829
254 1852
254 1970
255 451
255 1505
255 1597
255 1656
255 1681
255 1690
255 1789
255 1847
256 604
256 1366
256 1466
256 1489
256 1752
256 1905
257 267
257 320
257 480
257 1057
257 1129
257 1158
257 1372
257 1469
257 1472
257 1642
257 1847
258 325
258 376
258 433
258 476
258 494
258 560
258 914
258 1003
258 1180
258 1402
258 1779
258 1888
259 264
259 279
259 317
259 364
259 621
259 675
259 848
259 958
259 1224
259 1653
259 1660
259 1936
260 271
260 856
260 952
260 1089
260 1102
260 1395
260 1431
260 1504
260 1553
260 1617
260 1671
260 1760
260 1815
261 392
261 479
261 608
261 624
261 852
261 1215
261 1219
261 1690
261 1763
262 794
262 995
262 1197
262 1257
262 1367
262 1494
262 1609
262 1900
263 594
263 1003
263 1227
263 1246
263 1252
263 1533
263 1682
263 1947
264 375
264 673
264 683
264 756
264 862
264 913
264 1290
264 1816
265 426
265 524
265 645
265 672
265 754
265 1255
265 1880
265 1961
266 566
266 611
266 849
266 1077
266 1886
266 1937
267 583
267 872
267 983
267 1001
267 1072
267 1361
267 1893
267 1917
267 1924
267 1966
267 1993
268 276
268 297
268 313
268 466
268 745
268 983
268 1048
268 1084
268 1992
269 898
269 1218
269 1269
269 1470
269 1634
269 1893
269 1908
269 1928
270 277
270 280
270 364
270 377
270 418
270 834
270 838
270 993
270 1081
270 1229
270 1310
270 1311
270 1560
271 286
271 397
271 470
271 625
271 783
271 848
271 1575
272 345
272 388
272 493
272 668
272 952
272 1090
272 1128
272 1186
272 1355
272 1445
272 1456
272 1557
272 1731
272 1754
272 1941
273 330
273 744
273 913
273 954
273 1005
273 1119
273 1397
273 1546
273 1640
273 1794
273 1897
274 506
274 831
274 1096
274 1301
274 1583
275 282
275 296
275 454
275 610
275 1560
275 1757
275 1759
276 664
276 1308
276 1587
276 1760
277 469
277 502
277 582
277 831
277 849
277 898
277 1658
277 1678
277 1790
278 348
278 1308
278 1612
278 1657
278 1666
278 1882
278 1973
279 445
279 471
279 533
279 617
279 702
279 1000
279 1028
279 1171
279 1562
279 1758
279 1787
280 783
280 1084
280 1090
280 1264
280 1643
280 1735
280 1775
280 1787
280 1992
281 519
281 595
281 657
281 1215
281 1372
281 1989
282 361
282 578
282 804
282 888
282 969
282 1199
282 1351
282 1414
282 1669
282 1744
282 1885
283 586
283 731
283 743
283 1490
283 1621
283 1921
284 332
284 624
284 731
284 747
284 1038
284 1206
284 1505
284 1509
284 1564
284 1724
285 542
285 653
285 774
285 920
285 1146
285 1701
285 1821
285 1942
286 332
286 351
286 873
286 877
286 920
286 1001
286 1056
286 1704
287 684
287 1072
287 1168
287 1172
287 1792
287 1819
287 1921
288 784
288 1125
288 1387
289 395
289 633
289 901
289 961
289 1046
289 1360
289 1599
289 1842
290 595
290 629
290 941
290 1215
290 1457
290 1633
290 1705
290 1796
290 1898
291 320
291 483
291 833
291 901
291 931
291 1174
291 1760
291 1910
291 1955
292 845
292 1083
292 1224
292 1500
292 1791
293 340
293 542
293 614
293 934
293 954
293 1130
293 1772
294 339
294 381
294 396
294 642
294 777
294 794
294 840
294 1160
294 1180
294 1323
294 1580
294 1871
294 1958
295 421
295 423
296 364
296 583
296 864
296 929
296 1405
296 1587
296 1714
296 1765
297 534
297 567
297 1054
297 1450
297 1781
297 1811
298 310
298 376
298 399
298 527
298 830
298 881
298 1052
298 1259
298 1586
299 563
299 568
299 671
299 720
299 808
299 1045
299 1173
299 1263
299 1612
300 472
300 1187
300 1212
300 1235
300 1267
300 1396
300 1690
300 1699
300 1706
300 1950
301 564
301 606
301 635
301 710
301 712
301 913
301 1065
301 1115
301 1187
301 1223
301 1834
302 305
302 958
302 1093
302 1096
302 1466
302 1564
302 1575
302 1614
302 1669
303 469
303 531
303 760
303 787
303 1440
303 1915
304 426
304 994
304 1104
304 1412
304 1586
304 1621
304 1848
305 358
305 477
305 555
305 597
305 945
305 1257
305 1423
305 1539
305 1557
305 1796
305 1961
306 438
306 766
306 769
306 934
306 1173
306 1456
306 1610
307 337
307 363
307 400
307 447
307 480
307 722
307 746
307 927
307 989
307 1265
307 1447
307 1700
307 1947
308 854
308 930
308 1246
308 1319
308 1454
308 1472
308 1517
308 1580
308 1992
308 1997
309 393
309 620
309 868
309 1096
309 1687
309 1770
310 608
310 787
310 923
310 1590
311 321
311 401
311 919
311 1159
311 1230
311 1336
311 1691
311 1708
312 841
312 1115
312 1316
312 1849
313 625
313 708
313 1172
313 1220
313 1278
313 1375
313 1457
313 1669
313 1683
313 1764
314 810
314 1111
314 1319
314 1457
314 1510
314 1550
314 1745
314 1872
315 404
315 917
315 1095
315 1291
315 1550
315 1577
315 1781
315 1843
316 575
316 659
316 902
316 1588
316 1690
317 364
317 564
317 739
317 812
317 1418
317 1505
317 1642
317 1832
317 1966
318 439
318 578
318 767
318 814
318 907
318 1394
318 1890
319 563
319 796
319 1194
319 1686
319 1689
319 1759
320 412
320 433
321 635
321 1011
321 1084
321 1160
321 1197
321 1236
321 1398
321 1411
321 1807
321 1946
322 547
322 902
322 1047
322 1512
322 1751
322 1778
323 440
323 555
323 558
323 805
323 1006
323 1449
323 1560
323 1719
324 394
324 414
324 721
324 754
324 1071
324 1606
324 1727
324 1979
325 544
325 1076
325 1372
325 1400
325 1403
325 1526
325 1640
325 1650
325 1771
325 1883
326 454
326 465
326 1148
326 1380
326 1585
326 1730
326 1853
327 329
327 442
327 519
327 689
327 813
327 972
327 1370
327 1477
327 1673
327 1830
327 1849
328 835
328 851
328 901
328 1115
328 1147
328 1160
328 1609
329 516
329 807
329 1033
329 1077
329 1114
329 1123
329 1142
329 1688
329 1799
329 1804
329 1882
330 410
330 944
330 1040
330 1105
330 1512
330 1571
330 1622
330 1901
331 733
331 751
331 758
331 809
331 1318
331 1351
331 1400
331 1686
331 1731
331 1960
332 539
332 989
332 1066
332 1128
332 1155
332 1164
332 1516
332 1894
332 1913
333 1097
333 1726
333 1745
334 341
334 387
334 738
334 968
334 1271
334 1331
334 1385
334 1456
334 1873
334 1992
335 702
335 1268
335 1383
335 1486
336 460
336 777
336 890
336 994
336 1019
336 1069
336 1297
336 1365
336 1745
336 1772
336 1914
337 622
337 752
337 1332
337 1686
337 1872
337 1990
337 1995
338 618
338 695
338 1065
338 1834
339 385
339 535
339 690
339 1357
339 1600
339 1658
339 1679
339 1685
339 1715
340 686
340 691
340 755
340 925
340 1061
340 1974
341 758
341 879
341 910
341 955
341 1009
341 1182
341 1183
341 1416
341 1570
341 1579
341 1635
341 1955
341 1985
342 565
342 837
342 896
342 1199
342 1345
342 1357
342 1551
342 1829
343 421
343 642
343 1060
343 1063
343 1465
343 1561
343 1697
343 1838
344 458
344 508
344 541
344 593
344 600
344 722
344 956
344 1146
344 1255
344 1360
344 1739
344 1876
345 413
345 474
345 747
345 1427
345 1678
345 1696
345 1717
345 1749
345 1772
346 641
346 708
346 806
346 1093
346 1292
346 1499
346 1541
346 1641
347 368
347 534
347 752
347 842
347 854
347 887
347 947
347 1017
347 1309
347 1450
347 1906
347 1943
348 580
348 889
348 1019
348 1317
348 1426
348 1674
348 1685
348 1956
349 932
349 977
349 1500
349 1610
350 385
350 434
350 929
350 1062
350 1947
351 355
351 419
351 487
351 983
351 998
351 1153
351 1672
351 1707
351 1998
352 386
352 418
352 424
352 436
352 535
352 673
352 769
352 1374
352 1514
352 1564
352 1784
353 463
353 561
353 633
353 649
353 957
353 1080
353 1095
353 1213
353 1400
353 1601
353 1683
353 1696
353 1884
353 1885
354 562
354 812
354 824
354 825
354 899
354 978
354 1038
354 1155
354 1223
354 1226
354 1494
354 1740
354 1839
355 561
355 563
355 827
355 1055
355 1088
355 1092
355 1278
355 1638
356 442
356 444
356 779
356 803
356 909
356 1154
356 1441
356 1516
356 1864
356 1910
357 630
357 1365
357 1395
357 1704
358 605
358 763
358 820
358 866
358 908
358 1270
358 1604
358 1616
359 383
359 919
359 1317
359 1563
359 1588
359 1605
359 1662
359 1765
359 1772
359 1790
359 1892
359 1971
360 387
360 413
360 794
360 937
360 1050
360 1065
360 1421
360 1700
360 1772
361 455
361 624
361 651
361 830
361 967
361 1274
361 1285
361 1388
361 1438
361 1531
361 1742
361 1901
361 1906
361 1967
362 563
362 937
362 1116
362 1384
362 1432
362 1783
362 1839
362 1843
362 1867
362 1870
363 466
363 544
363 689
363 874
363 1001
363 1116
363 1213
363 1295
363 1657
363 1912
363 1935
364 448
364 501
364 525
364 620
364 740
364 920
364 1105
364 1141
364 1398
364 1494
364 1534
364 1641
364 1705
364 1823
364 1864
364 1871
365 809
365 919
365 1336
365 1384
365 1768
365 1812
365 1822
365 1979
365 1984
366 520
366 659
366 690
366 1668
367 608
367 654
367 876
367 1258
367 1317
367 1827
368 455
368 1032
368 1235
368 1243
368 1248
369 452
369 505
369 825
369 1735
369 1809
369 1821
370 552
370 595
370 616
370 814
370 1056
370 1063
370 1252
370 1287
370 1396
370 1409
370 1416
370 1712
370 1847
370 1848
371 662
371 746
371 1191
371 1225
371 1509
371 1576
372 815
372 1038
372 1652
372 1685
372 1896
373 525
373 1098
373 1665
373 1751
373 1765
374 911
374 1177
374 1514
374 1714
375 531
375 988
375 1087
375 1135
375 1277
375 1311
375 1460
375 1518
375 1522
375 1816
376 728
376 952
376 986
376 1253
376 1464
376 1527
376 1619
376 1849
377 515
377 933
377 1217
377 1733
377 1755
377 1827
377 1847
378 947
378 1106
378 1325
378 1414
378 1512
378 1562
378 1578
378 1623
378 1980
379 518
379 652
379 757
379 821
379 996
379 1094
379 1235
379 1370
380 410
380 478
380 606
380 613
380 617
380 677
380 778
380 795
380 873
380 1039
380 1090
380 1549
380 1911
381 401
381 535
381 754
381 1193
381 1291
381 1316
381 1588
381 1964
382 459
382 642
382 860
382 1092
382 1103
382 1218
382 1303
382 1571
383 395
383 579
383 630
383 857
383 890
383 1425
383 1627
383 1780
383 1818
383 1903
384 1318
384 1432
384 1595
384 1870
384 1931
385 628
385 837
385 1120
385 1225
385 1450
385 1581
385 1902
385 1956
386 424
386 466
386 503
386 541
386 592
386 601
386 929
386 1121
386 1295
386 1504
386 1557
386 1665
386 1754
386 1877
386 1913
387 559
387 587
387 590
387 612
387 1033
387 1099
387 1185
387 1384
387 1549
387 1609
387 1847
387 1994
388 943
389 552
389 780
389 788
389 1270
389 1438
389 1618
389 1738
389 1923
389 1925
389 1973
390 1436
390 1465
390 1664
390 1780
390 1928
391 397
391 589
391 606
391 1132
391 1141
391 1335
391 1677
391 1909
392 782
392 805
392 888
392 1172
392 1402
392 1592
392 1715
392 1897
393 871
393 1155
393 1166
393 1310
393 1365
394 617
394 688
394 933
394 943
394 1136
394 1580
394 1621
394 1640
394 1731
395 497
395 781
395 1356
395 1398
395 1463
395 1624
395 1757
395 1877
395 1916
396 507
396 734
396 964
396 1275
396 1615
396 1805
397 565
397 582
397 695
397 945
397 956
397 1632
397 1927
398 518
398 540
398 786
398 954
398 1048
398 1175
398 1765
398 1888
398 1933
398 1973
399 432
399 981
399 1233
399 1646
399 1743
399 1758
399 1843
399 1974
400 546
400 585
400 719
400 924
400 1077
400 1118
400 1174
400 1192
400 1257
400 1342
400 1940
401 467
401 680
401 1145
401 1565
401 1690
401 1965
402 449
402 648
402 671
402 692
402 1338
402 1380
403 407
403 667
403 674
403 703
403 1238
403 1323
403 1943
404 584
404 1329
404 1443
404 1675
404 1683
404 1695
404 1741
405 581
405 957
405 1122
405 1165
405 1333
405 1348
405 1436
405 1452
405 1818
405 1945
406 544
406 616
406 798
406 923
406 1055
406 1242
406 1254
406 1326
406 1429
406 1543
406 1802
407 417
407 614
407 655
407 661
407 842
407 965
407 981
407 1025
407 1206
407 1529
407 1647
407 1738
407 1932
408 480
408 631
408 764
408 835
408 1106
408 1172
408 1416
408 1430
408 1624
408 1915
408 1946
409 535
409 600
409 848
409 896
409 1084
409 1706
410 818
410 1032
410 1041
410 1665
410 1687
410 1874
410 1878
411 557
411 851
411 1847
411 1869
412 587
412 815
412 988
412 994
412 1281
412 1553
412 1870
413 1115
413 1273
413 1356
413 1380
413 1405
413 1481
413 1504
413 1998
414 484
414 896
414 973
414 1064
414 1091
414 1110
414 1647
414 1715
415 797
415 893
415 962
415 1152
415 1779
415 1816
415 1985
416 733
416 786
416 847
416 1151
416 1203
416 1392
416 1733
416 1945
416 1969
417 792
417 849
417 1187
417 1222
417 1424
417 1658
417 1816
417 1962
417 1984
418 544
418 765
418 889
418 1270
418 1410
418 1654
418 1760
419 506
419 539
419 556
419 615
419 912
419 1009
419 1482
419 1567
419 1631
419 1804
420 497
420 877
420 886
420 1126
420 1551
420 1580
420 1648
420 1762
420 1854
421 1058
421 1079
421 1449
421 1668
421 1905
422 428
422 521
422 594
422 896
422 913
422 1061
422 1176
422 1779
423 496
423 509
423 693
423 846
423 1499
424 499
424 526
424 876
424 964
424 1123
424 1160
424 1663
424 1723
425 810
425 813
425 1214
425 1319
425 1501
425 1559
425 1694
426 456
426 488
426 1295
426 1363
426 1466
426 1899
426 1927
426 1930
426 1957
426 1992
427 1210
427 1296
427 1441
427 1591
427 1766
427 1936
428 539
428 552
428 585
428 607
428 1017
428 1215
428 1348
428 1723
428 1901
429 669
429 851
429 990
429 1231
429 1344
429 1674
429 1712
429 1824
430 958
430 1315
430 1745
430 1792
430 1837
430 1991
431 478
431 644
431 1427
431 1715
431 1723
431 1819
432 506
432 661
432 748
432 881
432 922
432 941
432 1335
432 1352
432 1413
432 1859
433 642
433 666
433 952
433 1265
433 1275
433 1665
433 1765
434 650
434 985
434 1103
434 1116
434 1139
434 1198
434 1409
434 1707
434 1822
434 1829
435 440
435 1143
435 1399
435 1422
436 465
436 688
436 756
436 870
436 915
436 938
436 1264
436 1350
436 1468
436 1561
436 1581
436 1800
437 463
437 483
437 989
437 1037
437 1156
437 1214
437 1484
437 1676
438 639
438 984
438 1054
438 1256
438 1474
438 1495
438 1594
438 1640
438 1925
439 935
439 1089
439 1201
439 1313
439 1363
439 1427
439 1901
440 631
440 774
440 834
440 1254
441 448
441 490
441 761
441 860
441 951
441 1078
441 1105
441 1292
441 1408
441 1678
442 454
442 608
442 842
442 846
442 1219
442 1889
442 1948
442 1994
443 623
443 648
443 903
443 905
443 971
443 1526
443 1976
444 460
444 570
444 594
444 633
444 638
444 652
444 686
444 721
444 793
444 848
444 1126
444 1503
444 1803
444 1881
444 1904
444 1973
445 546
445 852
445 1233
445 1287
445 1452
445 1489
445 1610
445 1678
445 1941
446 758
446 1188
446 1364
446 1458
446 1537
447 564
447 665
447 687
447 1526
447 1719
447 1829
448 526
448 623
448 789
448 1027
448 1155
448 1277
448 1362
448 1548
448 1822
448 1907
449 512
449 614
449 750
449 983
449 1833
450 514
450 702
450 834
450 1304
450 1518
450 1571
450 1913
451 539
451 595
451 872
451 917
451 1369
451 1929
451 1947
452 547
452 830
452 841
452 1029
452 1151
452 1326
452 1352
452 1381
452 1716
453 719
453 836
453 940
453 1307
453 1694
453 1758
453 1920
454 1123
454 1160
454 1431
454 1514
454 1764
454 1942
454 1988
455 729
455 737
455 989
455 1013
455 1031
455 1326
455 1370
455 1422
455 1601
455 1698
455 1704
455 1941
456 779
456 1513
457 671
457 717
457 795
457 897
457 1080
457 1227
457 1415
457 1501
457 1520
457 1700
457 1738
457 1838
457 1842
457 1853
457 1952
458 533
458 579
458 661
458 777
458 836
458 1308
458 1610
458 1678
458 1703
458 1914
459 493
459 905
459 1024
459 1191
459 1340
459 1379
459 1740
460 641
460 814
460 836
460 977
460 1236
460 1668
461 488
461 812
461 880
461 1263
461 1270
461 1521
461 1547
461 1716
462 533
462 558
462 920
462 932
462 1347
462 1380
462 1532
462 1589
462 1765
463 464
463 737
463 820
463 911
463 960
463 1191
463 1544
463 1891
463 1932
463 1961
464 634
464 704
464 745
464 1248
464 1316
464 1335
464 1605
464 1811
464 1835
464 1928
464 1958
465 545
465 1952
465 1961
466 548
466 675
466 1566
466 1586
466 1722
466 1737
467 650
467 904
467 1083
467 1404
467 1585
467 1621
467 1839
467 1936
467 1999
468 521
468 695
468 988
468 1005
468 1134
468 1165
468 1466
468 1584
468 1888
469 585
469 857
469 945
469 984
469 1124
469 1262
469 1266
469 1480
469 1517
469 1675
469 1788
469 1796
469 1821
469 1851
469 1885
469 1933
469 1941
470 697
470 787
470 1696
470 1801
471 546
471 741
471 766
471 1296
471 1387
471 1388
471 1871
471 1947
471 1975
471 1983
472 811
472 845
472 927
472 997
472 1026
472 1164
472 1378
472 1385
472 1771
473 749
473 865
473 877
473 949
473 1148
473 1197
473 1500
473 1739
474 555
474 664
474 1135
474 1340
474 1413
474 1754
474 1937
474 1949
475 699
475 970
475 1164
475 1472
475 1484
476 1010
476 1224
476 1410
476 1657
476 1696
476 1733
476 1944
477 743
477 896
477 1414
478 512
478 852
478 888
478 1086
478 1125
478 1127
478 1417
478 1511
478 1589
478 1991
479 484
479 848
479 987
479 1074
479 1378
479 1535
479 1587
480 1034
480 1092
480 1390
480 1594
480 1670
480 1873
480 1981
481 600
481 866
481 974
481 1346
481 1404
481 1530
481 1730
481 1984
482 493
482 688
482 737
482 1034
482 1219
482 1302
482 1721
483 602
483 609
483 614
483 646
483 1187
483 1821
483 1994
484 556
484 987
484 1128
484 1170
484 1301
484 1472
484 1552
484 1843
485 654
485 809
485 1248
485 1392
485 1471
485 1593
485 1633
485 1687
485 1695
485 1860
486 563
486 580
486 596
486 747
486 803
486 808
486 1295
486 1368
486 1718
486 1722
486 1743
486 1754
486 1781
487 1048
487 1221
487 1301
487 1303
487 1307
487 1426
487 1694
487 1838
488 926
488 1066
488 1457
488 1608
488 1613
488 1693
488 1910
488 1920
488 1969
489 522
489 653
489 716
489 758
489 1110
489 1985
490 645
490 1152
490 1162
490 1172
490 1498
490 1548
490 1575
490 1658
490 1802
490 1867
490 1919
491 528
491 588
491 767
491 866
491 887
491 1466
491 1731
491 1760
492 542
492 614
492 1031
492 1051
492 1125
492 1193
492 1335
493 785
493 1202
493 1405
493 1481
494 655
494 1125
494 1250
494 1612
494 1680
494 1762
494 1865
494 1957
495 954
495 976
495 1422
495 1479
495 1606
495 1847
495 1906
496 1079
496 1776
497 504
497 1120
497 1281
497 1348
497 1887
498 911
498 1180
498 1214
498 1433
498 1501
498 1741
498 1935
499 808
499 854
499 1008
499 1710
499 1803
499 1940
500 705
500 729
500 757
500 954
500 959
500 1171
500 1264
500 1499
500 1787
500 1927
501 1365
501 1537
501 1871
502 538
502 736
502 857
502 921
502 1139
502 1325
502 1919
502 1977
503 962
503 1645
503 1808
504 656
504 757
504 1478
504 1526
504 1724
504 1778
504 1913
505 673
505 802
505 995
505 1310
505 1488
506 515
506 747
506 1121
506 1290
506 1530
506 1613
506 1626
506 1753
506 1986
507 533
507 578
507 656
507 731
507 752
507 1298
507 1591
507 1733
507 1861
507 1969
508 553
508 1578
508 1912
509 575
509 655
509 1092
509 1412
509 1479
509 1800
509 1888
510 790
510 963
510 1028
510 1383
510 1704
510 1778
510 1801
510 1849
510 1879
510 1927
511 696
511 941
511 1033
511 1092
511 1368
511 1412
511 1587
511 1697
511 1823
511 1921
512 650
512 992
512 1031
512 1312
512 1489
512 1624
512 1906
512 1919
513 549
513 588
513 815
513 1541
513 1684
513 1784
514 535
514 537
514 1059
514 1370
514 1452
514 1557
514 1597
515 708
515 877
515 929
515 1152
515 1348
515 1385
515 1411
515 1489
515 1927
516 956
516 997
516 1081
516 1752
517 913
517 951
517 1010
517 1019
517 1470
517 1777
518 682
518 864
518 880
518 1215
518 1248
518 1425
518 1457
518 1552
518 1686
518 1772
519 586
519 626
519 664
519 680
519 764
519 888
519 1094
519 1182
519 1521
519 1724
520 1116
520 1278
520 1415
520 1427
520 1428
520 1769
520 1807
521 690
521 784
521 963
521 1193
521 1458
521 1561
521 1810
521 1930
522 772
522 813
522 1272
522 1643
522 1769
522 1865
522 1942
523 702
523 1051
523 1056
523 1075
523 1552
523 1561
523 1907
523 1955
524 586
524 849
524 888
524 1354
524 1397
524 1424
524 1434
524 1824
525 757
525 1467
525 1947
526 690
526 834
526 852
526 1381
526 1394
526 1934
527 755
527 946
527 1134
527 1219
527 1471
528 727
528 883
528 900
528 1220
528 1603
528 1624
528 1800
529 781
529 1079
529 1117
529 1123
529 1584
529 1774
529 1912
530 1507
530 1541
531 732
531 946
531 966
531 1459
531 1591
531 1618
531 1753
531 1826
532 647
532 741
532 829
532 884
532 1001
532 1277
532 1358
532 1405
532 1506
532 1707
532 1774
532 1978
533 581
533 652
533 1405
533 1477
534 582
534 859
534 916
534 1183
534 1206
534 1256
534 1422
534 1542
534 1629
534 1826
534 1905
535 815
535 839
535 1142
535 1623
535 1883
536 621
536 995
536 1008
536 1167
537 607
538 700
538 812
538 949
538 998
538 1591
538 1949
539 863
539 1079
539 1190
539 1427
539 1476
539 1955
539 1971
540 682
540 803
540 829
540 866
540 998
540 1481
540 1482
540 1765
540 1947
541 682
541 749
541 946
541 1003
541 1304
541 1643
541 1670
541 1749
541 1992
543 915
543 1144
543 1240
543 1380
543 1490
543 1563
544 1083
544 1124
544 1137
544 1232
544 1387
544 1934
545 612
545 623
545 1089
545 1599
545 1780
545 1952
545 1954
546 810
546 823
546 967
546 1160
546 1288
546 1300
546 1474
546 1499
547 574
547 684
547 717
547 756
547 1105
547 1118
547 1330
547 1399
547 1586
547 1908
547 1986
548 1159
548 1273
548 1924
548 1981
549 586
549 833
549 971
549 1097
549 1355
549 1409
550 840
550 1086
550 1090
550 1260
550 1725
550 1769
551 721
551 761
551 763
551 1097
551 1196
551 1632
551 1784
552 943
552 1145
552 1579
552 1693
553 567
553 820
553 862
553 914
553 930
553 1024
553 1061
553 1262
553 1356
553 1684
554 852
554 918
554 1080
554 1083
554 1160
554 1359
554 1553
554 1724
555 820
555 971
555 1263
556 560
556 610
556 792
556 895
556 1023
556 1108
556 1119
556 1264
556 1696
556 1864
557 575
557 798
557 990
557 1258
557 1382
557 1558
557 1896
558 840
558 1063
558 1170
558 1542
558 1745
559 712
559 912
559 1015
559 1153
559 1263
559 1341
559 1468
559 1526
559 1714
559 1721
559 1800
559 1912
560 577
560 583
560 901
560 1203
561 670
561 678
561 690
561 846
561 884
561 1076
561 1173
561 1205
561 1245
561 1310
561 1314
561 1735
561 1884
561 1900
562 1597
562 1663
562 1961
563 719
563 809
563 1206
563 1451
563 1891
564 718
564 1096
564 1123
564 1298
564 1751
565 622
565 733
565 857
565 882
565 1009
565 1017
565 1386
565 1617
566 650
566 795
566 926
566 1043
566 1218
566 1462
566 1574
566 1680
566 1682
567 765
567 1845
567 1935
567 1975
568 794
568 929
568 1414
568 1453
568 1568
568 1645
568 1717
568 1913
568 1938
568 1970
569 657
569 1194
569 1216
570 1228
570 1566
570 1825
571 586
571 765
571 861
571 1005
571 1276
571 1652
571 1804
571 1898
572 592
572 692
572 809
572 904
572 954
572 1547
572 1642
572 1752
572 1797
572 1928
573 614
573 1110
573 1301
573 1401
573 1560
573 1666
574 582
574 667
574 1057
574 1131
574 1700
575 742
575 843
575 929
575 1312
575 1344
576 637
576 724
576 804
576 846
576 939
576 995
576 1040
576 1152
576 1816
576 1887
576 1957
576 1981
577 843
577 920
577 1200
577 1522
578 610
578 652
578 802
578 1104
578 1112
578 1179
578 1608
579 657
579 808
579 915
579 1003
579 1067
579 1376
579 1401
579 1908
580 637
580 973
580 1067
580 1154
580 1274
580 1747
580 1861
580 1874
581 822
581 852
581 1104
581 1133
581 1567
582 874
582 1014
582 1440
582 1750
582 1876
583 674
583 675
583 722
583 814
583 871
583 1258
584 603
584 810
584 1216
584 1489
584 1501
584 1768
584 1793
585 651
585 1364
585 1371
585 1660
585 1777
585 1788
586 659
586 1078
586 1945
587 759
587 873
587 988
587 1244
587 1407
587 1440
587 1724
587 1782
588 1004
588 1076
588 1316
588 1478
588 1847
588 1866
589 591
589 637
589 690
589 912
589 1657
589 1701
589 1926
589 1934
590 1530
591 860
591 943
591 1813
592 726
592 858
592 971
592 993
592 1343
593 638
593 816
593 1032
593 1166
593 1486
593 1516
593 1723
593 1909
594 657
594 743
594 786
594 969
594 1695
594 1934
595 689
595 762
595 780
595 885
595 962
595 1017
595 1548
596 1296
596 1312
596 1463
596 1493
596 1514
596 1661
596 1921
597 736
597 958
597 1467
597 1519
597 1713
597 1796
597 1834
598 665
598 1123
598 1233
598 1384
598 1476
598 1677
598 1859
599 635
599 783
599 1162
599 1214
599 1293
599 1413
599 1571
599 1665
599 1717
599 1954
599 1970
600 994
600 1145
600 1237
600 1363
600 1581
600 1648
600 1673
600 1695
600 1781
600 1943
601 956
601 1005
601 1172
601 1336
602 704
602 1051
602 1114
602 1418
602 1651
602 1673
602 1812
603 1272
603 1292
603 1293
603 1699
603 1748
604 781
604 1011
604 1134
604 1146
604 1387
604 1597
604 1605
605 785
605 1196
605 1866
605 1890
606 607
606 1136
606 1372
606 1373
606 1412
606 1685
606 1827
606 1877
607 856
607 874
607 1261
607 1316
607 1389
607 1759
608 640
608 737
608 994
608 1011
608 1051
608 1189
608 1315
609 1019
609 1255
609 1290
609 1386
609 1462
609 1554
609 1771
610 615
610 637
610 1088
610 1117
610 1519
610 1628
610 1778
610 1799
611 660
611 880
611 935
611 978
611 1187
611 1352
611 1499
611 1656
611 1808
611 1992
612 909
612 926
612 1219
612 1423
612 1463
612 1667
612 1947
613 805
613 1051
613 1529
613 1687
613 1782
613 1934
614 742
614 932
614 950
614 1089
614 1390
614 1506
614 1562
614 1703
615 865
615 980
615 1428
615 1451
615 1709
616 836
616 988
616 1074
616 1206
616 1212
616 1458
616 1581
616 1619
616 1678
616 1901
616 1990
617 709
617 1024
617 1123
617 1138
617 1453
617 1459
617 1460
617 1610
617 1955
618 744
618 890
618 1387
618 1541
618 1728
618 1785
618 1981
619 1438
619 1672
620 952
620 1156
620 1190
620 1870
620 1939
621 1110
621 1553
621 1846
622 654
622 984
622 1248
622 1261
622 1337
622 1517
622 1920
623 901
623 1236
623 1363
623 1687
623 1949
624 729
624 827
624 842
624 844
624 1071
624 1096
624 1108
624 1804
625 648
625 1054
625 1126
625 1220
625 1434
625 1565
625 1604
625 1609
625 1706
625 1798
625 1827
625 1912
626 991
626 1000
626 1048
626 1152
626 1288
626 1909
626 1910
626 1974
627 677
627 919
627 986
627 1728
627 1783
627 1899
627 1997
628 721
628 847
628 1236
628 1481
628 1627
628 1719
629 633
629 992
629 1471
629 1534
629 1886
630 688
630 816
630 1303
630 1705
630 1997
631 821
631 978
631 1147
631 1286
631 1336
631 1442
631 1508
631 1845
632 791
632 1051
632 1141
632 1887
632 1907
632 1911
632 1954
633 658
633 770
633 953
633 1104
633 1254
634 684
634 1079
634 1162
634 1180
634 1206
634 1940
634 1965
634 1975
635 697
635 918
635 1236
635 1242
635 1917
636 656
636 663
636 869
636 876
636 934
636 1479
636 1543
636 1750
636 1998
637 1019
637 1272
637 1359
637 1760
638 782
638 1102
638 1548
638 1799
638 1917
638 1965
639 654
639 745
639 877
639 926
639 1620
639 1726
639 1759
640 701
640 1277
640 1539
640 1936
641 650
641 660
641 672
641 1192
641 1273
641 1484
641 1579
641 1852
642 656
642 900
642 1516
642 1973
643 768
643 847
643 857
643 1029
643 1518
643 1544
643 1680
643 1721
643 1917
644 677
644 763
644 884
644 930
644 1049
644 1097
644 1164
644 1332
644 1349
644 1647
644 1796
645 718
645 719
645 890
645 1070
645 1236
646 677
646 812
646 1148
646 1285
646 1406
646 1435
647 683
647 1203
647 1224
647 1240
647 1419
647 1626
647 1770
648 661
648 1082
648 1208
648 1310
648 1347
648 1358
648 1597
648 1792
648 1970
648 1990
649 1289
650 731
650 1176
650 1287
650 1304
650 1419
650 1727
650 1813
651 1425
651 1477
651 1503
651 1522
652 704
652 962
652 1203
652 1222
652 1778
652 1862
653 803
653 808
653 922
653 965
653 1204
653 1383
653 1387
653 1641
653 1883
654 783
654 1222
654 1573
654 1789
655 789
655 971
655 1068
655 1428
655 1457
655 1851
655 1943
656 816
656 871
656 1164
656 1344
656 1538
656 1545
656 1836
656 1997
657 676
657 822
657 831
657 871
657 1139
657 1195
657 1229
657 1513
657 1534
657 1548
657 1580
657 1876
658 663
658 871
658 939
658 1569
658 1709
658 1754
658 1827
658 1875
659 681
659 769
659 866
659 955
659 1066
659 1704
659 1890
660 833
660 1315
660 1789
660 1857
660 1896
661 850
661 857
661 939
661 1182
661 1625
661 1875
661 1901
661 1935
661 1973
662 1020
662 1328
662 1417
662 1818
663 739
663 923
663 1176
663 1318
663 1330
663 1343
663 1506
663 1845
664 854
664 981
664 1629
664 1762
664 1792
665 866
665 1009
665 1525
665 1622
665 1869
665 1981
665 1988
666 696
666 969
666 1010
666 1436
666 1552
666 1627
666 1743
666 1898
667 822
667 971
667 986
667 1679
668 744
668 937
668 1040
668 1236
668 1645
668 1803
669 803
669 881
669 1002
669 1355
669 1643
669 1843
670 677
670 918
670 926
670 1068
670 1482
670 1701
670 1735
670 1982
671 1001
671 1210
671 1363
671 1477
671 1579
671 1689
672 707
672 713
672 952
672 1097
672 1316
672 1355
672 1680
672 1795
672 1838
673 1036
673 1103
673 1155
673 1366
673 1483
673 1504
673 1507
673 1811
673 1851
674 699
674 727
674 862
674 870
674 957
674 1089
674 1139
674 1297
674 1432
674 1498
674 1897
675 807
675 1772
676 745
676 822
676 865
676 988
676 1120
676 1413
676 1414
676 1587
676 1684
676 1928
676 1973
677 964
677 1347
677 1733
677 1870
677 1910
677 1982
678 918
678 1177
678 1189
678 1233
678 1285
678 1319
679 850
679 958
679 1382
679 1485
679 1487
679 1584
679 1840
679 1902
679 1942
680 690
680 826
680 883
680 1407
680 1409
680 1463
680 1585
681 732
681 988
681 1515
681 1599
681 1712
681 1793
682 724
682 875
682 1222
682 1341
682 1377
682 1484
682 1633
682 1957
683 953
683 1431
683 1639
683 1903
684 942
684 1101
684 1179
684 1267
684 1335
684 1369
684 1380
684 1676
684 1785
684 1871
685 838
685 891
685 958
685 1227
685 1352
685 1453
685 1506
685 1569
685 1579
685 1889
685 1948
686 781
686 961
686 1051
686 1664
686 1770
686 1863
687 868
687 1064
687 1200
687 1241
687 1807
687 1994
688 1780
688 1872
688 1903
689 836
689 1209
689 1514
689 1916
690 963
690 1478
690 1693
690 1733
690 1767
690 1963
691 771
691 835
691 1109
691 1342
692 789
692 1389
692 1520
692 1578
692 1645
692 1693
692 1867
693 742
693 1389
693 1809
694 729
694 747
694 1263
695 1085
695 1549
695 1664
695 1978
696 740
696 941
696 1122
696 1146
696 1256
696 1524
696 1669
697 862
697 1703
697 1967
697 1985
698 823
698 1141
698 1150
698 1311
698 1330
698 1448
698 1585
698 1833
698 1890
699 957
699 1074
699 1402
699 1513
699 1514
699 1534
699 1563
699 1631
699 1735
699 1952
700 1121
700 1690
700 1754
700 1855
700 1915
701 931
701 973
701 1100
701 1130
701 1144
701 1169
701 1386
701 1459
701 1557
701 1871
702 763
702 988
702 1005
702 1089
702 1356
702 1683
702 1748
702 1835
702 1860
702 1894
703 1046
703 1381
703 1446
703 1514
703 1534
703 1740
704 1127
704 1153
704 1178
704 1302
704 1555
704 1662
704 1788
704 1813
704 1848
704 1875
704 1943
704 1961
704 1991
705 1356
705 1359
705 1360
705 1515
705 1920
706 1153
706 1245
706 1271
706 1282
706 1496
706 1871
707 1002
707 1288
707 1507
707 1537
707 1786
708 1192
708 1593
708 1831
709 798
709 807
709 972
709 1141
709 1168
709 1229
709 1528
709 1621
709 1657
709 1764
710 1261
710 1555
710 1758
710 1971
711 812
711 837
711 947
711 1329
711 1367
711 1486
711 1596
711 1854
712 1051
712 1055
712 1059
712 1082
712 1146
712 1228
712 1668
712 1834
713 783
713 1359
713 1507
714 1398
714 1604
714 1673
714 1751
714 1993
715 725
715 993
715 1189
715 1371
715 1440
715 1511
715 1562
715 1655
715 1774
715 1998
716 958
716 1015
716 1182
716 1261
716 1413
716 1529
716 1713
716 1839
716 1967
717 800
717 1077
717 1093
717 1356
717 1816
717 1950
718 782
718 1011
718 1160
718 1196
718 1403
718 1568
718 1606
718 1608
718 1879
719 817
719 854
719 992
719 1061
719 1119
719 1368
719 1479
719 1490
719 1917
720 933
720 998
720 1633
720 1746
721 853
721 1087
721 1683
721 1857
721 1917
722 733
722 754
722 839
722 1023
722 1221
722 1642
722 1815
722 1821
723 1017
723 1023
723 1275
723 1396
723 1435
723 1532
723 1818
723 1953
724 787
724 1064
724 1198
724 1280
725 801
725 975
725 977
725 1126
725 1266
725 1857
725 1877
726 1402
726 1440
727 810
727 811
727 891
727 982
727 1442
727 1780
728 1265
728 1419
728 1686
729 744
729 796
729 930
729 1061
729 1794
730 884
730 954
730 1262
730 1292
730 1385
730 1538
730 1802
731 1000
731 1506
731 1764
731 1899
731 1949
732 1873
732 1874
732 1885
733 847
733 1019
733 1132
733 1738
733 1885
734 811
734 970
734 1077
734 1174
734 1194
734 1392
734 1710
734 1935
734 1958
735 1247
735 1406
735 1420
735 1550
736 1216
736 1764
736 1846
737 1052
737 1386
737 1908
738 1043
738 1140
738 1206
738 1288
738 1436
738 1479
738 1534
738 1772
739 842
739 994
739 1042
739 1057
739 1209
739 1333
739 1360
739 1405
739 1503
739 1529
739 1555
739 1888
740 969
740 1103
740 1842
740 1880
741 974
741 981
741 1016
741 1045
741 1429
741 1475
741 1615
742 823
742 986
742 1219
742 1259
742 1278
742 1609
742 1710
743 788
743 1379
743 1403
743 1899
744 897
744 1017
744 1120
744 1180
744 1355
744 1603
744 1846
744 1901
744 1917
744 1921
745 881
745 931
745 947
745 1100
745 1650
745 1786
745 1926
745 1953
746 881
746 962
746 1070
746 1094
746 1195
746 1277
746 1728
746 1826
747 753
747 862
747 898
747 1311
747 1470
747 1568
748 1100
748 1124
748 1198
748 1400
748 1605
748 1670
748 1745
748 1794
749 981
749 1378
749 1475
749 1675
749 1741
749 1789
749 1912
750 838
750 894
750 912
750 1081
750 1286
751 923
751 1010
751 1195
751 1730
752 833
752 872
752 1065
752 1253
752 1286
752 1471
752 1586
752 1721
752 1731
752 1980
753 821
753 956
753 972
753 1010
753 1196
753 1307
753 1342
753 1584
753 1804
753 1887
753 1899
753 1997
754 884
754 1343
754 1675
754 1710
754 1809
754 1907
755 1279
755 1471
755 1486
755 1627
755 1930
756 1385
756 1479
756 1643
756 1868
757 790
757 841
757 897
757 910
757 1946
757 1975
758 1104
758 1911
759 834
759 1128
759 1131
759 1489
759 1620
759 1852
760 859
760 908
760 1031
760 1065
760 1084
760 1259
760 1381
760 1446
760 1515
760 1520
760 1738
760 1839
761 792
761 807
761 1265
761 1648
761 1793
761 1846
762 954
762 1221
762 1521
762 1548
762 1549
763 883
763 911
763 922
763 965
763 987
763 1042
763 1237
764 990
764 1224
764 1288
764 1393
764 1887
765 822
765 1123
765 1249
766 843
766 1024
766 1456
766 1541
766 1603
766 1869
766 1871
767 810
767 911
767 1040
767 1188
767 1476
767 1516
767 1700
767 1757
767 1776
768 787
768 1394
768 1508
768 1602
768 1629
769 793
769 820
769 849
769 951
769 1064
769 1438
769 1478
769 1982
770 841
770 926
770 1447
770 1516
771 966
771 1144
771 1412
771 1731
772 903
772 1266
772 1267
772 1485
772 1837
773 845
773 960
773 1161
773 1887
774 803
774 1623
774 1895
775 959
775 1090
775 1269
775 1564
775 1679
775 1684
775 1725
776 1412
776 1427
776 1470
776 1513
776 1716
776 1730
777 961
777 1285
777 1506
777 1706
777 1788
777 1806
777 1844
777 1923
778 976
778 1125
778 1321
778 1517
779 1133
779 1679
779 1823
779 1873
779 1937
779 1974
780 1083
780 1103
780 1524
780 1634
780 1785
781 882
781 1305
781 1318
781 1468
781 1527
782 1133
782 1195
782 1520
782 1722
782 1840
782 1956
783 1564
784 850
784 1298
784 1389
784 1813
784 1863
785 1134
785 1240
785 1244
785 1825
785 1870
785 1899
786 806
786 937
786 1108
786 1204
786 1236
786 1836
786 1983
787 1332
787 1408
787 1449
787 1464
787 1578
787 1675
787 1775
788 813
788 945
788 1148
788 1241
788 1327
788 1735
789 911
789 1368
789 1420
789 1714
790 815
790 1192
790 1531
790 1717
790 1966
791 833
791 1000
791 1322
791 1928
792 991
792 1156
792 1301
792 1987
793 1203
793 1327
793 1459
793 1683
793 1849
793 1902
794 1013
794 1165
794 1340
794 1441
794 1480
794 1645
794 1838
794 1937
795 903
795 1153
795 1270
795 1757
795 1995
796 978
796 1195
796 1421
796 1572
796 1827
797 1168
797 1304
797 1585
797 1719
798 856
798 940
798 1150
798 1396
798 1400
798 1689
799 982
799 1222
799 1249
799 1655
799 1837
799 1952
800 1101
800 1107
800 1186
800 1281
800 1324
800 1566
801 895
801 911
801 1041
801 1154
801 1262
801 1332
801 1462
801 1654
801 1728
801 1924
802 889
802 1300
802 1759
802 1829
804 863
804 1164
804 1499
804 1919
804 1945
804 1982
805 921
805 1063
805 1093
805 1108
805 1132
805 1387
805 1816
805 1881
805 1947
805 1981
806 870
806 1272
806 1525
806 1598
806 1704
807 934
807 1079
807 1169
807 1434
807 1627
807 1702
807 1976
808 828
808 1170
808 1446
808 1533
808 1589
808 1621
808 1775
808 1949
809 1061
809 1088
809 1097
809 1301
809 1385
809 1662
810 1085
810 1224
810 1396
810 1710
810 1901
811 1051
811 1153
811 1212
811 1444
811 1779
811 1869
812 1208
812 1304
812 1369
812 1459
812 1500
812 1530
812 1791
812 1903
813 820
813 1216
813 1727
813 1789
813 1884
813 1958
814 1078
814 1202
814 1496
814 1578
814 1626
814 1722
814 1823
814 1824
814 1904
815 1049
815 1660
815 1668
815 1867
815 1906
816 972
816 1098
817 950
817 1098
817 1231
817 1552
817 1939
818 1139
818 1218
818 1411
818 1474
818 1651
818 1782
819 832
819 954
819 960
819 1021
819 1409
819 1917
820 1161
820 1187
820 1268
820 1492
821 1113
821 1222
821 1442
821 1443
821 1875
822 879
822 1289
822 1571
823 881
823 1226
823 1262
823 1636
823 1685
823 1919
824 910
824 958
824 1158
824 1203
824 1230
824 1673
824 1767
824 1776
825 884
825 907
825 1060
825 1080
825 1136
825 1190
825 1320
825 1336
825 1355
825 1616
825 1693
825 1943
826 873
826 1259
826 1659
826 1870
827 839
827 857
827 1271
827 1345
827 1579
827 1612
827 1726
827 1749
827 1771
828 967
828 1044
828 1130
828 1331
828 1383
828 1468
828 1967
828 1971
829 875
829 976
829 1292
829 1506
829 1559
830 1033
830 1109
830 1250
830 1276
830 1577
830 1769
831 974
831 1450
831 1542
832 863
832 975
832 1050
832 1112
832 1493
832 1505
832 1597
833 1008
833 1088
833 1090
833 1118
833 1121
833 1138
833 1219
833 1245
833 1387
833 1411
833 1632
833 1712
833 1745
833 1780
833 1797
833 1804
833 1899
834 1049
834 1607
834 1714
834 1819
834 1874
834 1918
835 1130
835 1298
835 1431
835 1585
835 1623
835 1899
836 1087
836 1246
836 1768
837 1005
837 1202
837 1327
837 1563
837 1702
837 1922
837 1979
838 975
838 1003
838 1006
838 1410
839 1145
839 1173
839 1279
839 1624
839 1631
839 1851
839 1992
840 1107
840 1144
840 1177
840 1577
840 1665
840 1723
840 1878
841 1079
841 1652
841 1805
841 1817
842 1152
842 1218
842 1661
842 1980
842 1985
843 871
843 1035
843 1044
843 1216
843 1266
843 1492
843 1550
843 1689
844 1160
844 1342
844 1690
844 1713
844 1814
845 949
845 1095
845 1246
845 1317
845 1529
845 1643
845 1668
845 1751
845 1795
845 1964
846 960
846 964
846 1181
846 1236
846 1711
846 1829
847 927
847 1048
847 1104
847 1482
847 1491
847 1522
847 1626
847 1650
847 1698
847 1770
848 1152
848 1162
848 1275
848 1357
848 1385
848 1421
848 1481
849 998
849 1117
849 1279
849 1393
849 1401
849 1552
849 1600
849 1726
850 1179
850 1354
850 1629
850 1797
850 1907
850 1953
851 1726
851 1830
852 1165
852 1301
852 1866
853 889
853 989
853 1166
853 1337
853 1338
853 1412
853 1453
853 1523
853 1878
854 900
854 1054
854 1245
854 1317
854 1472
854 1477
854 1547
854 1648
854 1863
855 888
855 897
855 1083
855 1224
855 1664
855 1722
856 951
856 1337
856 1568
856 1744
856 1995
857 1004
857 1258
857 1640
857 1703
857 1721
857 1834
857 1898
857 1928
858 926
858 1107
858 1464
858 1608
858 1843
859 928
859 941
859 960
859 976
859 1232
859 1255
859 1284
859 1490
859 1775
860 904
860 937
860 1035
860 1137
860 1246
860 1290
860 1303
860 1705
860 1908
861 861
861 1224
861 1365
861 1482
861 1767
862 1032
862 1045
862 1246
862 1360
862 1649
863 958
863 1555
863 1641
863 1645
863 1792
864 1580
864 1612
864 1616
864 1833
864 1920
864 1925
865 896
865 956
865 1658
865 1852
866 1000
866 1088
866 1118
866 1344
866 1369
866 1657
867 924
867 1340
867 1383
867 1505
867 1603
867 1803
867 1831
867 1922
868 906
868 950
868 1103
868 1406
869 959
869 1392
869 1443
869 1546
869 1771
870 926
870 930
870 996
870 1148
870 1152
870 1172
870 1187
870 1410
870 1445
870 1871
870 1904
870 1957
871 1677
871 1977
872 920
872 1232
872 1324
872 1384
872 1398
872 1528
872 1689
872 1959
872 1960
873 1066
873 1223
873 1276
873 1468
873 1599
873 1751
873 1881
874 992
874 1254
874 1497
874 1662
874 1747
874 1824
874 1828
874 1829
875 879
875 882
875 1092
875 1798
875 1878
875 1999
876 1071
876 1453
876 1615
876 1841
876 1879
876 1918
877 939
877 953
877 1300
877 1329
877 1467
877 1610
877 1784
877 1803
877 1831
877 1910
878 1016
878 1043
878 1111
878 1164
878 1218
878 1394
879 995
879 1076
879 1140
879 1294
879 1414
879 1500
879 1528
879 1531
879 1613
880 1172
880 1400
880 1768
880 1961
881 1395
881 1570
881 1994
882 1027
882 1062
882 1147
882 1163
882 1335
882 1577
882 1589
882 1906
883 1079
883 1416
883 1446
883 1475
883 1521
883 1881
884 969
884 1036
884 1211
884 1505
884 1609
884 1658
884 1798
885 1109
885 1256
885 1366
885 1395
885 1620
885 1767
886 955
886 1168
886 1223
886 1280
886 1503
886 1593
886 1754
887 1151
887 1160
887 1280
887 1703
887 1862
887 1941
888 1015
888 1109
888 1304
888 1385
888 1404
888 1516
889 1068
889 1091
889 1385
889 1488
889 1544
889 1583
889 1818
889 1822
889 1919
890 1252
890 1479
891 1009
891 1265
891 1318
891 1509
891 1793
891 1822
892 910
892 1056
892 1135
892 1268
892 1425
892 1427
892 1606
892 1907
893 1054
893 1107
893 1241
893 1291
893 1761
894 991
894 1122
894 1161
894 1351
894 1498
894 1671
894 1841
894 1921
895 1122
895 1168
895 1255
895 1482
895 1668
895 1856
896 996
896 1018
896 1025
896 1083
896 1409
896 1486
896 1575
897 1357
897 1553
897 1850
897 1981
898 1062
898 1146
898 1275
899 972
899 1446
899 1795
899 1989
900 933
901 976
901 1113
901 1431
901 1686
901 1735
901 1788
901 1835
901 1941
901 1942
901 1976
902 1060
902 1408
902 1550
902 1615
902 1818
902 1910
902 1964
903 1288
903 1334
903 1376
903 1536
903 1559
903 1718
904 1157
904 1604
904 1821
904 1954
905 956
905 1006
905 1249
905 1678
905 1705
905 1864
905 1919
906 1024
906 1073
906 1190
906 1544
906 1615
906 1882
906 1898
907 1048
907 1112
907 1641
908 913
908 1158
908 1199
908 1338
908 1741
909 1261
909 1289
909 1736
909 1843
909 1880
909 1972
910 1505
910 1524
910 1729
910 1782
910 1826
911 1803
912 1399
913 1275
913 1389
913 1448
913 1704
913 1834
914 1045
914 1191
914 1289
914 1495
914 1578
914 1645
915 1127
915 1335
915 1594
915 1647
915 1686
916 1113
916 1274
916 1323
916 1509
916 1961
917 1176
917 1527
917 1625
917 1796
918 1133
918 1158
918 1352
918 1588
918 1608
918 1796
918 1824
918 1827
919 1000
920 1067
920 1171
920 1222
920 1251
920 1334
920 1868
921 1000
921 1187
921 1401
921 1515
921 1733
921 1740
921 1925
922 930
922 1324
922 1581
922 1667
922 1721
922 1806
922 1849
923 1015
923 1047
923 1176
924 1193
924 1315
924 1734
924 1863
925 1102
927 1018
927 1279
927 1372
927 1703
927 1812
928 958
928 980
928 1070
928 1165
928 1332
928 1376
928 1424
928 1462
928 1474
928 1545
928 1571
928 1632
929 1033
929 1093
929 1237
929 1473
929 1771
929 1884
929 1889
929 1932
929 1983
929 1984
930 1221
930 1254
930 1533
931 1155
931 1235
932 971
932 994
932 1062
932 1164
932 1289
932 1502
932 1522
932 1608
932 1700
932 1974
933 964
933 1191
933 1240
933 1370
933 1430
933 1492
933 1825
934 1034
934 1060
934 1412
934 1538
934 1850
934 1980
935 1093
935 1496
935 1628
935 1878
935 1908
935 1941
935 1991
936 1248
936 1618
937 1059
937 1484
938 1251
938 1465
938 1497
938 1978
939 1554
939 1994
940 1304
940 1394
940 1496
940 1587
940 1860
941 1111
941 1468
942 1056
942 1454
942 1555
942 1587
942 1670
942 1883
943 971
943 1479
944 967
944 978
944 1202
944 1215
944 1429
944 1721
944 1739
944 1857
944 1871
945 1062
945 1283
945 1423
945 1438
945 1504
945 1696
945 1736
945 1756
946 1110
946 1366
946 1651
946 1663
947 949
947 1763
947 1805
947 1829
948 977
948 1082
948 1127
948 1166
948 1356
948 1493
948 1904
949 1018
949 1563
949 1637
950 1026
950 1056
950 1169
950 1187
950 1365
950 1368
950 1627
950 1797
951 1089
951 1213
951 1386
951 1651
951 1788
952 1076
952 1176
952 1261
952 1412
952 1561
952 1753
953 1119
953 1258
953 1662
953 1828
954 1175
954 1347
954 1348
954 1453
954 1527
954 1549
954 1769
955 1621
955 1692
955 1943
955 1948
956 984
956 1017
956 1336
956 1452
956 1491
956 1724
956 1795
957 1257
957 1465
957 1880
958 975
958 1143
958 1455
958 1518
958 1581
958 1617
958 1666
959 1125
959 1165
959 1187
960 998
960 1019
960 1039
960 1328
960 1403
960 1577
960 1716
960 1907
960 1935
960 1938
961 997
961 1273
961 1866
962 1085
962 1322
962 1374
962 1493
962 1960
963 1170
964 1486
964 1558
964 1658
964 1914
965 1198
965 1395
965 1529
965 1692
965 1714
965 1773
965 1939
966 1082
966 1085
966 1181
966 1197
966 1291
966 1323
966 1768
968 1344
968 1433
968 1566
968 1617
969 1016
969 1173
969 1180
969 1223
969 1611
969 1623
969 1850
970 1256
970 1477
970 1518
971 1167
971 1600
971 1780
972 1117
972 1213
972 1314
972 1322
972 1704
972 1772
973 1011
973 1051
973 1836
973 1910
974 976
974 1118
974 1395
974 1420
974 1507
974 1513
974 1687
974 1717
974 1949
975 1125
975 1134
975 1629
975 1715
976 1084
976 1221
976 1599
976 1875
977 1543
977 1597
977 1987
978 1198
978 1325
978 1423
978 1438
978 1605
978 1721
978 1809
978 1839
978 1869
979 1207
979 1514
980 1361
980 1428
980 1552
980 1602
980 1697
981 1324
981 1343
981 1357
981 1365
981 1399
981 1446
981 1767
981 1775
981 1819
981 1974
982 1029
982 1453
982 1628
982 1834
983 1037
983 1117
983 1127
983 1211
983 1321
983 1594
983 1701
983 1799
984 1239
984 1262
984 1283
984 1342
984 1350
984 1522
984 1945
985 1754
986 997
986 1324
986 1445
986 1493
986 1578
986 1849
987 1006
987 1775
987 1856
988 1190
988 1218
988 1259
988 1518
988 1769
988 1863
989 1404
989 1472
989 1839
989 1909
990 1333
990 1971
991 1031
991 1167
991 1186
991 1650
991 1656
991 1719
991 1783
992 1021
992 1040
992 1274
992 1349
992 1442
992 1458
992 1716
992 1768
993 1047
993 1355
993 1560
993 1666
993 1914
994 1255
994 1564
994 1903
995 1050
995 1151
995 1232
995 1595
995 1664
995 1920
995 1922
996 1302
996 1319
996 1390
996 1420
996 1496
997 1020
997 1185
997 1647
997 1708
997 1798
997 1839
997 1848
998 998
998 1270
998 1310
998 1497
998 1739
999 1214
999 1402
999 1454
999 1676
999 1826
999 1854
1000 1005
1000 1161
1000 1272
1000 1373
1000 1442
1000 1680
1000 1790
1000 1796
1000 1907
1000 1912
1001 1148
1001 1416
1001 1601
1001 1777
1001 1921
1001 1955
1002 1090
1002 1192
1002 1327
1002 1374
1002 1534
1002 1568
1002 1778
1002 1826
1002 1962
1002 1964
1003 1220
1003 1696
1003 1762
1003 1940
1004 1021
1004 1127
1004 1132
1005 1146
1005 1253
1005 1300
1005 1434
1005 1898
1006 1018
1006 1315
1006 1666
1007 1428
1007 1508
1007 1839
1007 1851
1008 1101
1008 1216
1008 1382
1008 1531
1009 1253
1009 1370
1009 1523
1009 1598
1009 1895
1010 1131
1010 1328
1010 1414
1010 1429
1010 1790
1011 1197
1011 1455
1011 1673
1011 1916
1011 1947
1012 1309
1012 1430
1012 1645
1012 1739
1012 1822
1012 1828
1013 1209
1013 1472
1013 1770
1013 1867
1013 1895
1013 1934
1014 1163
1014 1567
1015 1363
1015 1476
1015 1578
1015 1634
1015 1656
1015 1910
1015 1951
1015 1989
1016 1298
1016 1368
1016 1621
1016 1810
1016 1935
1016 1949
1016 1960
1016 1970
1017 1076
1017 1084
1017 1377
1017 1721
1017 1738
1018 1332
1018 1428
1018 1733
1018 1744
1019 1102
1019 1223
1019 1267
1019 1808
1019 1860
1019 1872
1019 1958
1020 1172
1020 1306
1020 1368
1020 1568
1020 1610
1020 1892
1021 1260
1021 1508
1021 1766
1022 1082
1022 1291
1022 1374
1022 1645
1022 1721
1022 1937
1022 1998
1023 1122
1023 1147
1023 1395
1023 1642
1023 1777
1023 1835
1024 1333
1024 1477
1024 1850
1024 1974
1025 1280
1025 1311
1025 1669
1026 1138
1026 1334
1026 1671
1026 1870
1026 1998
1027 1183
1027 1918
1028 1626
1028 1759
1029 1266
1029 1381
1029 1446
1029 1605
1029 1609
1029 1674
1030 1531
1030 1662
1030 1717
1030 1915
1031 1120
1031 1628
1031 1750
1031 1771
1031 1967
1032 1223
1032 1375
1032 1401
1032 1564
1033 1275
1033 1412
1033 1441
1034 1318
1034 1536
1034 1689
1035 1169
1035 1364
1035 1524
1035 1709
1035 1727
1035 1876
1035 1925
1036 1097
1036 1165
1036 1605
1036 1643
1036 1681
1036 1715
1036 1801
1036 1899
1037 1069
1037 1094
1037 1213
1037 1401
1037 1488
1037 1498
1037 1881
1038 1047
1038 1184
1039 1126
1039 1148
1039 1156
1039 1314
1039 1484
1040 1265
1040 1350
1040 1455
1040 1521
1040 1784
1040 1967
1040 1986
1041 1044
1041 1155
1041 1364
1041 1478
1041 1957
1042 1095
1042 1203
1042 1243
1042 1347
1042 1661
1042 1693
1042 1812
1043 1093
1043 1153
1043 1376
1043 1543
1043 1782
1043 1840
1044 1116
1044 1135
1044 1370
1044 1743
1044 1878
1045 1167
1045 1249
1045 1253
1045 1414
1045 1454
1045 1620
1045 1976
1046 1144
1046 1245
1046 1443
1046 1464
1046 1816
1046 1839
1046 1896
1047 1213
1047 1494
1048 1110
1048 1267
1048 1475
1048 1619
1048 1730
1049 1379
1049 1565
1049 1646
1049 1660
1049 1935
1049 1961
1049 1983
1050 1137
1050 1148
1050 1170
1050 1171
1050 1218
1050 1259
1050 1298
1050 1313
1050 1331
1050 1530
1050 1542
1050 1647
1050 1684
1050 1772
1050 1981
1050 1986
1051 1189
1051 1559
1052 1386
1052 1459
1052 1596
1052 1973
1053 1136
1053 1464
1053 1805
1054 1134
1054 1430
1054 1513
1054 1663
1054 1897
1055 1617
1055 1756
1055 1814
1056 1490
1056 1811
1057 1424
1057 1727
1058 1159
1058 1277
1058 1355
1058 1701
1058 1738
1058 1953
1059 1303
1059 1652
1060 1791
1060 1906
1061 1228
1061 1291
1061 1358
1061 1474
1061 1638
1061 1965
1062 1369
1062 1565
1062 1707
1063 1075
1063 1120
1063 1254
1063 1288
1063 1356
1063 1370
1063 1767
1063 1869
1064 1283
1064 1579
1064 1830
1064 1974
1065 1280
1065 1754
1065 1821
1066 1168
1066 1479
1066 1951
1067 1136
1067 1510
1067 1583
1067 1655
1067 1756
1067 1850
1068 1180
1068 1189
1068 1557
1068 1618
1068 1655
1068 1718
1069 1124
1069 1131
1069 1172
1069 1750
1070 1664
1070 1778
1070 1909
1071 1126
1071 1211
1071 1258
1071 1312
1071 1373
1071 1692
1071 1742
1071 1772
1071 1991
1072 1291
1072 1563
1072 1678
1072 1696
1072 1760
1072 1852
1072 1885
1073 1078
1073 1441
1073 1508
1073 1611
1073 1936
1074 1116
1074 1159
1074 1199
1074 1460
1074 1654
1074 1696
1074 1836
1074 1938
1075 1076
1075 1209
1075 1313
1075 1702
1075 1870
1075 1880
1076 1163
1076 1251
1076 1655
1076 1781
1076 1874
1077 1210
1077 1223
1077 1529
1077 1959
1078 1145
1078 1473
1078 1501
1078 1504
1078 1573
1078 1606
1078 1630
1078 1889
1078 1985
1079 1202
1079 1270
1079 1315
1079 1377
1079 1380
1079 1425
1079 1714
1079 1984
1080 1542
1080 1609
1080 1707
1081 1257
1081 1398
1081 1465
1081 1499
1081 1824
1082 1114
1082 1193
1082 1206
1082 1246
1082 1710
1082 1924
1083 1182
1083 1347
1083 1372
1083 1516
1083 1569
1083 1706
1083 1969
1084 1248
1084 1352
1084 1520
1085 1842
1085 1884
1086 1541
1086 1572
1086 1831
1086 1832
1087 1129
1087 1363
1087 1480
1087 1487
1087 1760
1087 1920
1087 1986
1088 1580
1088 1730
1088 1791
1088 1933
1088 1936
1089 1108
1089 1137
1089 1203
1089 1407
1089 1897
1090 1232
1090 1293
1090 1430
1090 1990
1091 1383
1091 1391
1091 1485
1091 1784
1091 1889
1091 1938
1092 1125
1092 1531
1092 1642
1093 1233
1093 1529
1093 1646
1093 1654
1093 1782
1094 1239
1094 1249
1094 1422
1094 1669
1094 1716
1094 1823
1095 1116
1095 1190
1095 1320
1095 1502
1095 1642
1095 1898
1095 1938
1095 1944
1096 1112
1096 1145
1096 1188
1096 1624
1096 1840
1097 1350
1097 1466
1097 1475
1097 1533
1097 1754
1097 1765
1097 1895
1097 1922
1097 1994
1098 1135
1098 1378
1098 1423
1098 1491
1098 1713
1098 1886
1099 1154
1099 1493
1099 1721
1099 1848
1100 1182
1100 1196
1100 1425
1100 1451
1100 1582
1100 1847
1101 1463
1101 1803
1102 1268
1102 1475
1102 1640
1102 1820
1103 1403
1103 1483
1103 1527
1103 1788
1103 1795
1103 1813
1104 1263
1104 1369
1104 1403
1104 1556
1104 1567
1104 1819
1104 1878
1104 1907
1104 1956
1105 1111
1105 1374
1105 1660
1105 1685
1105 1819
1105 1838
1106 1151
1106 1163
1106 1218
1106 1655
1107 1840
1107 1926
1108 1230
1108 1243
1108 1503
1108 1920
1109 1209
1109 1413
1109 1528
1109 1535
1109 1793
1109 1885
1110 1173
1110 1580
1110 1716
1110 1921
1111 1186
1111 1252
1111 1413
1111 1460
1111 1501
1112 1433
1112 1721
1112 1793
1112 1818
1113 1142
1113 1363
1113 1418
1113 1420
1113 1473
1113 1628
1113 1810
1113 1830
1114 1527
1114 1618
1114 1972
1115 1165
1115 1383
1115 1840
1116 1185
1116 1603
1117 1429
1117 1604
1117 1746
1117 1928
1118 1563
1118 1594
1118 1651
1118 1800
1118 1828
1118 1848
1119 1428
1119 1572
1120 1141
1120 1406
1120 1414
1120 1485
1120 1553
1120 1819
1121 1302
1121 1949
1122 1352
1122 1424
1122 1642
1122 1745
1123 1124
1123 1449
1123 1702
1123 1931
1124 1238
1125 1228
1125 1338
1125 1473
1125 1598
1125 1659
1125 1677
1125 1851
1125 1893
1126 1321
1126 1429
1126 1474
1126 1773
1126 1928
1127 1417
1127 1653
1127 1696
1127 1909
1128 1261
1128 1487
1128 1737
1128 1990
1129 1220
1129 1601
1129 1836
1130 1216
1130 1410
1130 1535
1130 1686
1130 1799
1130 1908
1131 1208
1131 1273
1131 1301
1131 1304
1131 1454
1131 1621
1131 1721
1131 1754
1131 1791
1131 1925
1132 1162
1132 1242
1132 1506
1132 1617
1132 1680
1132 1955
1133 1386
1133 1534
1133 1796
1133 1813
1134 1145
1134 1330
1134 1532
1134 1550
1134 1560
1134 1563
1134 1603
1135 1159
1135 1287
1135 1495
1135 1573
1135 1600
1136 1591
1136 1598
1136 1808
1136 1829
1136 1933
1137 1184
1138 1826
1138 1994
1139 1312
1139 1378
1139 1473
1139 1831
1139 1841
1139 1881
1140 1162
1140 1260
1140 1730
1140 1808
1141 1243
1141 1282
1141 1407
1141 1515
1141 1859
1141 1963
1142 1493
1142 1544
1142 1825
1142 1936
1143 1238
1143 1345
1143 1636
1144 1234
1144 1659
1144 1791
1145 1214
1145 1519
1145 1554
1146 1384
1146 1950
1147 1251
1147 1259
1147 1292
1147 1480
1147 1978
1148 1457
1148 1536
1148 1680
1148 1820
1148 1849
1148 1874
1149 1168
1149 1169
1149 1228
1149 1650
1150 1231
1150 1332
1150 1371
1150 1551
1150 1631
1150 1651
1150 1758
1150 1771
1150 1861
1150 1889
1150 1892
1151 1249
1151 1658
1151 1725
1151 1817
1151 1833
1152 1345
1152 1374
1152 1709
1152 1780
1152 1805
1152 1818
1152 1941
1153 1159
1153 1700
1154 1351
1154 1686
1154 1913
1155 1265
1155 1774
1155 1815
1155 1889
1156 1205
1156 1257
1156 1631
1156 1723
1156 1735
1157 1219
1157 1322
1157 1386
1157 1457
1157 1672
1157 1675
1157 1837
1157 1985
1158 1334
1158 1455
1158 1493
1159 1555
1159 1667
1159 1798
1159 1836
1159 1965
1159 1969
1160 1371
1160 1788
1160 1922
1161 1203
1161 1207
1161 1766
1161 1825
1161 1921
1162 1351
1162 1402
1162 1455
1162 1873
1162 1915
1163 1168
1163 1184
1163 1283
1163 1346
1163 1420
1163 1553
1164 1507
1164 1954
1165 1183
1165 1540
1165 1591
1166 1284
1166 1373
1166 1378
1166 1384
1167 1175
1167 1331
1167 1347
1167 1830
1167 1855
1167 1942
1168 1261
1168 1428
1168 1692
1168 1711
1168 1830
1168 1971
1169 1802
1169 1839
1169 1893
1169 1965
1170 1276
1170 1366
1170 1939
1171 1190
1171 1211
1171 1228
1171 1460
1171 1734
1172 1216
1172 1257
1172 1376
1172 1395
1172 1768
1173 1392
1173 1463
1174 1571
1174 1601
1174 1961
1175 1479
1175 1513
1175 1530
1175 1537
1176 1405
1176 1413
1176 1431
1176 1968
1177 1460
1177 1568
1177 1897
1178 1188
1178 1200
1178 1224
1178 1711
1178 1758
1178 1825
1178 1859
1179 1262
1179 1515
1180 1334
1180 1434
1180 1487
1180 1509
1180 1547
1180 1618
1180 1788
1181 1511
1181 1619
1181 1985
1182 1234
1182 1835
1182 1880
1182 1953
1184 1236
1184 1289
1184 1382
1184 1434
1184 1580
1184 1998
1185 1273
1185 1287
1185 1529
1185 1639
1185 1788
1186 1253
1186 1495
1186 1552
1186 1585
1186 1671
1186 1704
1187 1191
1187 1388
1187 1560
1187 1664
1187 1739
1187 1768
1187 1849
1187 1873
1188 1265
1188 1327
1188 1443
1188 1750
1188 1917
1189 1210
1189 1839
1189 1856
1189 1889
1190 1407
1191 1212
1191 1224
1191 1389
1191 1531
1191 1706
1191 1811
1191 1848
1191 1869
1192 1270
1192 1296
1192 1616
1192 1734
1192 1806
1193 1354
1193 1480
1193 1708
1194 1494
1194 1564
1194 1719
1194 1983
1195 1272
1195 1584
1195 1757
1195 1992
1196 1562
1196 1584
1196 1633
1196 1800
1196 1960
1197 1283
1197 1654
1197 1672
1197 1746
1198 1722
1198 1750
1198 1753
1198 1875
1198 1880
1199 1271
1199 1546
1199 1671
1199 1696
1199 1771
1200 1448
1200 1517
1201 1291
1201 1380
1201 1485
1201 1761
1201 1903
1202 1442
1202 1548
1202 1623
1203 1205
1203 1344
1203 1675
1203 1719
1203 1754
1203 1786
1204 1389
1204 1718
1204 1735
1204 1839
1204 1840
1205 1870
1205 1975
1206 1550
1206 1718
1206 1895
1207 1212
1207 1389
1207 1912
1208 1299
1208 1356
1208 1910
1209 1415
1209 1842
1209 1970
1210 1451
1210 1625
1210 1839
1210 1856
1211 1314
1211 1434
1211 1557
1211 1981
1212 1227
1212 1775
1213 1436
1213 1774
1214 1709
1215 1366
1215 1449
1215 1572
1215 1786
1215 1797
1216 1234
1216 1667
1216 1827
1217 1264
1217 1515
1217 1597
1218 1236
1218 1246
1218 1295
1219 1259
1219 1722
1219 1741
1220 1321
1220 1435
1220 1833
1220 1841
1221 1368
1221 1375
1221 1748
1221 1814
1222 1573
1222 1883
1223 1792
1223 1894
1224 1350
1224 1364
1224 1468
1224 1618
1224 1676
1224 1684
1225 1452
1225 1466
1225 1547
1225 1562
1225 1599
1225 1616
1225 1747
1225 1849
1225 1859
1226 1799
1226 1913
1227 1519
1227 1533
1227 1729
1227 1769
1227 1878
1228 1344
1228 1460
1229 1260
1229 1414
1229 1478
1229 1556
1230 1368
1230 1675
1231 1244
1231 1324
1232 1748
1232 1850
1232 1927
1233 1385
1233 1714
1233 1959
1233 1980
1234 1257
1234 1309
1234 1660
1234 1712
1234 1835
1235 1360
1235 1495
1236 1712
1236 1761
1236 1958
1237 1921
1237 1954
1238 1846
1239 1364
1239 1614
1239 1843
1239 1885
1240 1563
1241 1288
1241 1316
1241 1319
1241 1331
1241 1611
1241 1859
1241 1939
1241 1978
1242 1327
1242 1500
1242 1565
1242 1664
1242 1673
1243 1303
1243 1420
1244 1268
1244 1275
1244 1342
1244 1750
1244 1987
1244 1992
1245 1491
1246 1360
1246 1667
1246 1685
1246 1724
1246 1890
1246 1900
1246 1967
1247 1523
1247 1673
1248 1415
1248 1665
1248 1848
1249 1721
1249 1809
1250 1451
1250 1905
1251 1357
1251 1561
1251 1722
1251 1995
1252 1386
1252 1480
1252 1535
1252 1573
1252 1582
1252 1921
1253 1472
1253 1783
1253 1993
1254 1269
1254 1505
1254 1923
1255 1332
1255 1356
1255 1360
1255 1363
1255 1623
1256 1316
1256 1451
1256 1861
1256 1928
1257 1282
1257 1490
1257 1499
1258 1416
1258 1620
1258 1635
1258 1868
1258 1911
1259 1400
1259 1478
1259 1912
1260 1274
1260 1349
1260 1516
1260 1703
1260 1811
1261 1372
1261 1487
1261 1493
1261 1497
1261 1787
1262 1390
1262 1748
1262 1776
1262 1779
1263 1452
1263 1587
1263 1625
1263 1708
1263 1813
1263 1882
1264 1307
1264 1484
1264 1599
1264 1780
1264 1835
1264 1843
1264 1860
1264 1901
1264 1949
1265 1392
1265 1612
1265 1740
1265 1818
1265 1829
1265 1906
1266 1659
1266 1668
1266 1762
1267 1859
1267 1917
1268 1465
1268 1533
1269 1367
1269 1574
1269 1618
1269 1734
1269 1755
1269 1910
1270 1292
1270 1323
1270 1729
1270 1837
1271 1490
1271 1740
1271 1743
1271 1758
1271 1769
1271 1850
1272 1596
1272 1841
1272 1962
1273 1619
1273 1720
1273 1809
1274 1468
1274 1970
1275 1293
1275 1459
1276 1304
1276 1581
1276 1703
1277 1340
1277 1345
1277 1354
1277 1669
1277 1962
1277 1987
1278 1414
1278 1731
1278 1763
1279 1301
1279 1849
1280 1372
1280 1616
1280 1895
1281 1537
1281 1697
1281 1888
1282 1318
1282 1587
1282 1779
1282 1840
1282 1889
1283 1758
1283 1945
1283 1971
1284 1372
1284 1465
1284 1660
1284 1702
1284 1772
1284 1908
1285 1366
1285 1452
1285 1692
1285 1775
1286 1344
1286 1446
1286 1948
1287 1485
1287 1837
1287 1966
1288 1385
1288 1428
1288 1617
1288 1919
1289 1412
1289 1520
1289 1706
1289 1880
1290 1731
1291 1352
1291 1597
1291 1636
1291 1889
1292 1676
1292 1785
1293 1457
1293 1581
1293 1615
1293 1793
1293 1794
1293 1968
1293 1987
1293 1991
1294 1608
1295 1505
1295 1647
1295 1726
1296 1544
1296 1751
1296 1919
1296 1982
1297 1719
1297 1792
1297 1950
1298 1620
1298 1740
1299 1468
1299 1500
1299 1621
1300 1504
1300 1511
1300 1512
1300 1565
1300 1950
1301 1552
1301 1562
1301 1606
1301 1625
1301 1833
1302 1343
1302 1380
1302 1940
1302 1947
1303 1570
1303 1620
1303 1787
1303 1880
1303 1927
1303 1996
1304 1384
1304 1523
1304 1737
1305 1467
1305 1475
1305 1634
1305 1675
1305 1689
1305 1747
1306 1354
1306 1407
1306 1603
1307 1349
1307 1481
1307 1901
1307 1904
1307 1961
1308 1379
1309 1327
1309 1354
1309 1420
1309 1533
1309 1543
1310 1354
1310 1462
1310 1592
1311 1840
1312 1394
1312 1436
1312 1444
1312 1774
1312 1899
1313 1327
1314 1427
1314 1765
1315 1690
1315 1805
1316 1326
1316 1759
1317 1548
1317 1584
1317 1677
1317 1880
1318 1584
1318 1690
1318 1985
1319 1532
1319 1984
1320 1393
1320 1528
1320 1832
1320 1834
1320 1975
1321 1621
1321 1641
1321 1777
1321 1855
1321 1978
1322 1457
1322 1541
1322 1569
1322 1572
1322 1695
1322 1764
1323 1520
1323 1994
1324 1338
1324 1512
1324 1854
1324 1857
1324 1966
1325 1436
1325 1507
1325 1572
1325 1589
1326 1393
1326 1615
1326 1692
1326 1826
1327 1353
1327 1472
1327 1583
1327 1606
1327 1764
1328 1384
1328 1498
1328 1714
1328 1919
1329 1518
1329 1617
1329 1735
1330 1640
1331 1357
1331 1706
1331 1779
1332 1369
1332 1383
1332 1977
1333 1369
1333 1867
1334 1339
1334 1371
1334 1406
1334 1570
1334 1641
1334 1839
1334 1903
1334 1918
1334 1973
1335 1691
1335 1703
1335 1837
1336 1676
1336 1726
1336 1816
1337 1701
1338 1888
1338 1981
1339 1547
1339 1676
1339 1731
1340 1541
1340 1990
1342 1822
1343 1357
1343 1562
1343 1918
1344 1363
1344 1518
1344 1632
1345 1521
1345 1943
1346 1402
1346 1438
1346 1562
1346 1607
1346 1631
1346 1824
1346 1915
1347 1542
1347 1558
1347 1581
1347 1600
1347 1827
1348 1468
1348 1765
1348 1919
1349 1559
1349 1633
1349 1756
1350 1908
1351 1367
1351 1588
1351 1666
1353 1551
1353 1610
1353 1855
1354 1569
1354 1707
1354 1736
1355 1518
1355 1593
1355 1619
1355 1739
1355 1958
1355 1997
1356 1376
1356 1411
1356 1493
1356 1582
1356 1985
1357 1495
1357 1816
1357 1899
1357 1904
1358 1456
1358 1549
1358 1551
1358 1624
1358 1654
1358 1977
1359 1427
1359 1761
1359 1989
1360 1561
1360 1855
1360 1899
1361 1458
1361 1501
1361 1578
1363 1442
1363 1582
1364 1465
1364 1795
1365 1368
1365 1405
1365 1567
1365 1661
1365 1671
1365 1745
1366 1475
1366 1495
1366 1528
1366 1689
1366 1926
1366 1931
1366 1962
1367 1545
1367 1861
1368 1964
1369 1649
1369 1888
1370 1437
1370 1605
1370 1612
1370 1643
1370 1785
1370 1934
1371 1471
1371 1991
1372 1851
1373 1648
1373 1838
1374 1552
1375 1605
1375 1683
1376 1556
1377 1420
1377 1662
1378 1610
1378 1646
1379 1559
1379 1914
1380 1639
1380 1664
1381 1383
1381 1436
1381 1822
1382 1384
1382 1524
1383 1461
1383 1594
1383 1830
1383 1846
1384 1426
1384 1430
1384 1617
1384 1749
1384 1785
1385 1544
1386 1654
1386 1783
1387 1634
1387 1671
1387 1789
1387 1840
1388 1399
1388 1650
1388 1676
1388 1736
1388 1835
1389 1718
1389 1881
1390 1532
1390 1605
1390 1615
1390 1710
1391 1670
1391 1789
1391 1943
1392 1792
1393 1839
1394 1677
1394 1753
1394 1789
1395 1566
1395 1589
1395 1615
1395 1730
1395 1951
1395 1976
1396 1768
1396 1790
1397 1446
1397 1454
1397 1691
1398 1432
1398 1640
1398 1701
1398 1845
1399 1445
1399 1473
1399 1622
1399 1744
1399 1913
1400 1446
1400 1463
1400 1969
1401 1439
1402 1454
1402 1721
1402 1775
1403 1543
1403 1644
1403 1665
1403 1742
1403 1757
1403 1997
1404 1595
1404 1635
1404 1690
1404 1918
1404 1938
1405 1854
1406 1479
1406 1503
1406 1573
1406 1593
1406 1784
1406 1790
1406 1945
1407 1726
1407 1734
1408 1587
1408 1689
1408 1800
1409 1559
1409 1712
1409 1805
1409 1806
1410 1476
1410 1485
1410 1570
1410 1709
1410 1726
1410 1816
1410 1996
1411 1990
1412 1469
1412 1997
1413 1592
1414 1451
1414 1489
1414 1940
1416 1715
1416 1967
1416 1978
1417 1434
1417 1842
1417 1854
1417 1949
1418 1441
1418 1508
1418 1532
1418 1543
1418 1650
1418 1753
1418 1893
1419 1579
1419 1652
1419 1659
1420 1426
1420 1545
1421 1556
1421 1653
1422 1487
1422 1612
1423 1442
1423 1475
1423 1502
1423 1848
1424 1540
1424 1545
1424 1676
1424 1749
1425 1436
1425 1541
1425 1566
1425 1652
1425 1838
1425 1997
1426 1628
1426 1668
1426 1670
1427 1444
1427 1542
1428 1549
1428 1849
1428 1869
1429 1596
1429 1617
1429 1660
1429 1678
1429 1951
1430 1492
1430 1503
1431 1456
1431 1852
1432 1545
1432 1648
1432 1666
1432 1786
1432 1811
1432 1902
1433 1749
1433 1816
1433 1994
1435 1598
1436 1458
1436 1580
1437 1605
1437 1958
1438 1540
1438 1684
1438 1686
1438 1812
1438 1829
1438 1839
1438 1841
1438 1957
1439 1697
1439 1706
1439 1838
1439 1879
1440 1511
1440 1699
1440 1739
1440 1984
1440 1986
1441 1654
1441 1985
1443 1710
1443 1811
1443 1902
1444 1629
1444 1642
1444 1662
1444 1896
1444 1964
1445 1456
1445 1578
1445 1652
1445 1749
1445 1836
1445 1870
1445 1995
1447 1624
1447 1680
1447 1800
1447 1978
1448 1881
1449 1451
1449 1479
1449 1565
1449 1921
1449 1922
1449 1985
1450 1699
1450 1731
1450 1988
1451 1464
1451 1660
1451 1966
1452 1500
1453 1598
1453 1758
1453 1768
1454 1481
1455 1675
1456 1586
1456 1710
1456 1938
1456 1972
1457 1808
1458 1628
1459 1542
1459 1694
1459 1793
1460 1618
1460 1855
1461 1520
1461 1590
1461 1825
1462 1612
1462 1791
1462 1934
1462 1950
1462 1964
1463 1485
1463 1658
1463 1787
1463 1831
1463 1888
1463 1915
1464 1920
1464 1994
1466 1493
1466 1582
1466 1616
1466 1671
1466 1678
1466 1920
1466 1964
1467 1735
1467 1883
1468 1531
1468 1997
1469 1709
1469 1864
1469 1977
1469 1989
1470 1687
1470 1947
1471 1480
1471 1571
1471 1682
1471 1804
1471 1934
1472 1656
1473 1704
1473 1795
1474 1811
1474 1938
1474 1982
1475 1891
1476 1524
1476 1585
1476 1974
1477 1494
1477 1773
1478 1921
1478 1978
1479 1521
1479 1544
1479 1560
1479 1660
1479 1854
1479 1862
1479 1975
1480 1528
1480 1591
1480 1666
1481 1850
1482 1546
1482 1673
1482 1838
1483 1824
1484 1630
1484 1710
1484 1968
1485 1500
1485 1604
1485 1768
1485 1782
1485 1808
1485 1898
1486 1768
1486 1969
1488 1583
1488 1605
1488 1655
1488 1746
1488 1938
1489 1795
1490 1607
1490 1933
1491 1508
1491 1707
1491 1930
1491 1934
1492 1507
1492 1564
1492 1606
1492 1724
1492 1766
1492 1960
1493 1587
1493 1899
1494 1632
1494 1870
1494 1918
1495 1510
1495 1517
1495 1601
1497 1539
1497 1708
1498 1819
1499 1624
1499 1673
1500 1869
1501 1586
1501 1777
1501 1934
1502 1885
1503 1590
1503 1865
1503 1940
1504 1514
1504 1533
1504 1634
1504 1751
1504 1868
1504 1927
1504 1934
1504 1955
1504 1958
1505 1995
1506 1530
1506 1622
1506 1769
1507 1753
1507 1912
1508 1528
1508 1615
1508 1818
1509 1579
1509 1847
1509 1878
1509 1902
1509 1936
1509 1997
1510 1866
1510 1918
1510 1998
1511 1719
1511 1882
1512 1662
1512 1784
1512 1824
1513 1625
1513 1644
1514 1658
1514 1997
1515 1689
1515 1709
1515 1736
1516 1876
1516 1899
1517 1733
1517 1739
1518 1562
1519 1520
1519 1670
1519 1840
1519 1899
1520 1569
1520 1628
1520 1716
1520 1948
1520 1967
1521 1573
1521 1613
1521 1928
1522 1578
1522 1755
1522 1997
1523 1559
1524 1621
1524 1742
1524 1946
1525 1581
1525 1718
1525 1784
1525 1863
1525 1934
1525 1964
1527 1678
1527 1810
1527 1817
1528 1816
1528 1868
1529 1582
1529 1618
1529 1760
1531 1600
1531 1642
1531 1666
1532 1594
1532 1617
1532 1635
1533 1621
1533 1694
1533 1947
1534 1663
1534 1744
1534 1801
1535 1872
1537 1592
1537 1660
1537 1690
1537 1710
1537 1877
1537 1955
1538 1634
1538 1760
1538 1969
1539 1657
1539 1705
1539 1722
1539 1811
1540 1556
1540 1653
1540 1692
1540 1966
1541 1594
1541 1915
1543 1832
1543 1853
1544 1760
1546 1709
1546 1939
1547 1991
1548 1653
1548 1765
1548 1991
1549 1884
1549 1922
1549 1962
1549 1970
1550 1824
1551 1597
1551 1659
1551 1802
1551 1812
1552 1588
1552 1689
1553 1652
1553 1752
1553 1829
1553 1897
1553 1998
1555 1600
1555 1693
1555 1794
1555 1907
1556 1590
1556 1660
1556 1671
1556 1962
1557 1592
1558 1857
1558 1871
1559 1657
1559 1929
1560 1629
1560 1823
1560 1829
1561 1701
1561 1774
1561 1849
1563 1906
1564 1863
1565 1609
1565 1966
1566 1624
1566 1675
1566 1752
1566 1945
1567 1609
1567 1790
1568 1611
1568 1624
1568 1790
1568 1832
1568 1915
1570 1654
1571 1742
1571 1806
1571 1967
1572 1635
1574 1824
1574 1836
1574 1861
1574 1885
1575 1728
1575 1806
1575 1937
1576 1921
1577 1822
1577 1904
1577 1948
1578 1685
1578 1725
1579 1902
1579 1967
1581 1605
1581 1714
1581 1889
1582 1855
1583 1595
1583 1858
1583 1865
1583 1881
1584 1692
1584 1826
1585 1738
1585 1774
1585 1865
1586 1635
1586 1695
1586 1927
1587 1613
1587 1615
1587 1996
1588 1795
1588 1820
1589 1645
1589 1672
1589 1734
1589 1849
1589 1934
1590 1660
1590 1676
1590 1698
1590 1700
1590 1718
1591 1802
1591 1814
1592 1888
1593 1794
1593 1865
1593 1953
1595 1660
1595 1745
1595 1813
1596 1643
1596 1869
1597 1825
1597 1901
1599 1922
1600 1849
1600 1977
1601 1620
1601 1768
1602 1667
1602 1710
1603 1808
1603 1940
1604 1773
1604 1785
1604 1850
1605 1741
1605 1783
1606 1836
1607 1865
1607 1979
1608 1948
1609 1974
1610 1787
1610 1926
1610 1992
1611 1741
1612 1737
1612 1750
1612 1789
1613 1614
1613 1805
1613 1984
1614 1727
1616 1839
1618 1640
1619 1627
1619 1633
1620 1814
1621 1944
1622 1647
1622 1743
1622 1909
1624 1826
1624 1852
1624 1906
1626 1810
1626 1893
1627 1716
1627 1725
1628 1934
1629 1706
1629 1967
1630 1644
1630 1915
1631 1673
1631 1732
1632 1721
1632 1805
1632 1902
1632 1912
1633 1987
1634 1744
1634 1844
1635 1957
1636 1773
1637 1663
1637 1882
1637 1986
1638 1924
1639 1915
1639 1916
1641 1762
1641 1912
1643 1723
1643 1820
1643 1824
1643 1847
1644 1659
1644 1663
1645 1723
1646 1758
1646 1800
1646 1902
1646 1925
1646 1954
1647 1782
1647 1921
1648 1879
1649 1807
1650 1833
1651 1694
1651 1733
1651 1738
1651 1756
1652 1828
1653 1929
1655 1731
1655 1767
1655 1918
1656 1874
1657 1713
1658 1718
1658 1803
1658 1941
1659 1715
1659 1786
1660 1700
1660 1751
1660 1778
1660 1962
1660 1964
1662 1856
1663 1794
1663 1843
1664 1974
1665 1769
1665 1918
1668 1813
1669 1932
1669 1966
1670 1932
1671 1807
1672 1697
1672 1912
1673 1701
1673 1829
1674 1738
1674 1836
1674 1843
1674 1909
1675 1946
1676 1728
1676 1835
1676 1838
1678 1858
1678 1993
1679 1845
1679 1991
1682 1832
1682 1842
1682 1882
1682 1905
1682 1974
1684 1729
1684 1769
1684 1791
1684 1924
1684 1950
1685 1840
1685 1902
1685 1912
1685 1932
1685 1967
1686 1752
1686 1773
1686 1823
1686 1940
1687 1850
1687 1947
1689 1718
1689 1924
1689 1979
1690 1862
1691 1724
1691 1753
1691 1818
1691 1847
1692 1883
1692 1910
1693 1719
1694 1695
1694 1855
1694 1912
1695 1714
1696 1833
1696 1839
1696 1899
1697 1732
1698 1828
1699 1898
1701 1767
1701 1803
1701 1831
1701 1834
1701 1963
1702 1944
1703 1818
1703 1840
1704 1724
1704 1988
1705 1868
1706 1848
1707 1916
1708 1847
1709 1927
1711 1800
1713 1746
1713 1884
1714 1718
1715 1768
1716 1956
1717 1857
1720 1759
1720 1832
1721 1821
1721 1826
1721 1865
1721 1908
1722 1852
1722 1987
1723 1890
1724 1804
1724 1892
1725 1732
1727 1844
1727 1991
1728 1748
1728 1897
1729 1858
1730 1753
1730 1771
1730 1815
1731 1944
1732 1792
1732 1808
1732 1827
1732 1935
1733 1801
1734 1869
1735 1834
1738 1888
1738 1971
1740 1982
1741 1851
1741 1869
1741 1971
1741 1999
1742 1744
1744 1860
1745 1754
1746 1891
1746 1948
1748 1920
1748 1958
1749 1886
1749 1890
1751 1818
1752 1994
1752 1996
1753 1870
1753 1913
1754 1997
1756 1826
1756 1898
1756 1934
1756 1959
1757 1881
1760 1887
1762 1789
1762 1892
1763 1914
1764 1874
1764 1934
1764 1980
1765 1843
1765 1946
1765 1970
1766 1810
1766 1869
1769 1831
1769 1893
1769 1931
1776 1834
1776 1867
1776 1933
1776 1937
1777 1779
1778 1787
1778 1800
1778 1811
1778 1845
1782 1848
1783 1790
1783 1808
1783 1845
1783 1873
1783 1876
1783 1980
1784 1839
1786 1831
1786 1832
1787 1841
1787 1988
1788 1805
1788 1959
1789 1870
1789 1908
1789 1989
1790 1803
1790 1961
1790 1984
1791 1869
1792 1959
1793 1908
1795 1942
1796 1926
1797 1939
1798 1822
1798 1960
1799 1958
1799 1964
1800 1825
1800 1826
1800 1846
1802 1951
1804 1844
1805 1948
1806 1891
1808 1883
1808 1944
1809 1982
1810 1872
1813 1972
1815 1945
1816 1949
1816 1976
1817 1918
1817 1956
1817 1957
1824 1879
1824 1971
1825 1881
1826 1910
1827 1900
1830 1945
1832 1997
1835 1869
1835 1894
1836 1932
1838 1875
1838 1945
1839 1868
1839 1993
1842 1955
1844 1895
1844 1899
1845 1954
1846 1887
1847 1910
1852 1927
1852 1986
1854 1961
1854 1973
1855 1927
1856 1905
1857 1864
1858 1923
1858 1964
1858 1978
1859 1958
1860 1970
1862 1946
1862 1992
1864 1964
1865 1951
1866 1932
1866 1992
1868 1939
1868 1945
1870 1989
1873 1968
1875 1974
1877 1951
1878 1988
1879 1905
1880 1955
1881 1926
1883 1889
1885 1954
1886 1954
1886 1966
1892 1974
1893 1943
1895 1914
1896 1908
1896 1945
1900 1927
1900 1953
1900 1961
1901 1951
1902 1982
1904 1915
1904 1935
1904 1981
1906 1972
1909 1910
1909 1921
1909 1927
1914 1933
1914 1960
1914 1996
1916 1963
1918 1947
1919 1948
1925 1993
1929 1962
1931 1955
1931 1973
1932 1990
1935 1998
1936 1975
1938 1979
1946 1967
1952 1989
1957 1960
1971 1987
