2000
0 1
0 2
0 9
0 16
0 23
0 39
0 42
0 55
0 63
0 93
0 96
0 105
0 108
0 120
0 125
0 134
0 135
0 137
0 139
0 146
0 152
0 155
0 157
0 158
0 164
0 166
0 170
0 172
0 173
0 183
0 187
0 192
0 194
0 207
0 209
0 213
0 214
0 218
0 234
0 238
0 240
0 248
0 255
0 264
0 268
0 272
0 280
0 296
0 297
0 298
0 299
0 306
0 307
0 309
0 310
0 321
0 331
0 334
0 337
0 338
0 341
0 345
0 355
0 356
0 357
0 367
0 368
0 370
0 371
0 373
0 375
0 381
0 385
0 386
0 388
0 399
0 407
0 408
0 412
0 418
0 425
0 427
0 434
0 438
0 440
0 465
0 469
0 471
0 474
0 479
0 483
0 486
0 487
0 488
0 490
0 496
0 497
0 498
0 500
0 501
0 510
0 542
0 544
0 575
0 583
0 585
0 592
0 593
0 595
0 598
0 600
0 603
0 605
0 614
0 630
0 636
0 637
0 643
0 644
0 653
0 658
0 659
0 660
0 666
0 670
0 672
0 673
0 674
0 689
0 706
0 707
0 713
0 714
0 717
0 725
0 730
0 739
0 741
0 742
0 747
0 756
0 769
0 776
0 787
0 799
0 800
0 804
0 810
0 812
0 813
0 815
0 817
0 821
0 822
0 823
0 828
0 830
0 837
0 838
0 840
0 847
0 849
0 856
0 859
0 864
0 870
0 873
0 874
0 876
0 880
0 895
0 898
0 899
0 901
0 905
0 907
0 912
0 914
0 915
0 921
0 933
0 941
0 942
0 949
0 958
0 968
0 971
0 973
0 978
0 981
0 986
0 988
0 995
0 997
0 1007
0 1013
0 1016
0 1018
0 1019
0 1020
0 1029
0 1030
0 1036
0 1045
0 1049
0 1050
0 1054
0 1055
0 1059
0 1061
0 1062
0 1065
0 1067
0 1081
0 1082
0 1085
0 1092
0 1094
0 1096
0 1097
0 1100
0 1102
0 1103
0 1105
0 1108
0 1110
0 1115
0 1119
0 1124
0 1132
0 1134
0 1138
0 1139
0 1140
0 1146
0 1155
0 1164
0 1169
0 1176
0 1177
0 1181
0 1188
0 1192
0 1196
0 1201
0 1211
0 1213
0 1216
0 1217
0 1233
0 1238
0 1241
0 1250
0 1252
0 1254
0 1258
0 1271
0 1272
0 1274
0 1277
0 1280
0 1281
0 1283
0 1284
0 1286
0 1287
0 1288
0 1292
0 1296
0 1299
0 1300
0 1301
0 1303
0 1306
0 1310
0 1311
0 1313
0 1319
0 1322
0 1326
0 1331
0 1333
0 1335
0 1336
0 1338
0 1340
0 1345
0 1347
0 1351
0 1353
0 1360
0 1363
0 1367
0 1368
0 1372
0 1378
0 1380
0 1388
0 1400
0 1409
0 1411
0 1415
0 1422
0 1428
0 1435
0 1441
0 1444
0 1446
0 1451
0 1455
0 1461
0 1465
0 1471
0 1472
0 1480
0 1483
0 1484
0 1488
0 1489
0 1494
0 1495
0 1500
0 1505
0 1512
0 1517
0 1522
0 1525
0 1528
0 1530
0 1538
0 1539
0 1544
0 1553
0 1555
0 1558
0 1565
0 1572
0 1580
0 1581
0 1584
0 1589
0 1591
0 1596
0 1609
0 1611
0 1612
0 1613
0 1616
0 1618
0 1624
0 1626
0 1627
0 1630
0 1634
0 1636
0 1637
0 1638
0 1639
0 1644
0 1651
0 1652
0 1654
0 1655
0 1660
0 1667
0 1671
0 1672
0 1673
0 1679
0 1680
0 1688
0 1702
0 1706
0 1713
0 1715
0 1719
0 1727
0 1732
0 1733
0 1737
0 1739
0 1740
0 1741
0 1744
0 1748
0 1751
0 1757
0 1766
0 1767
0 1769
0 1785
0 1786
0 1788
0 1792
0 1795
0 1800
0 1801
0 1804
0 1808
0 1809
0 1814
0 1820
0 1822
0 1830
0 1837
0 1842
0 1843
0 1850
0 1851
0 1853
0 1861
0 1872
0 1876
0 1877
0 1879
0 1882
0 1884
0 1887
0 1890
0 1899
0 1903
0 1905
0 1907
0 1914
0 1916
0 1923
0 1925
0 1935
0 1936
0 1937
0 1939
0 1943
0 1944
0 1945
0 1946
0 1968
0 1970
0 1977
0 1982
0 1984
0 1986
0 1988
0 1989
0 1990
0 1993
0 1994
0 1999
1 2
1 5
1 6
1 7
1 8
1 10
1 11
1 12
1 14
1 17
1 18
1 19
1 21
1 28
1 29
1 30
1 31
1 32
1 36
1 40
1 43
1 44
1 49
1 51
1 56
1 60
1 64
1 67
1 69
1 70
1 73
1 75
1 76
1 77
1 78
1 79
1 80
1 81
1 83
1 84
1 87
1 88
1 92
1 94
1 97
1 98
1 99
1 100
1 102
1 103
1 104
1 106
1 107
1 111
1 112
1 113
1 115
1 116
1 117
1 118
1 121
1 123
1 127
1 128
1 129
1 130
1 132
1 133
1 136
1 140
1 143
1 145
1 150
1 159
1 160
1 161
1 163
1 167
1 168
1 169
1 171
1 175
1 176
1 177
1 178
1 180
1 181
1 186
1 188
1 189
1 193
1 195
1 196
1 197
1 198
1 199
1 200
1 202
1 203
1 206
1 208
1 211
1 216
1 217
1 221
1 222
1 223
1 224
1 225
1 229
1 230
1 236
1 237
1 239
1 241
1 242
1 244
1 247
1 251
1 257
1 258
1 260
1 261
1 262
1 265
1 267
1 270
1 273
1 274
1 276
1 278
1 281
1 283
1 284
1 285
1 286
1 287
1 288
1 289
1 291
1 292
1 293
1 294
1 300
1 302
1 303
1 304
1 305
1 311
1 313
1 314
1 315
1 316
1 317
1 318
1 320
1 322
1 323
1 324
1 326
1 327
1 329
1 330
1 332
1 333
1 340
1 342
1 347
1 349
1 350
1 354
1 358
1 359
1 361
1 362
1 372
1 376
1 377
1 378
1 380
1 383
1 387
1 390
1 392
1 393
1 395
1 397
1 401
1 403
1 405
1 406
1 410
1 411
1 413
1 414
1 415
1 416
1 419
1 420
1 422
1 426
1 430
1 431
1 432
1 433
1 435
1 436
1 441
1 442
1 443
1 444
1 445
1 447
1 449
1 451
1 452
1 453
1 454
1 462
1 466
1 468
1 470
1 472
1 476
1 477
1 478
1 480
1 481
1 485
1 491
1 492
1 493
1 494
1 502
1 505
1 506
1 507
1 509
1 511
1 512
1 518
1 519
1 520
1 524
1 525
1 526
1 528
1 532
1 537
1 541
1 543
1 546
1 549
1 550
1 553
1 554
1 557
1 559
1 561
1 562
1 563
1 566
1 567
1 568
1 571
1 574
1 576
1 578
1 579
1 580
1 581
1 582
1 587
1 588
1 589
1 590
1 591
1 599
1 601
1 602
1 604
1 607
1 609
1 610
1 612
1 613
1 615
1 617
1 618
1 622
1 625
1 626
1 628
1 629
1 631
1 633
1 634
1 641
1 645
1 647
1 648
1 649
1 650
1 656
1 657
1 664
1 665
1 668
1 669
1 677
1 678
1 679
1 681
1 682
1 683
1 684
1 686
1 688
1 691
1 692
1 693
1 694
1 697
1 698
1 700
1 703
1 708
1 709
1 711
1 712
1 715
1 716
1 721
1 728
1 729
1 733
1 734
1 737
1 740
1 743
1 744
1 746
1 748
1 749
1 750
1 752
1 755
1 757
1 759
1 761
1 768
1 770
1 771
1 772
1 773
1 774
1 775
1 777
1 778
1 779
1 785
1 789
1 790
1 791
1 792
1 796
1 801
1 802
1 806
1 807
1 811
1 814
1 816
1 818
1 819
1 824
1 825
1 826
1 827
1 829
1 842
1 843
1 845
1 846
1 850
1 852
1 855
1 860
1 861
1 862
1 863
1 865
1 866
1 867
1 875
1 877
1 879
1 881
1 884
1 885
1 888
1 891
1 894
1 896
1 897
1 900
1 903
1 906
1 908
1 910
1 911
1 916
1 918
1 922
1 923
1 927
1 929
1 931
1 934
1 935
1 936
1 937
1 939
1 943
1 944
1 946
1 948
1 950
1 952
1 954
1 957
1 959
1 960
1 962
1 963
1 964
1 965
1 966
1 972
1 974
1 979
1 982
1 983
1 985
1 987
1 992
1 993
1 994
1 996
1 1001
1 1003
1 1004
1 1005
1 1006
1 1008
1 1015
1 1017
1 1021
1 1023
1 1026
1 1027
1 1028
1 1032
1 1035
1 1037
1 1039
1 1040
1 1041
1 1042
1 1046
1 1048
1 1060
1 1063
1 1066
1 1069
1 1070
1 1071
1 1072
1 1075
1 1076
1 1078
1 1079
1 1080
1 1086
1 1087
1 1089
1 1090
1 1091
1 1095
1 1101
1 1104
1 1107
1 1109
1 1111
1 1112
1 1125
1 1127
1 1129
1 1135
1 1137
1 1142
1 1143
1 1144
1 1151
1 1152
1 1153
1 1158
1 1161
1 1162
1 1166
1 1171
1 1178
1 1179
1 1180
1 1182
1 1184
1 1185
1 1194
1 1197
1 1199
1 1202
1 1204
1 1207
1 1209
1 1210
1 1212
1 1214
1 1215
1 1221
1 1222
1 1223
1 1224
1 1226
1 1227
1 1229
1 1230
1 1231
1 1235
1 1236
1 1240
1 1245
1 1249
1 1251
1 1256
1 1257
1 1259
1 1260
1 1261
1 1262
1 1263
1 1265
1 1266
1 1268
1 1269
1 1289
1 1290
1 1297
1 1298
1 1302
1 1304
1 1315
1 1316
1 1317
1 1327
1 1330
1 1334
1 1339
1 1341
1 1342
1 1344
1 1346
1 1348
1 1354
1 1356
1 1357
1 1358
1 1359
1 1361
1 1364
1 1365
1 1369
1 1375
1 1376
1 1377
1 1379
1 1381
1 1382
1 1384
1 1392
1 1393
1 1394
1 1395
1 1402
1 1403
1 1405
1 1407
1 1408
1 1417
1 1425
1 1426
1 1427
1 1429
1 1430
1 1431
1 1439
1 1442
1 1447
1 1449
1 1450
1 1453
1 1454
1 1457
1 1459
1 1462
1 1464
1 1468
1 1469
1 1470
1 1473
1 1475
1 1477
1 1482
1 1485
1 1492
1 1493
1 1498
1 1503
1 1504
1 1508
1 1510
1 1513
1 1514
1 1518
1 1523
1 1526
1 1532
1 1534
1 1540
1 1546
1 1547
1 1548
1 1550
1 1551
1 1556
1 1557
1 1559
1 1561
1 1564
1 1566
1 1568
1 1569
1 1570
1 1571
1 1574
1 1575
1 1577
1 1578
1 1579
1 1582
1 1583
1 1585
1 1587
1 1590
1 1595
1 1598
1 1599
1 1600
1 1601
1 1604
1 1605
1 1608
1 1610
1 1615
1 1619
1 1621
1 1625
1 1631
1 1635
1 1640
1 1641
1 1647
1 1649
1 1650
1 1653
1 1657
1 1658
1 1662
1 1663
1 1666
1 1668
1 1669
1 1674
1 1677
1 1678
1 1681
1 1682
1 1684
1 1685
1 1690
1 1699
1 1703
1 1704
1 1707
1 1709
1 1710
1 1711
1 1712
1 1716
1 1721
1 1722
1 1723
1 1725
1 1728
1 1729
1 1731
1 1735
1 1736
1 1738
1 1743
1 1745
1 1746
1 1752
1 1753
1 1754
1 1755
1 1761
1 1763
1 1770
1 1771
1 1773
1 1774
1 1775
1 1777
1 1778
1 1779
1 1780
1 1781
1 1783
1 1789
1 1793
1 1794
1 1796
1 1797
1 1802
1 1805
1 1806
1 1807
1 1810
1 1812
1 1813
1 1816
1 1821
1 1825
1 1826
1 1827
1 1833
1 1835
1 1841
1 1844
1 1845
1 1846
1 1848
1 1849
1 1852
1 1855
1 1857
1 1860
1 1862
1 1865
1 1868
1 1874
1 1880
1 1881
1 1885
1 1886
1 1888
1 1892
1 1893
1 1894
1 1896
1 1897
1 1898
1 1902
1 1904
1 1906
1 1909
1 1910
1 1911
1 1912
1 1913
1 1915
1 1917
1 1919
1 1920
1 1921
1 1922
1 1924
1 1926
1 1929
1 1934
1 1941
1 1947
1 1949
1 1950
1 1951
1 1954
1 1955
1 1961
1 1962
1 1963
1 1964
1 1965
1 1966
1 1969
1 1971
1 1972
1 1974
1 1975
1 1978
1 1980
1 1981
1 1983
1 1987
1 1992
1 1995
1 1996
1 1998
2 3
2 4
2 57
2 58
2 86
2 109
2 122
2 144
2 149
2 263
2 521
2 680
2 736
2 745
2 797
2 832
2 854
2 920
2 989
2 1208
2 1239
2 1349
2 1362
2 1389
2 1543
2 1607
2 1632
2 1953
2 1957
2 1960
2 1991
3 41
3 48
3 71
3 975
4 515
5 783
6 82
6 85
6 531
6 558
7 101
7 437
7 627
8 25
8 517
8 538
8 930
8 1012
8 1314
8 1481
8 1487
8 1529
8 1541
9 142
9 398
9 654
9 1175
9 1828
11 15
11 20
11 27
11 37
11 38
11 45
11 54
11 66
11 151
11 360
11 365
11 533
11 560
11 624
11 640
11 667
11 718
11 765
11 780
11 970
11 1163
11 1183
11 1307
11 1440
11 1452
11 1506
11 1646
11 1750
11 1838
11 1900
11 1932
12 13
12 22
12 24
12 47
12 90
12 162
12 190
12 404
12 484
12 594
12 710
12 795
12 1328
12 1661
14 26
14 52
14 53
14 61
14 215
14 232
14 409
14 731
14 871
14 893
14 1098
14 1141
14 1159
14 1270
14 1421
14 1433
14 1656
14 1765
15 1445
16 46
16 59
16 154
16 984
16 1588
17 364
18 153
18 253
18 980
18 1323
18 1908
19 89
19 254
19 504
19 738
19 1106
19 1700
20 35
20 62
20 65
20 290
20 417
20 522
20 652
20 662
20 766
20 990
20 1536
20 1665
21 33
21 34
21 423
21 940
21 1614
22 384
22 467
23 343
23 953
23 1133
23 1606
26 110
26 227
26 339
26 389
26 421
26 809
26 947
26 1244
26 1350
26 1645
26 1824
27 91
27 131
27 212
27 853
27 1044
27 1542
27 1819
30 74
30 1033
31 363
31 499
31 1520
31 1776
32 228
32 379
32 458
32 1077
32 1870
33 114
33 513
33 552
33 904
33 1128
33 1432
34 50
34 184
34 1511
34 1535
35 201
35 1337
36 68
37 446
37 1383
38 1247
39 878
40 1168
40 1519
41 671
42 210
42 584
43 165
43 754
43 1193
45 1237
46 72
46 185
48 1157
48 1186
49 179
49 346
49 623
49 858
50 1031
51 535
52 226
52 336
52 539
52 909
52 1172
52 1895
53 655
54 456
56 1858
58 205
58 231
58 570
58 651
60 233
60 235
60 369
60 439
60 704
60 764
60 1847
65 250
65 277
65 402
65 1198
65 1318
65 1997
66 1410
68 1114
69 782
69 1352
72 1371
73 124
73 463
73 735
73 889
73 991
73 1074
73 1623
74 182
74 266
74 1205
76 95
76 1011
76 1190
76 1404
83 119
83 156
83 382
83 1149
83 1573
85 869
87 702
87 1496
88 1967
90 1958
92 455
95 138
95 1150
95 1683
95 1693
95 1695
95 1811
96 545
97 249
97 256
97 1386
98 868
99 141
99 246
99 259
99 586
101 174
101 351
101 460
101 461
103 204
107 252
107 450
107 820
107 1466
108 928
108 1594
109 147
109 1234
109 1278
112 126
113 857
113 1156
113 1374
114 245
114 1742
114 1931
115 428
115 572
115 1255
116 1866
117 220
117 555
117 803
117 1057
117 1093
117 1527
118 325
118 646
118 1275
121 1836
124 887
125 191
125 219
129 429
129 1697
129 1799
131 366
133 516
133 695
134 243
134 275
134 890
134 1264
136 148
136 1563
138 611
138 727
138 805
138 882
138 1562
139 279
139 348
142 848
143 1225
143 1976
144 726
144 913
148 547
148 926
150 394
151 328
151 1823
153 1878
154 632
155 319
155 344
155 577
155 1121
159 1629
160 1145
161 548
162 352
164 565
164 1648
165 1524
167 1516
168 1701
173 1443
174 1189
175 308
176 1567
178 271
178 701
179 529
181 295
185 1373
186 1295
189 763
190 1930
194 573
194 1692
195 635
196 1282
197 872
197 1325
197 1399
198 1643
200 269
201 312
201 1497
202 924
202 969
205 530
205 1790
206 301
207 998
209 482
210 724
210 1043
210 1308
210 1397
210 1787
212 762
213 464
213 784
214 620
214 835
214 1633
218 1130
219 1401
219 1620
221 374
223 1113
224 551
226 1390
226 1460
231 663
231 919
235 753
237 608
238 1829
242 282
242 1687
243 1418
245 335
245 353
246 1419
247 1285
248 556
248 1490
249 902
250 841
251 1329
253 1689
254 1136
255 1131
255 1686
256 1521
258 457
258 951
258 1463
259 751
259 1869
264 1533
264 1948
264 1985
274 1478
274 1670
278 1014
278 1385
284 883
284 1084
284 1537
294 839
298 1871
300 495
304 1560
308 1664
310 448
310 1312
318 699
321 424
325 489
325 1760
327 956
329 1720
330 534
331 642
334 1366
338 1798
339 925
340 1203
341 1398
342 758
342 1423
347 391
352 793
355 1022
356 1219
356 1436
358 503
358 1696
360 1628
361 788
362 932
364 523
364 1424
369 564
369 1009
369 1206
369 1218
369 1246
369 1253
369 1491
369 1499
369 1859
372 720
374 1730
376 1622
377 794
381 1170
381 1803
383 606
385 508
386 396
386 1617
389 967
390 400
390 475
390 675
390 723
390 1545
393 540
393 676
393 690
402 569
402 767
402 1034
402 1343
405 1714
408 1294
408 1321
408 1973
412 1486
413 1758
416 1456
421 1010
424 597
424 1276
424 1458
425 459
425 473
425 514
425 638
425 1979
431 1242
433 1576
435 1396
436 831
436 1187
436 1839
442 1195
443 1942
444 1603
448 808
450 955
450 1927
451 621
453 1025
455 732
457 1764
458 786
458 1064
461 705
461 1123
461 1856
461 1864
463 1047
467 1747
469 945
469 1167
475 1309
477 1243
480 1220
482 798
487 527
487 1387
488 833
488 1875
489 1554
490 1099
497 596
497 1474
505 1708
506 536
509 1053
515 1832
519 696
519 1691
520 616
520 639
520 1479
536 1052
537 1734
538 619
541 844
546 1759
554 836
556 687
556 1088
556 1509
559 999
562 1291
564 1448
564 1940
566 760
566 1117
567 781
567 1024
567 1831
571 661
577 1467
582 1515
587 961
590 685
592 1148
595 1552
596 1200
599 938
603 719
604 1891
609 1586
613 1768
615 1279
615 1437
626 1051
630 1038
631 917
636 1267
644 1597
656 1705
656 1933
660 1000
662 1956
668 1476
682 1147
688 1406
698 886
706 1118
706 1698
708 1293
709 976
709 1676
710 1120
718 722
718 1073
720 834
726 851
753 1840
767 1412
769 1305
784 1083
784 1228
785 1165
792 1002
810 977
810 1174
814 1602
823 1413
830 1717
833 1058
834 892
848 1784
857 1718
859 1438
880 1815
880 1818
880 1918
911 1173
920 1068
944 1122
945 1416
945 1531
948 1126
957 1675
959 1938
983 1391
989 1834
996 1056
1005 1160
1016 1549
1019 1324
1029 1420
1039 1320
1039 1928
1049 1191
1049 1273
1049 1756
1056 1370
1057 1694
1058 1593
1065 1116
1106 1154
1114 1873
1117 1507
1122 1355
1126 1772
1127 1762
1142 1883
1145 1332
1178 1501
1197 1414
1198 1782
1215 1749
1223 1726
1230 1232
1238 1248
1240 1502
1281 1434
1282 1959
1292 1642
1349 1817
1376 1724
1403 1592
1456 1659
1586 1889
1622 1854
1626 1863
1631 1901
1710 1867
1776 1791
1898 1952
