2000
0 1
0 2
0 3
0 4
0 5
0 8
0 12
0 16
0 18
0 19
0 20
0 23
0 32
0 36
0 39
0 42
0 43
0 49
0 51
0 56
0 59
0 63
0 67
0 69
0 80
0 82
0 83
0 85
0 86
0 91
0 94
0 99
0 100
0 104
0 111
0 113
0 114
0 117
0 125
0 128
0 131
0 134
0 135
0 137
0 142
0 145
0 146
0 147
0 148
0 149
0 151
0 154
0 155
0 160
0 161
0 165
0 166
0 171
0 173
0 188
0 189
0 192
0 194
0 201
0 202
0 216
0 217
0 222
0 225
0 228
0 229
0 240
0 241
0 242
0 243
0 245
0 247
0 249
0 253
0 254
0 255
0 256
0 257
0 261
0 264
0 271
0 283
0 287
0 288
0 293
0 316
0 320
0 330
0 332
0 335
0 355
0 363
0 365
0 371
0 377
0 387
0 399
0 406
0 418
0 421
0 425
0 431
0 432
0 433
0 437
0 439
0 447
0 451
0 453
0 457
0 460
0 467
0 468
0 473
0 474
0 481
0 485
0 487
0 491
0 496
0 504
0 530
0 541
0 543
0 555
0 564
0 567
0 570
0 573
0 574
0 578
0 581
0 585
0 597
0 604
0 609
0 614
0 616
0 623
0 625
0 626
0 631
0 632
0 634
0 638
0 640
0 657
0 672
0 674
0 683
0 686
0 690
0 695
0 702
0 708
0 710
0 712
0 713
0 717
0 720
0 722
0 725
0 727
0 728
0 733
0 742
0 744
0 746
0 747
0 769
0 770
0 774
0 776
0 784
0 789
0 791
0 797
0 798
0 807
0 815
0 819
0 830
0 840
0 858
0 863
0 865
0 866
0 876
0 880
0 885
0 892
0 893
0 902
0 903
0 905
0 908
0 910
0 914
0 926
0 927
0 935
0 938
0 940
0 956
0 961
0 979
0 985
0 990
0 1001
0 1003
0 1006
0 1010
0 1014
0 1017
0 1028
0 1045
0 1055
0 1068
0 1073
0 1074
0 1080
0 1094
0 1096
0 1101
0 1114
0 1116
0 1118
0 1119
0 1122
0 1125
0 1132
0 1134
0 1136
0 1141
0 1150
0 1158
0 1170
0 1171
0 1174
0 1178
0 1193
0 1194
0 1203
0 1206
0 1207
0 1209
0 1214
0 1218
0 1220
0 1222
0 1223
0 1225
0 1231
0 1238
0 1242
0 1247
0 1255
0 1274
0 1277
0 1291
0 1292
0 1302
0 1306
0 1318
0 1322
0 1326
0 1346
0 1353
0 1354
0 1356
0 1365
0 1374
0 1377
0 1388
0 1391
0 1393
0 1401
0 1403
0 1405
0 1412
0 1427
0 1444
0 1445
0 1448
0 1456
0 1463
0 1470
0 1478
0 1481
0 1485
0 1486
0 1499
0 1509
0 1514
0 1517
0 1525
0 1536
0 1543
0 1550
0 1552
0 1556
0 1568
0 1575
0 1579
0 1587
0 1590
0 1591
0 1611
0 1637
0 1645
0 1648
0 1650
0 1665
0 1674
0 1682
0 1689
0 1695
0 1698
0 1699
0 1703
0 1708
0 1710
0 1718
0 1723
0 1740
0 1753
0 1762
0 1767
0 1782
0 1787
0 1788
0 1789
0 1795
0 1797
0 1804
0 1824
0 1826
0 1837
0 1844
0 1853
0 1861
0 1866
0 1884
0 1900
0 1909
0 1923
0 1933
0 1938
0 1940
0 1958
0 1972
0 1974
0 1988
1 2
1 3
1 4
1 6
1 7
1 11
1 12
1 13
1 14
1 15
1 17
1 21
1 22
1 23
1 24
1 29
1 30
1 33
1 34
1 35
1 36
1 40
1 44
1 49
1 59
1 60
1 64
1 66
1 68
1 69
1 72
1 74
1 75
1 85
1 86
1 87
1 89
1 95
1 97
1 98
1 109
1 111
1 130
1 138
1 140
1 141
1 143
1 148
1 149
1 150
1 153
1 155
1 156
1 158
1 161
1 162
1 163
1 164
1 166
1 167
1 168
1 170
1 172
1 173
1 178
1 180
1 181
1 187
1 189
1 190
1 193
1 196
1 197
1 198
1 201
1 205
1 207
1 218
1 223
1 225
1 226
1 231
1 234
1 236
1 238
1 239
1 246
1 247
1 255
1 257
1 258
1 274
1 275
1 281
1 282
1 283
1 287
1 289
1 294
1 296
1 300
1 302
1 304
1 309
1 311
1 314
1 318
1 321
1 338
1 340
1 342
1 347
1 350
1 354
1 355
1 359
1 369
1 377
1 378
1 384
1 385
1 386
1 388
1 390
1 391
1 398
1 399
1 406
1 407
1 414
1 425
1 428
1 429
1 432
1 434
1 438
1 444
1 457
1 461
1 462
1 466
1 471
1 475
1 483
1 484
1 486
1 488
1 496
1 497
1 506
1 518
1 523
1 525
1 526
1 530
1 537
1 538
1 541
1 544
1 549
1 554
1 560
1 577
1 582
1 583
1 584
1 589
1 594
1 597
1 599
1 605
1 606
1 607
1 613
1 619
1 620
1 630
1 639
1 655
1 656
1 665
1 667
1 668
1 673
1 689
1 694
1 696
1 697
1 706
1 708
1 711
1 712
1 722
1 726
1 737
1 738
1 742
1 750
1 751
1 754
1 760
1 775
1 781
1 800
1 802
1 804
1 809
1 813
1 817
1 818
1 820
1 822
1 826
1 828
1 831
1 835
1 847
1 848
1 855
1 862
1 870
1 872
1 877
1 888
1 901
1 907
1 913
1 930
1 943
1 950
1 957
1 964
1 967
1 974
1 977
1 988
1 993
1 999
1 1010
1 1011
1 1013
1 1015
1 1017
1 1019
1 1029
1 1033
1 1035
1 1044
1 1051
1 1053
1 1054
1 1055
1 1057
1 1070
1 1076
1 1079
1 1097
1 1101
1 1107
1 1115
1 1120
1 1139
1 1140
1 1164
1 1167
1 1168
1 1173
1 1176
1 1179
1 1180
1 1186
1 1200
1 1203
1 1204
1 1211
1 1214
1 1215
1 1216
1 1225
1 1241
1 1244
1 1259
1 1261
1 1265
1 1273
1 1275
1 1277
1 1279
1 1280
1 1285
1 1288
1 1296
1 1306
1 1322
1 1323
1 1329
1 1330
1 1332
1 1335
1 1339
1 1341
1 1355
1 1358
1 1366
1 1368
1 1369
1 1372
1 1376
1 1378
1 1386
1 1390
1 1392
1 1398
1 1399
1 1411
1 1412
1 1413
1 1419
1 1425
1 1430
1 1434
1 1446
1 1452
1 1455
1 1476
1 1479
1 1480
1 1481
1 1482
1 1485
1 1502
1 1510
1 1511
1 1515
1 1529
1 1541
1 1545
1 1546
1 1553
1 1555
1 1560
1 1573
1 1580
1 1588
1 1591
1 1602
1 1605
1 1606
1 1610
1 1612
1 1614
1 1615
1 1624
1 1633
1 1637
1 1644
1 1661
1 1662
1 1665
1 1666
1 1667
1 1676
1 1680
1 1687
1 1692
1 1700
1 1707
1 1725
1 1726
1 1727
1 1729
1 1730
1 1731
1 1735
1 1744
1 1748
1 1752
1 1769
1 1770
1 1772
1 1778
1 1780
1 1781
1 1783
1 1787
1 1792
1 1805
1 1819
1 1825
1 1826
1 1830
1 1839
1 1849
1 1856
1 1859
1 1860
1 1870
1 1876
1 1882
1 1883
1 1885
1 1889
1 1892
1 1896
1 1899
1 1912
1 1921
1 1925
1 1929
1 1935
1 1940
1 1956
1 1962
1 1965
1 1966
1 1969
1 1986
1 1995
1 1996
2 3
2 4
2 9
2 11
2 31
2 47
2 70
2 73
2 79
2 123
2 124
2 132
2 246
2 307
2 314
2 325
2 354
2 364
2 369
2 410
2 419
2 454
2 468
2 476
2 479
2 504
2 524
2 545
2 606
2 608
2 732
2 761
2 771
2 782
2 854
2 861
2 886
2 894
2 958
2 968
2 984
2 995
2 1002
2 1060
2 1199
2 1215
2 1269
2 1399
2 1450
2 1491
2 1495
2 1766
2 1838
2 1848
2 1879
2 1943
2 1963
2 1980
2 1991
3 4
3 5
3 6
3 7
3 9
3 10
3 13
3 14
3 17
3 18
3 20
3 21
3 22
3 27
3 30
3 31
3 37
3 41
3 43
3 46
3 50
3 51
3 52
3 53
3 55
3 61
3 63
3 64
3 66
3 68
3 76
3 81
3 87
3 94
3 99
3 106
3 114
3 122
3 140
3 142
3 144
3 157
3 163
3 176
3 184
3 186
3 204
3 207
3 215
3 216
3 220
3 223
3 226
3 231
3 233
3 263
3 274
3 277
3 282
3 295
3 299
3 309
3 330
3 335
3 341
3 351
3 365
3 382
3 383
3 388
3 396
3 401
3 405
3 407
3 408
3 413
3 414
3 418
3 429
3 431
3 450
3 453
3 464
3 466
3 470
3 476
3 485
3 488
3 491
3 499
3 503
3 507
3 531
3 534
3 547
3 548
3 558
3 571
3 586
3 587
3 588
3 594
3 611
3 614
3 630
3 637
3 642
3 662
3 663
3 664
3 685
3 686
3 694
3 700
3 718
3 729
3 739
3 743
3 750
3 754
3 758
3 761
3 765
3 778
3 799
3 802
3 816
3 823
3 824
3 852
3 853
3 857
3 859
3 866
3 896
3 921
3 925
3 928
3 946
3 963
3 964
3 985
3 997
3 1022
3 1036
3 1043
3 1046
3 1056
3 1068
3 1079
3 1082
3 1086
3 1103
3 1104
3 1109
3 1169
3 1204
3 1218
3 1243
3 1258
3 1269
3 1270
3 1286
3 1296
3 1299
3 1305
3 1317
3 1321
3 1323
3 1335
3 1361
3 1378
3 1430
3 1438
3 1441
3 1453
3 1486
3 1509
3 1523
3 1531
3 1544
3 1547
3 1548
3 1557
3 1570
3 1578
3 1579
3 1593
3 1596
3 1606
3 1638
3 1651
3 1671
3 1676
3 1690
3 1691
3 1702
3 1711
3 1723
3 1731
3 1743
3 1744
3 1754
3 1757
3 1762
3 1768
3 1784
3 1791
3 1795
3 1814
3 1834
3 1842
3 1852
3 1858
3 1871
3 1873
3 1895
3 1900
3 1917
3 1931
3 1960
3 1965
3 1966
3 1979
3 1991
3 1992
4 10
4 15
4 16
4 24
4 25
4 28
4 32
4 38
4 39
4 55
4 60
4 61
4 71
4 74
4 112
4 131
4 132
4 185
4 196
4 206
4 209
4 221
4 260
4 264
4 269
4 284
4 293
4 294
4 301
4 306
4 328
4 344
4 362
4 366
4 379
4 384
4 445
4 477
4 512
4 602
4 626
4 640
4 651
4 705
4 734
4 745
4 787
4 795
4 809
4 847
4 865
4 871
4 893
4 915
4 952
4 966
4 997
4 1003
4 1043
4 1120
4 1130
4 1153
4 1159
4 1180
4 1181
4 1184
4 1205
4 1207
4 1237
4 1245
4 1248
4 1251
4 1257
4 1283
4 1305
4 1312
4 1319
4 1410
4 1429
4 1434
4 1495
4 1504
4 1565
4 1612
4 1640
4 1646
4 1653
4 1708
4 1823
4 1911
4 1953
4 1955
4 1968
5 8
5 27
5 29
5 45
5 98
5 102
5 233
5 258
5 301
5 346
5 449
5 462
5 544
5 692
5 734
5 898
5 972
5 1008
5 1084
5 1443
5 1587
5 1733
6 281
6 512
6 1006
6 1415
6 1441
7 65
7 1982
8 118
8 239
8 267
8 290
8 306
8 323
8 463
8 735
8 1045
8 1092
8 1183
8 1320
8 1346
8 1350
8 1580
8 1788
8 1794
8 1837
8 1909
9 54
9 72
9 95
9 212
9 217
9 465
9 815
9 838
9 891
9 986
9 1253
9 1278
9 1409
9 1410
9 1656
9 1686
10 46
10 77
10 84
10 144
10 154
10 156
10 273
10 341
10 487
10 557
10 561
10 629
10 837
10 849
10 1060
10 1274
10 1326
10 1359
11 165
11 168
11 191
11 205
11 477
11 502
11 608
11 678
11 744
11 790
11 1041
11 1063
11 1066
11 1258
11 1489
11 1742
11 1820
11 1821
11 1851
12 34
12 73
12 105
12 177
12 181
12 248
12 322
12 338
12 514
12 720
12 740
12 844
12 852
12 989
12 1022
12 1030
12 1036
12 1038
12 1050
12 1077
12 1128
12 1217
12 1263
12 1349
12 1519
12 1592
12 1670
12 1720
12 1757
12 1844
12 1969
13 76
13 122
13 128
13 450
13 529
13 655
13 724
13 783
13 923
13 957
13 1037
13 1108
13 1551
13 1968
14 327
14 366
14 446
14 646
14 960
14 1173
14 1295
14 1396
14 1619
14 1761
15 141
15 182
15 394
15 747
15 917
15 958
15 1324
15 1523
15 1908
16 28
16 33
16 35
16 45
16 48
16 50
16 56
16 79
16 81
16 89
16 116
16 120
16 164
16 192
16 242
16 300
16 302
16 334
16 375
16 393
16 412
16 423
16 426
16 503
16 535
16 590
16 637
16 643
16 644
16 651
16 657
16 719
16 752
16 770
16 771
16 797
16 804
16 835
16 836
16 867
16 877
16 884
16 911
16 916
16 918
16 925
16 933
16 945
16 950
16 967
16 991
16 1008
16 1032
16 1039
16 1046
16 1107
16 1135
16 1158
16 1162
16 1270
16 1286
16 1291
16 1310
16 1321
16 1328
16 1334
16 1354
16 1408
16 1440
16 1447
16 1512
16 1569
16 1571
16 1646
16 1698
16 1768
16 1811
16 1814
16 1815
16 1910
16 1920
17 185
17 430
17 440
17 486
17 838
17 907
17 1025
17 1098
17 1267
17 1363
17 1794
17 1911
18 19
18 25
18 26
18 100
18 106
18 222
18 340
18 419
18 559
18 576
18 656
18 698
18 701
18 755
18 1230
18 1464
18 1588
18 1831
18 1867
18 1915
19 26
19 62
19 80
19 197
19 260
19 263
19 324
19 360
19 396
19 728
19 1053
19 1062
19 1222
19 1581
19 1604
20 153
20 336
20 500
20 623
20 1418
20 1604
21 58
21 71
21 211
21 307
21 356
21 427
21 434
21 521
21 543
21 602
21 924
21 1075
21 1110
21 1148
21 1230
21 1341
21 1458
21 1560
21 1806
21 1956
22 37
22 104
22 124
22 227
22 345
22 935
22 1111
22 1178
22 1268
22 1342
22 1467
22 1816
22 1819
22 1828
22 1832
22 1957
23 48
23 52
23 117
23 269
23 278
23 292
23 312
23 402
23 451
23 472
23 521
23 536
23 545
23 570
23 716
23 879
23 1147
23 1195
23 1271
23 1301
23 1428
23 1470
23 1658
23 1673
23 1717
23 1813
23 1903
23 1992
24 208
24 268
24 286
24 422
24 575
24 921
24 937
24 942
24 1293
24 1411
24 1503
24 1568
24 1636
24 1705
24 1873
25 93
25 193
25 245
25 368
25 525
25 660
25 669
25 860
25 1033
25 1099
25 1146
25 1359
25 1383
25 1442
25 1663
25 1789
25 1812
26 83
26 113
26 115
26 174
26 273
26 280
26 465
26 507
26 843
26 937
26 942
26 983
26 1026
26 1116
26 1245
26 1301
26 1350
26 1424
26 1508
26 1541
26 1706
26 1934
26 1964
27 78
27 84
27 88
27 92
27 110
27 147
27 224
27 368
27 421
27 495
27 515
27 691
27 760
27 853
27 982
27 996
27 1340
27 1742
27 1785
27 1810
27 1822
28 54
28 70
28 101
28 119
28 138
28 150
28 214
28 250
28 290
28 292
28 304
28 523
28 553
28 572
28 610
28 647
28 670
28 678
28 724
28 759
28 864
28 869
28 915
28 991
28 1030
28 1185
28 1200
28 1246
28 1252
28 1473
28 1535
28 1539
28 1572
28 1642
28 1693
28 1803
29 67
29 77
29 90
29 103
29 137
29 232
29 370
29 444
29 452
29 591
29 652
29 663
29 832
29 845
29 938
29 980
29 1159
29 1252
29 1443
29 1620
29 1722
29 1975
30 40
30 42
30 515
30 591
30 996
30 1340
30 1810
31 178
31 198
31 284
31 459
31 516
31 519
31 801
31 842
31 846
31 850
31 1121
31 1170
31 1182
31 1287
31 1586
31 1607
31 1890
31 1904
31 1907
32 38
32 41
32 44
32 108
32 115
32 121
32 170
32 256
32 297
32 433
32 441
32 482
32 499
32 531
32 552
32 562
32 595
32 644
32 653
32 792
32 810
32 819
32 871
32 898
32 941
32 1025
32 1063
32 1078
32 1088
32 1100
32 1102
32 1192
32 1219
32 1228
32 1235
32 1237
32 1285
32 1454
32 1460
32 1468
32 1527
32 1547
32 1609
32 1630
32 1641
32 1672
32 1724
32 1885
32 1895
32 1906
32 1915
32 1935
32 1954
32 1981
33 356
33 392
33 879
33 1081
33 1693
33 1798
34 78
34 108
34 443
34 518
34 669
35 91
35 502
35 511
35 858
35 1124
35 1749
35 1833
36 47
36 157
36 235
36 262
36 303
36 305
36 337
36 357
36 436
36 505
36 836
36 1241
36 1395
36 1961
37 75
37 162
37 180
37 315
37 320
37 533
37 600
37 752
37 787
37 1069
37 1210
37 1332
37 1617
37 1774
38 112
38 392
38 1548
38 1716
38 1857
39 1552
39 1692
40 57
40 90
40 143
40 230
40 286
40 617
40 636
40 649
40 1080
40 1138
40 1362
40 1505
40 1528
40 1688
41 219
41 339
41 430
41 533
41 702
41 753
41 892
41 927
41 1123
41 1871
41 1916
41 1943
42 121
42 237
42 590
42 635
42 716
42 725
42 1035
42 1089
42 1097
42 1369
42 1503
42 1882
42 1990
43 107
43 424
43 439
43 442
43 801
43 1086
43 1221
43 1635
43 1917
44 172
44 420
44 666
44 1583
45 96
45 583
45 1422
45 1745
46 92
46 415
46 664
46 789
46 1602
46 1771
47 136
47 230
47 234
47 279
47 285
47 316
47 370
47 574
47 1011
47 1149
47 1469
47 1801
47 1929
47 1944
48 102
48 105
48 127
48 229
48 493
48 510
48 632
48 850
48 1018
48 1143
48 1483
48 1497
48 1759
48 1865
49 53
49 62
49 120
49 325
49 345
49 490
49 684
49 685
49 805
49 1447
49 1607
49 1974
50 65
50 103
50 176
50 183
50 259
50 381
50 508
50 698
50 707
50 794
50 803
50 827
50 900
50 919
50 1047
50 1119
50 1126
50 1177
50 1234
50 1281
50 1402
50 1427
50 1569
50 1883
50 1928
51 285
52 171
52 218
52 346
52 387
52 455
52 565
52 596
52 641
52 1313
52 1440
52 1683
52 1868
53 367
53 684
53 1128
53 1188
53 1254
53 1972
54 210
54 633
54 730
54 995
54 1253
54 1349
54 1442
54 1540
54 1598
54 1609
54 1656
54 1998
55 174
55 188
55 195
55 254
55 276
55 288
55 540
55 552
55 595
55 673
55 843
55 1037
55 1287
55 1300
55 1313
55 1469
55 1549
55 1628
55 1657
55 1697
55 1713
55 1786
55 1856
56 57
56 96
56 184
56 200
56 386
56 405
56 550
56 679
56 683
56 697
56 790
56 796
56 859
56 906
56 1336
56 1413
56 1621
56 1700
56 1767
56 1905
56 1981
57 58
57 82
57 135
57 159
57 250
57 261
57 275
57 313
57 344
57 359
57 376
57 474
57 575
57 589
57 612
57 666
57 821
57 917
57 962
57 1009
57 1013
57 1039
57 1047
57 1085
57 1093
57 1098
57 1145
57 1187
57 1247
57 1275
57 1420
57 1696
57 1730
57 1736
57 1905
57 1953
58 101
58 1000
58 1091
58 1233
58 1426
58 1886
59 690
59 1272
59 1300
59 1327
59 1358
59 1970
60 190
60 280
60 334
60 445
60 447
60 569
60 587
60 625
60 948
60 1973
61 228
61 403
61 700
61 946
62 183
62 295
62 696
62 1155
62 1967
64 361
64 458
64 795
64 889
64 1132
64 1232
64 1248
64 1303
64 1750
64 1862
65 126
65 133
65 169
65 308
65 353
65 748
68 88
68 146
68 212
68 251
68 580
68 659
68 874
68 910
68 1123
68 1429
68 1514
68 1532
68 1639
69 627
69 1131
70 107
70 159
70 200
70 303
70 385
70 506
70 528
70 550
70 629
70 648
70 709
70 736
70 823
70 831
70 833
70 854
70 857
70 1012
70 1041
70 1236
70 1240
70 1267
70 1375
70 1457
70 1634
70 1718
70 1724
70 1880
70 1922
71 195
71 252
71 272
71 291
71 352
71 472
71 593
71 976
71 1005
71 1980
72 93
72 764
72 780
72 1105
72 1201
72 1292
72 1331
72 1465
72 1827
72 1899
73 109
73 136
73 179
73 253
73 459
73 546
73 593
73 687
73 895
73 1002
73 1113
74 133
74 187
74 1289
74 1933
75 110
75 252
75 333
75 339
75 469
75 717
75 834
75 891
75 965
75 1614
75 1926
75 1945
76 160
76 214
76 563
76 923
76 1065
76 1216
76 1227
76 1373
77 116
77 130
77 139
77 151
77 372
77 397
77 409
77 417
77 497
77 555
77 578
77 703
77 749
77 772
77 811
77 864
77 1143
77 1191
77 1210
77 1408
77 1492
77 1964
78 538
78 601
78 638
78 990
78 1542
79 825
79 884
79 1142
79 1206
79 1324
79 1325
79 1496
79 1957
80 619
80 769
80 1154
81 134
81 227
81 395
81 441
81 449
81 455
81 559
81 622
81 692
81 718
81 730
81 817
81 873
81 881
81 1032
81 1088
81 1117
81 1130
81 1235
81 1352
81 1365
81 1428
81 1583
81 1852
82 635
82 1363
83 158
83 598
83 731
83 862
83 1091
83 1147
83 1153
83 1397
84 249
84 675
84 772
84 803
84 987
84 1148
84 1333
84 1360
84 1364
84 1848
84 1850
84 1897
85 97
85 175
85 299
85 313
85 324
85 343
85 409
85 495
85 563
85 793
85 978
85 1557
85 1582
85 1603
85 1685
85 1751
85 1756
85 1783
85 1847
85 1999
86 127
86 139
86 186
86 458
86 689
86 810
86 902
86 1449
87 129
87 202
87 364
87 376
87 404
87 460
87 511
87 534
87 900
87 1146
87 1202
87 1303
87 1307
87 1316
87 1371
87 1836
87 1959
87 1997
88 319
88 618
88 661
88 1618
88 1660
89 987
89 1367
89 1657
89 1855
90 415
90 553
90 1167
90 1423
91 235
92 208
92 271
92 276
92 305
92 321
92 326
92 331
92 353
92 645
92 746
92 762
92 1452
92 1546
92 1720
93 395
93 549
93 763
93 828
93 1034
93 1083
93 1527
93 1802
93 1903
94 310
94 753
95 191
95 259
95 540
95 780
95 913
95 926
95 1058
95 1224
95 1261
95 1384
95 1406
95 1513
95 1610
95 1775
95 1778
95 1902
96 916
96 1362
96 1468
97 215
97 481
97 1811
98 182
98 224
98 1284
98 1593
98 1608
98 1645
99 265
99 323
99 424
99 537
99 675
99 941
99 1576
99 1779
101 351
101 1164
101 1212
101 1260
101 1449
102 167
102 237
102 296
102 417
102 693
102 786
102 1802
102 1872
103 125
103 126
103 322
103 336
103 471
103 741
103 767
103 883
103 1185
103 1623
103 1875
104 350
104 423
104 480
104 674
104 1082
104 1202
104 1489
104 1960
105 887
105 1288
106 1682
107 435
107 624
107 681
107 1092
107 1679
108 118
108 312
108 882
108 1278
108 1315
108 1748
108 1775
109 123
109 179
109 240
109 315
109 442
109 641
109 735
109 867
109 1005
109 1048
109 1189
109 1223
109 1233
109 1389
109 1543
109 1715
109 1824
110 119
110 266
110 452
110 1067
110 1175
111 535
111 653
111 951
111 963
111 1564
111 1817
111 1902
112 844
113 129
113 209
113 383
113 682
113 806
113 1403
113 1847
113 1971
115 390
115 668
115 731
115 922
115 965
115 1344
115 1451
117 311
117 739
117 1574
117 1836
118 401
119 649
119 974
119 1161
119 1191
119 1500
120 588
120 1652
122 363
122 973
122 1094
122 1431
122 1436
123 966
123 988
123 1295
123 1561
124 291
124 598
124 1696
124 1961
126 236
126 1000
126 1169
126 1293
126 1563
126 1998
127 152
127 408
127 1559
128 277
128 682
128 713
128 757
128 1027
128 1087
128 1118
128 1290
128 1315
128 1753
128 1853
129 220
129 972
129 1519
130 145
130 152
130 266
130 469
130 556
130 568
130 845
130 933
130 1058
130 1059
130 1104
130 1121
130 1157
130 1234
130 1318
130 1471
130 1555
130 1578
132 289
132 337
132 624
132 634
132 1297
133 241
133 270
133 536
133 929
134 1133
134 1140
134 1397
134 1471
134 1518
134 1648
134 1955
135 1687
136 620
136 869
136 1087
136 1383
136 1805
137 571
137 1930
138 238
138 381
138 411
138 413
138 492
138 548
138 558
138 782
138 934
138 1677
139 232
139 568
139 779
139 1474
139 1750
139 1996
140 213
140 478
141 267
141 615
141 647
141 751
141 1664
141 1756
141 1861
142 203
142 270
142 342
142 348
142 358
142 374
142 393
142 699
142 825
142 856
142 934
142 1106
142 1537
142 1739
143 380
143 596
143 1494
143 1881
144 827
144 1156
145 412
145 498
145 528
145 592
145 612
145 833
145 1048
145 1257
145 1752
147 177
147 199
147 509
147 676
147 748
147 846
147 1763
148 517
148 1304
148 1683
149 513
150 297
150 375
150 404
150 824
150 1075
150 1681
152 652
152 822
152 1361
153 310
153 482
154 203
154 206
154 360
154 762
154 830
154 895
154 1152
154 1250
154 1918
155 169
155 175
155 621
155 1710
155 1758
156 379
156 811
156 1152
157 422
157 856
158 210
158 1309
158 1536
159 897
159 951
160 318
160 1294
160 1327
160 1896
161 219
161 298
161 332
161 475
161 707
161 826
161 1355
161 1653
162 1256
164 1144
164 1368
164 1526
167 841
167 952
167 1356
167 1370
167 1599
167 1812
168 374
168 788
171 1545
171 1702
172 1457
173 251
173 327
173 410
173 890
173 924
173 1144
173 1165
173 1190
173 1461
173 1793
173 1914
173 1919
174 1276
175 427
175 662
175 794
175 800
175 953
176 199
176 565
176 1517
176 1589
177 473
178 380
178 1499
179 194
179 398
179 998
179 1343
179 1622
180 403
180 456
180 737
180 887
180 1042
180 1138
180 1892
181 279
181 326
181 461
181 704
181 706
181 783
181 870
181 1028
181 1199
181 1674
181 1747
182 248
182 631
182 1319
182 1370
183 982
183 1197
183 1827
184 1256
185 670
185 911
185 1105
185 1508
188 1668
189 875
190 561
190 796
191 483
191 763
191 1163
191 1864
191 1893
192 498
192 517
192 584
192 880
192 914
192 1015
192 1407
192 1437
192 1439
192 1631
192 1773
193 781
193 1376
193 1465
193 1727
195 527
195 579
195 1874
195 1947
196 889
197 204
197 272
197 352
197 1106
197 1385
197 1737
199 650
200 211
201 501
201 829
201 1136
201 1171
201 1420
202 213
202 416
202 679
203 357
203 367
203 519
203 520
203 532
203 539
203 1014
203 1484
205 244
205 262
205 514
205 940
207 505
207 516
207 603
207 932
207 971
207 1109
207 1307
207 1642
207 1770
207 1785
208 319
208 585
208 875
208 1345
208 1613
208 1629
208 1776
208 1962
209 278
209 317
209 677
209 909
210 615
210 721
210 767
210 1414
210 1677
211 818
211 841
213 244
213 981
213 1712
213 1877
214 349
214 479
214 812
214 1071
214 1220
214 1691
214 1745
214 1937
215 348
215 756
216 1908
217 448
217 851
217 1421
217 1423
217 1760
218 577
218 1115
218 1743
219 808
219 1854
220 221
220 492
220 1062
220 1771
221 930
221 1600
222 766
222 1031
222 1461
223 329
223 509
223 1112
223 1445
223 1544
223 1559
223 1766
223 1867
224 1704
225 1304
226 489
226 671
226 1020
226 1254
226 1829
227 298
227 420
227 542
227 749
227 1093
227 1589
229 1049
229 1649
230 308
230 1625
231 494
231 1243
232 508
232 582
232 992
232 1521
232 1761
232 1913
233 566
233 1228
233 1255
233 1263
233 1367
233 1764
235 358
235 1815
236 1388
236 1480
237 1615
240 438
240 776
240 1021
241 243
243 265
243 391
243 704
243 786
243 975
243 1379
243 1689
243 1887
244 837
244 1310
245 785
245 1283
245 1749
247 567
247 579
247 740
247 970
247 1198
248 389
248 821
248 1112
248 1131
248 1497
248 1808
248 1975
248 1987
249 494
249 542
249 551
249 711
249 732
249 1004
249 1385
249 1639
249 1936
249 1994
250 478
251 268
251 1126
253 373
254 1931
255 628
256 526
258 551
258 1520
259 741
259 1172
259 1183
259 1311
260 470
260 671
260 855
260 1290
261 834
261 1624
261 1690
262 546
262 699
262 1671
263 524
263 1009
263 1845
264 328
264 643
264 1372
264 1860
265 953
265 1532
266 691
266 1195
266 1898
267 371
267 569
268 1625
269 329
269 378
269 994
269 1459
270 490
270 1539
271 397
271 436
271 1049
271 1601
272 513
272 1266
273 1422
273 1439
273 1857
275 1924
276 317
276 695
276 814
276 1755
277 331
277 611
279 564
280 416
280 592
280 628
280 955
280 1381
281 446
281 944
281 962
281 1944
283 400
283 437
283 566
283 758
283 1004
283 1113
283 1134
283 1584
284 600
284 896
284 975
285 1236
286 1070
287 448
287 480
288 372
288 793
288 842
288 1605
290 729
290 905
290 1057
290 1831
291 361
291 665
291 1347
291 1482
291 1630
291 1643
291 1945
292 520
292 1019
292 1226
292 1784
293 1501
293 1835
294 573
294 778
294 1400
294 1556
294 1797
295 1279
295 1316
298 642
298 1264
301 755
301 1001
302 560
302 693
302 1510
304 1658
305 389
305 500
305 554
305 1803
306 609
306 1496
306 1634
306 1936
307 1575
307 1632
307 1651
307 1884
308 1050
309 798
309 969
310 723
310 1302
312 522
312 654
312 1249
312 1663
312 1694
313 981
313 1052
314 1229
314 1705
315 333
315 1197
315 1426
315 1454
316 791
316 918
317 349
317 373
317 658
317 1679
319 613
319 1617
320 723
320 1595
322 402
322 435
322 743
322 861
324 343
325 1417
326 347
326 501
326 627
326 904
326 1282
326 1652
326 1688
327 400
327 1096
327 1251
328 1851
329 411
329 532
329 973
329 1381
329 1404
329 1424
329 1796
330 1401
331 463
333 382
333 1231
334 680
334 1641
334 1754
335 1515
335 1859
336 1521
336 1598
336 1619
337 1558
338 1993
339 394
340 539
341 768
341 1344
341 1549
342 860
344 1114
344 1537
344 1995
345 362
345 645
345 882
345 936
345 1529
346 467
346 886
346 1142
346 1337
348 1072
349 680
349 1450
349 1631
353 484
354 1184
354 1384
357 726
358 454
360 1196
361 1329
361 1576
363 1161
364 1209
364 1308
366 1090
367 1524
369 677
369 701
369 784
369 873
369 947
369 1298
369 1338
370 881
370 1959
372 899
372 968
372 1988
375 522
375 547
375 983
376 489
379 945
379 1672
379 1973
380 897
380 1473
380 1733
380 1950
381 426
381 586
381 808
383 1616
384 603
385 1562
386 599
386 1538
386 1643
389 888
389 1472
389 1647
389 1912
390 792
392 1813
394 1592
394 1947
395 493
395 1168
397 581
397 1876
397 1937
399 681
399 1455
402 654
402 756
402 1110
402 1135
402 1289
403 1264
403 1314
404 1229
406 1166
407 1734
408 650
408 715
408 1217
410 883
412 1069
413 1474
413 1862
414 1133
414 1448
414 1491
415 1095
415 1389
416 1518
417 605
417 646
417 1189
417 1339
417 1916
418 633
418 1488
418 1554
420 840
420 1056
421 562
421 805
421 919
421 1272
421 1458
422 1090
424 1379
425 428
425 639
425 1054
425 1160
425 1571
426 1516
427 709
427 878
428 440
428 1586
429 443
429 1941
431 667
431 1018
431 1111
431 1459
434 687
434 714
434 832
434 1433
434 1644
434 1946
435 1012
435 1686
436 661
436 1027
436 1196
436 1666
437 456
437 943
437 1127
437 1334
437 1550
437 1888
438 529
438 714
438 931
439 510
439 872
440 1456
442 1823
443 777
443 1174
444 885
444 936
444 1391
445 1409
447 1244
450 616
452 464
452 909
452 1659
453 572
454 1182
455 736
456 648
456 1994
458 1338
458 1563
460 1845
461 622
461 1007
461 1939
462 576
462 1154
462 1166
462 1387
463 903
463 999
463 1076
463 1122
463 1502
463 1581
463 1719
463 1841
466 1188
466 1735
469 1432
470 1040
471 1232
471 1259
474 607
474 949
474 1029
474 1478
475 705
475 1198
475 1822
476 1181
477 688
477 939
479 621
479 878
479 947
480 557
482 1175
484 1701
486 1024
486 1554
486 1751
486 1904
487 890
487 955
487 1240
488 1799
489 672
490 863
490 1038
492 785
492 1343
494 1026
497 1071
499 1145
502 703
503 874
503 1083
503 1260
503 1351
503 1793
503 1925
504 688
504 931
505 1732
506 676
506 1393
506 1616
509 1479
509 1585
509 1627
509 1737
510 1760
512 1186
514 1108
514 1608
514 1850
515 773
516 1573
518 759
521 912
521 1738
522 1150
522 1736
522 1934
522 1971
523 527
523 928
523 1475
523 1572
525 745
525 1162
525 1398
525 1504
526 1526
529 1715
531 1728
532 1622
533 658
533 788
533 1208
533 1520
533 1697
533 1977
536 580
536 1597
539 1246
540 839
541 1472
542 1271
542 1832
545 1538
546 954
548 556
549 1746
551 959
551 1023
551 1437
552 1402
552 1435
552 1806
552 1877
558 939
558 1444
559 1353
560 851
560 1985
561 601
561 1983
562 604
564 894
564 949
564 986
564 1511
564 1603
565 775
566 617
566 932
566 1377
566 1655
566 1669
566 1678
566 1941
566 1993
569 1446
570 1463
570 1477
571 899
571 994
571 1949
573 829
573 1989
574 659
574 1051
574 1129
574 1172
574 1193
574 1352
577 839
578 1765
579 610
580 1007
580 1348
580 1910
581 719
582 618
582 1117
585 1040
585 1567
586 1407
586 1721
587 773
587 1595
588 1151
588 1979
589 920
590 1484
590 1913
592 636
592 1042
592 1380
592 1406
594 1282
595 715
595 1887
596 1371
598 1064
599 1395
600 1342
603 1065
604 922
604 1618
604 1792
604 1820
606 1224
606 1611
609 660
610 1187
612 1268
613 1425
613 1627
614 733
614 799
614 1505
616 1951
617 1100
622 1741
623 1127
623 1414
624 1661
627 849
627 1655
629 904
629 1709
630 960
630 1938
632 727
632 1976
635 868
635 1064
637 1561
637 1659
637 1872
637 1874
641 956
641 1320
641 1464
641 1513
641 1782
641 1808
642 1073
643 1072
644 1176
645 1599
645 1923
646 1897
647 1493
651 1799
652 1681
652 1729
653 976
653 1807
654 1833
655 806
657 1817
658 1061
660 1636
660 1759
660 1858
661 816
661 1772
661 1796
664 1382
665 1375
665 1620
666 766
669 1298
669 1809
670 813
670 1281
671 779
671 1524
672 1558
674 777
674 1249
676 1102
676 1337
676 1906
677 1226
682 978
682 1364
683 876
686 721
686 1467
689 1880
692 998
692 1662
693 1530
694 1016
694 1262
694 1990
696 1297
697 1139
698 710
698 1500
698 1983
701 1507
702 1948
708 1179
709 1567
709 1660
710 1901
712 1089
712 1854
716 912
716 1834
717 1020
717 1712
717 1921
718 764
729 738
729 1984
730 807
731 969
731 1894
733 1707
734 1345
735 1774
737 1528
738 1764
739 1125
740 1034
741 1843
743 1273
743 1626
744 757
744 848
747 984
749 1280
749 1466
751 1809
752 1061
752 1704
753 1594
754 820
759 1190
760 765
760 768
760 812
762 1801
763 1922
765 1360
765 1386
765 1562
766 906
766 1044
767 1926
768 774
768 1265
769 1942
770 1328
771 1492
772 1732
773 1201
773 1889
776 868
777 1431
777 1635
777 1978
779 1522
779 1869
782 1194
783 901
784 1476
786 1714
787 1533
787 1726
789 1570
792 1684
795 1881
796 1807
797 814
797 1294
797 1577
799 1418
799 1640
799 1673
800 1387
800 1875
800 1999
805 1878
810 1059
810 1129
810 1357
810 1475
810 1721
812 1786
816 1262
816 1879
821 1250
821 1488
822 1124
825 1433
829 971
829 1213
830 944
836 1719
838 1163
839 1312
841 929
841 1208
841 1870
841 1949
842 1564
842 1577
844 1613
846 1952
847 1713
848 1309
848 1373
848 1392
849 961
849 1157
850 1863
851 1769
852 1746
856 920
856 1031
856 1366
857 1081
857 1626
857 1846
858 908
858 1954
859 1948
861 1417
861 1453
861 1540
864 1066
867 1099
868 1074
869 1077
871 1898
872 954
877 1977
879 1052
879 1380
882 1574
883 1694
884 1023
885 1415
889 1177
893 980
896 1078
896 1590
900 1531
902 1067
902 1498
902 1633
903 1156
903 1432
903 1584
903 1970
904 1024
906 1212
909 992
909 1777
911 1084
912 1506
913 948
913 1137
913 1219
913 1221
914 1755
914 1914
916 1141
917 1734
921 1763
922 959
922 1466
923 993
925 1390
926 1460
927 1227
928 1211
928 1405
929 1239
930 1462
931 1506
931 1711
932 1930
934 979
935 977
935 1487
935 1601
938 1490
939 1419
940 1623
946 970
948 1451
950 1522
951 1155
952 1276
954 1242
956 989
956 1846
956 1849
959 1192
959 1284
959 1717
961 1436
962 1331
962 1739
964 1308
965 1336
973 1701
974 1830
976 1600
977 1103
979 1716
989 1597
993 1016
993 1085
993 1779
1005 1095
1010 1021
1010 1594
1010 1791
1013 1664
1015 1738
1016 1149
1016 1347
1018 1357
1019 1348
1021 1438
1021 1821
1022 1553
1030 1160
1039 1841
1040 1394
1040 1490
1040 1493
1043 1239
1047 1311
1047 1842
1048 1825
1051 1596
1051 1927
1064 1758
1065 1790
1078 1585
1080 1939
1082 1137
1082 1542
1088 1205
1089 1668
1090 1374
1094 1781
1095 1314
1096 1839
1097 1551
1097 1629
1098 1330
1098 1685
1114 1165
1115 1901
1122 1958
1132 1997
1135 1840
1136 1675
1146 1151
1149 1890
1150 1699
1152 1894
1153 1213
1153 1382
1161 1525
1162 1868
1162 1891
1163 1654
1164 1725
1166 1869
1166 1978
1168 1670
1169 1706
1169 1828
1170 1396
1175 1483
1176 1238
1180 1317
1180 1566
1180 1865
1183 1404
1186 1878
1193 1722
1196 1790
1197 1684
1199 1394
1203 1266
1208 1325
1218 1530
1219 1299
1226 1780
1229 1333
1231 1818
1241 1647
1241 1800
1249 1351
1251 1843
1252 1918
1254 1533
1254 1703
1261 1487
1261 1650
1262 1740
1263 1667
1271 1982
1290 1477
1292 1400
1297 1924
1306 1747
1309 1680
1320 1462
1320 1919
1328 1669
1335 1416
1350 1621
1358 1416
1371 1976
1385 1863
1386 1535
1390 1838
1392 1534
1393 1421
1399 1986
1401 1512
1403 1516
1406 1776
1407 1435
1425 1494
1425 1566
1426 1534
1426 1920
1430 1675
1440 1632
1442 1507
1445 1628
1445 1942
1447 1984
1450 1985
1451 1498
1452 1501
1465 1855
1470 1709
1480 1565
1485 1695
1492 1946
1498 1777
1506 1840
1525 1804
1527 1928
1535 1952
1564 1950
1575 1582
1579 1818
1586 1649
1601 1728
1602 1654
1602 1932
1610 1638
1618 1678
1623 1829
1642 1835
1642 1864
1643 1888
1651 1714
1656 1816
1673 1741
1684 1765
1686 1927
1691 1800
1704 1989
1708 1773
1724 1893
1769 1951
1770 1798
1782 1891
1791 1963
1799 1866
1812 1987
1853 1886
1879 1932
1898 1907
1935 1967
