2000
0 1033
1 1098
1 1781
2 1774
3 419
3 1882
4 259
5 1063
5 1291
5 1904
8 1888
9 1257
9 1596
10 521
10 676
10 1230
11 1061
12 839
12 1425
13 1126
14 1097
17 997
17 1959
18 659
19 1392
20 883
20 1722
21 262
21 1408
22 152
22 1292
22 1592
24 688
25 448
25 1525
26 1325
27 1720
28 35
30 32
30 510
31 728
31 1315
31 1411
32 1444
33 552
33 622
35 1817
36 545
37 750
38 1002
39 257
39 455
39 1306
40 1624
40 1628
40 1739
41 1438
43 1109
43 1157
43 1596
46 54
46 1106
46 1562
47 880
47 1743
49 929
49 1485
50 789
51 1243
52 660
55 163
56 289
56 877
56 1297
57 1375
58 1945
60 1040
60 1298
62 391
62 1109
63 481
66 131
66 645
66 1503
68 334
69 474
69 1101
70 1048
71 1661
72 119
72 1456
73 283
73 528
73 888
73 1120
74 728
75 514
77 1564
79 275
79 384
79 637
80 1018
81 1893
83 140
83 1879
84 239
84 535
85 1290
86 289
86 916
87 88
89 815
89 1732
90 106
92 956
92 1150
92 1541
93 1255
93 1673
97 119
97 1978
98 811
98 1186
99 952
99 1074
99 1287
99 1899
101 1789
102 401
102 793
102 1057
102 1209
103 777
106 546
106 794
107 1179
107 1353
108 1040
109 310
110 1220
110 1368
112 707
112 926
112 1997
113 1939
115 1484
116 275
116 1257
117 142
117 1497
117 1574
117 1896
118 801
119 1369
120 1159
120 1446
121 644
122 1842
123 1079
123 1853
124 675
125 159
125 1540
126 536
127 186
127 213
127 962
127 1417
127 1436
128 768
131 483
133 808
133 930
134 1229
135 1787
137 907
139 1576
139 1876
141 412
141 1357
141 1722
144 848
145 233
145 513
146 467
147 990
147 1962
148 1179
150 341
150 574
150 1656
151 1108
152 869
153 433
153 1820
155 1001
156 698
156 1344
157 1038
158 485
158 628
158 1281
159 673
160 1374
162 814
162 1303
163 201
163 1832
164 585
164 795
165 1170
165 1519
166 1317
167 544
167 655
168 779
168 809
168 1128
170 484
171 1637
175 1180
176 296
177 1089
178 864
178 1026
179 879
180 1690
181 515
181 683
182 512
183 1677
183 1931
184 1068
184 1201
184 1929
185 665
186 320
186 391
186 1275
186 1909
188 226
188 1233
188 1279
188 1570
189 1302
189 1518
189 1736
191 628
193 529
193 539
194 482
195 768
197 981
198 1981
199 900
199 1859
200 1550
201 1000
201 1347
201 1592
202 1870
204 963
205 1266
206 362
207 215
208 1714
209 1961
210 1427
211 1490
213 1611
214 824
216 1844
217 267
217 1227
217 1735
218 1557
219 579
221 1891
221 1996
222 424
222 1102
222 1920
223 1070
225 1955
226 518
226 1118
226 1276
226 1448
226 1782
226 1993
227 1587
227 1674
229 373
229 1138
229 1696
229 1900
231 415
231 1008
232 499
234 1843
235 1831
235 1862
237 1413
238 1929
240 387
240 779
241 715
241 971
242 944
242 1600
244 495
245 923
245 1335
245 1542
246 670
247 496
247 767
247 1139
248 1303
248 1788
249 494
249 794
250 668
250 1747
252 282
253 397
255 489
255 687
256 1007
256 1297
257 712
257 1937
258 519
258 718
259 1164
261 309
261 403
261 1033
261 1280
262 363
264 271
265 725
265 1707
265 1868
265 1869
266 1122
266 1867
268 761
268 1436
269 1098
269 1189
269 1673
270 845
270 1138
270 1466
272 1387
276 1868
278 1187
279 1251
279 1562
281 988
282 1855
282 1898
283 1393
284 328
284 481
284 1177
285 1170
288 492
288 1384
288 1554
289 1585
290 484
292 1092
293 613
293 1131
293 1270
293 1857
294 1518
295 1110
296 1757
299 491
299 1915
300 1199
300 1377
302 547
302 1100
302 1982
303 1092
304 1119
306 1329
307 1341
307 1476
308 1728
310 1527
310 1989
311 1011
312 466
312 910
314 1325
316 570
317 1291
317 1706
318 882
319 903
319 1541
324 1545
324 1986
328 1527
328 1705
330 1855
334 353
335 689
335 910
335 1447
336 1054
336 1309
337 1479
338 425
338 1646
339 1620
340 751
340 1397
341 888
342 1055
342 1643
344 724
344 1130
345 1100
346 1552
346 1950
347 723
347 1132
347 1756
348 946
349 858
349 1140
350 763
351 1752
352 1392
352 1516
352 1537
353 988
354 850
355 531
355 1133
356 381
356 681
356 921
357 1521
359 604
361 1456
361 1471
362 860
363 1097
364 556
364 1074
365 992
366 824
366 1502
369 545
369 827
369 1833
370 1789
372 625
372 1653
373 1012
374 1131
375 1264
378 1180
379 549
379 947
381 414
382 831
382 1460
382 1774
385 995
386 599
387 826
388 1026
388 1693
392 1446
392 1771
392 1988
393 789
393 1481
394 474
394 688
396 1018
397 1627
399 1471
400 1491
400 1596
401 1960
402 688
402 1315
403 811
405 694
406 994
406 1141
408 1360
408 1401
412 1190
412 1251
412 1977
416 784
416 825
417 716
419 1121
419 1379
419 1568
421 758
421 1637
422 633
423 1156
428 492
428 965
430 1842
433 1996
435 749
435 818
437 969
437 1136
438 613
438 1085
439 555
439 1095
441 1841
443 569
443 592
443 1640
443 1769
443 1858
447 1352
447 1727
449 1511
450 606
450 781
451 1526
452 699
454 1587
456 1208
457 991
457 1683
457 1816
458 1700
460 680
460 1946
462 507
462 1016
464 1640
469 1512
471 1646
472 1666
474 1417
474 1618
477 1131
477 1814
478 511
478 920
481 494
482 1845
483 765
484 649
484 1233
484 1745
485 699
485 1783
489 1265
489 1932
494 627
495 1818
496 1340
498 656
498 1485
501 979
503 621
503 1768
504 574
504 1279
505 1840
506 1009
507 1808
510 995
511 1034
511 1731
512 1800
513 1326
514 712
514 1716
514 1757
516 1284
516 1425
519 705
519 1507
520 913
521 751
522 1543
524 1504
526 1357
527 1789
528 1111
528 1799
530 1261
533 1097
534 1267
535 949
535 1199
535 1414
537 630
539 1541
540 990
540 1417
540 1468
541 689
542 1531
544 734
544 1898
545 1563
546 1645
546 1780
547 1378
548 1451
551 698
552 1650
553 870
554 842
554 1187
555 864
555 1961
556 871
557 1047
558 573
559 1157
564 1239
564 1441
564 1884
565 1836
566 1167
567 928
567 1480
569 926
572 676
572 798
572 1286
572 1966
573 1483
574 989
574 1006
576 1617
576 1856
577 601
577 648
577 1458
581 1110
581 1380
581 1921
582 1387
582 1526
583 625
584 1413
585 840
585 1572
588 930
588 1317
591 698
591 1181
592 1752
595 1498
595 1738
597 687
597 1758
598 1480
599 1061
599 1163
600 783
601 934
601 1788
602 1830
603 1018
606 851
607 979
607 1245
607 1584
608 1039
609 786
609 1609
610 1728
611 741
611 1190
614 1747
615 1913
616 720
616 1494
618 1864
619 822
619 878
623 1957
625 924
626 1313
626 1825
627 1127
628 1291
631 1616
632 635
633 1439
633 1944
635 923
636 795
637 912
637 1081
638 1899
640 1854
642 676
642 1609
643 711
644 1872
645 1628
647 966
647 1945
650 1795
651 761
652 1578
652 1744
652 1783
653 1396
653 1964
657 1115
658 1805
660 1419
661 1189
664 855
664 1691
664 1826
666 1661
668 1391
668 1773
670 1515
671 1675
672 1260
674 1808
675 1917
676 1571
678 1082
679 1720
680 769
682 946
682 1140
683 776
683 897
683 1778
683 1782
685 1185
685 1868
686 989
689 891
689 1804
691 1183
693 773
693 1056
694 1597
696 881
696 1205
699 780
699 1761
700 750
700 1791
702 778
702 1368
703 805
703 917
703 969
703 1875
706 1966
711 986
712 977
712 1428
713 1210
717 1465
717 1812
718 1933
721 731
721 988
724 1212
724 1373
726 1075
727 914
731 1167
731 1289
733 1476
734 1996
735 1113
735 1617
735 1801
737 1425
740 971
741 809
741 1116
741 1210
746 1268
746 1507
747 1124
747 1758
748 1244
748 1596
749 1046
749 1288
749 1935
750 820
750 1644
751 1776
756 1512
758 1146
760 1745
763 995
763 1837
766 1102
766 1941
768 1360
769 1573
773 849
774 1775
775 807
776 914
776 1391
777 1076
777 1609
778 1104
778 1333
779 981
779 1177
779 1611
780 1072
780 1340
780 1714
781 1511
782 1468
782 1751
787 1014
788 1581
789 1922
792 1270
794 914
794 1185
797 1546
797 1682
799 1260
802 1906
806 1065
806 1104
806 1191
808 1400
808 1550
810 1440
811 1100
811 1334
812 1537
813 1350
814 1076
816 1153
817 869
819 1340
824 1566
827 1692
829 1379
831 887
831 1431
832 1948
833 1794
833 1928
835 1903
837 1174
841 1601
841 1827
843 963
843 1958
846 1685
847 1660
849 868
849 1735
852 1452
853 1965
855 937
855 1088
856 1541
857 1257
857 1369
859 1584
860 1373
861 1403
863 1029
863 1711
865 1515
865 1520
865 1790
867 1483
867 1585
869 918
870 1281
873 1876
874 1260
876 1362
877 1354
877 1680
879 911
879 1388
880 1408
880 1887
881 1388
881 1924
884 1174
884 1412
885 1703
886 1640
887 899
887 1135
890 1579
894 1112
894 1228
894 1571
896 1168
897 1635
898 1722
902 1017
902 1520
903 1116
903 1203
903 1240
903 1536
904 1456
904 1484
904 1487
904 1806
906 1791
909 1587
911 1063
911 1465
913 1807
913 1886
915 1510
917 1177
917 1652
917 1760
918 989
920 956
920 1318
920 1460
920 1537
923 1458
923 1703
926 1137
926 1427
929 1711
929 1847
929 1883
931 1716
932 1271
932 1667
933 1874
936 1607
936 1618
937 1387
937 1713
937 1802
939 1962
942 1266
943 986
943 1666
948 1544
949 1846
952 1053
960 1351
960 1849
963 1625
963 1830
964 1264
964 1320
964 1413
965 981
965 1723
966 1491
968 1440
968 1573
970 1846
971 1044
971 1171
973 1127
973 1303
973 1587
976 1983
979 1726
979 1904
986 1123
990 1867
992 1421
993 1201
994 1052
994 1163
995 1976
997 1992
1000 1249
1002 1892
1003 1045
1005 1266
1006 1456
1008 1110
1009 1672
1009 1922
1010 1976
1011 1039
1011 1231
1012 1714
1014 1404
1015 1134
1017 1245
1018 1787
1018 1887
1019 1212
1021 1623
1023 1375
1023 1793
1023 1959
1024 1388
1028 1629
1029 1476
1031 1748
1033 1768
1033 1983
1035 1514
1037 1471
1038 1153
1038 1425
1039 1441
1039 1653
1041 1054
1041 1118
1041 1854
1042 1607
1043 1207
1043 1221
1044 1556
1044 1892
1045 1780
1047 1223
1049 1396
1049 1985
1050 1904
1051 1462
1052 1993
1053 1078
1055 1090
1061 1884
1064 1206
1064 1935
1065 1238
1067 1493
1071 1346
1071 1804
1073 1543
1075 1129
1075 1168
1076 1605
1076 1980
1077 1912
1078 1130
1079 1709
1079 1866
1079 1996
1080 1915
1081 1684
1083 1962
1085 1417
1085 1942
1086 1154
1086 1846
1097 1887
1100 1281
1102 1131
1103 1261
1105 1851
1106 1994
1109 1656
1110 1391
1112 1775
1116 1661
1120 1446
1121 1933
1124 1271
1126 1475
1126 1756
1127 1139
1132 1555
1134 1158
1135 1864
1135 1959
1136 1758
1137 1285
1138 1536
1141 1389
1142 1858
1143 1427
1143 1728
1144 1918
1145 1175
1145 1995
1148 1639
1152 1630
1152 1951
1153 1703
1154 1417
1154 1936
1155 1494
1157 1181
1157 1573
1157 1767
1162 1423
1164 1827
1166 1827
1167 1208
1167 1590
1170 1674
1171 1977
1172 1743
1173 1884
1175 1202
1175 1279
1177 1798
1179 1648
1185 1534
1185 1674
1186 1572
1189 1414
1191 1512
1193 1740
1194 1326
1194 1597
1197 1954
1198 1514
1201 1979
1203 1917
1206 1433
1207 1616
1212 1426
1213 1982
1216 1730
1217 1769
1218 1812
1220 1439
1220 1639
1221 1455
1221 1942
1224 1340
1224 1495
1224 1644
1226 1464
1226 1649
1227 1471
1229 1711
1231 1997
1235 1393
1235 1755
1235 1841
1236 1254
1236 1478
1237 1701
1240 1393
1241 1421
1242 1940
1242 1989
1244 1988
1245 1315
1246 1767
1249 1285
1249 1337
1255 1304
1255 1468
1257 1877
1258 1571
1259 1811
1260 1277
1263 1592
1263 1772
1270 1988
1271 1955
1272 1848
1276 1432
1276 1668
1276 1877
1279 1843
1280 1982
1281 1809
1282 1463
1284 1370
1291 1980
1292 1368
1297 1507
1297 1726
1297 1748
1298 1882
1300 1696
1300 1885
1310 1437
1313 1612
1314 1547
1314 1829
1315 1316
1317 1890
1323 1729
1325 1724
1326 1934
1329 1706
1332 1775
1333 1545
1333 1561
1336 1359
1342 1858
1343 1595
1345 1511
1346 1487
1347 1418
1348 1525
1349 1943
1350 1417
1350 1853
1351 1367
1352 1384
1352 1822
1364 1443
1368 1906
1369 1688
1372 1668
1373 1584
1374 1687
1374 1715
1374 1718
1374 1907
1378 1835
1378 1982
1379 1998
1380 1744
1386 1870
1388 1862
1389 1567
1391 1645
1391 1925
1392 1684
1399 1610
1400 1939
1403 1449
1406 1409
1406 1532
1406 1562
1407 1920
1412 1839
1414 1867
1417 1475
1418 1489
1420 1622
1427 1838
1429 1500
1431 1893
1434 1749
1435 1888
1438 1466
1443 1622
1444 1819
1446 1913
1450 1547
1452 1484
1455 1603
1455 1755
1455 1876
1456 1833
1457 1555
1457 1680
1458 1748
1464 1652
1466 1695
1476 1561
1478 1572
1478 1633
1478 1822
1479 1588
1481 1592
1485 1650
1486 1878
1491 1959
1492 1607
1495 1664
1497 1583
1498 1591
1507 1568
1509 1890
1510 1732
1511 1990
1512 1846
1518 1707
1521 1797
1521 1921
1523 1610
1526 1669
1529 1962
1532 1617
1532 1632
1532 1655
1533 1642
1535 1711
1542 1914
1543 1981
1549 1659
1550 1572
1553 1887
1560 1731
1566 1880
1568 1630
1569 1967
1570 1774
1575 1866
1580 1782
1581 1902
1583 1934
1588 1696
1590 1803
1594 1746
1602 1921
1606 1993
1607 1760
1620 1888
1623 1989
1624 1680
1633 1671
1635 1931
1637 1859
1641 1841
1656 1952
1670 1701
1672 1926
1676 1693
1676 1960
1694 1889
1704 1793
1707 1772
1710 1997
1720 1960
1721 1857
1721 1921
1727 1858
1729 1849
1729 1937
1731 1877
1732 1777
1738 1885
1742 1985
1745 1851
1747 1802
1751 1762
1756 1941
1759 1785
1759 1914
1765 1839
1773 1841
1776 1886
1780 1854
1780 1979
1785 1897
1802 1803
1804 1966
1817 1878
1820 1851
1820 1921
1916 1965
1924 1932
1942 1963
1943 1997
1968 1999
