2000
0 139
0 282
0 521
0 825
0 1311
0 1359
0 1448
1 420
1 653
1 715
1 938
1 1710
1 1956
2 11
2 126
2 334
2 392
2 420
2 423
2 827
2 1210
2 1364
2 1435
2 1668
3 412
3 495
3 571
3 670
3 1454
3 1513
3 1922
4 30
4 185
4 533
4 1130
4 1342
4 1452
4 1832
5 77
5 163
5 214
5 616
5 912
5 1447
5 1975
6 325
6 387
6 486
6 587
6 1245
7 20
7 655
7 1104
7 1406
7 1417
7 1668
7 1726
8 425
8 603
8 623
8 1273
8 1363
8 1518
8 1729
8 1818
9 78
9 839
9 1323
9 1486
9 1632
9 1656
9 1822
10 269
10 473
10 499
10 730
10 1300
10 1671
10 1833
11 34
11 90
11 516
11 778
11 861
11 1070
12 65
12 429
12 612
12 735
12 882
12 1091
12 1363
12 1393
12 1634
12 1759
12 1874
13 163
13 207
13 668
13 858
13 865
13 997
13 1045
13 1313
13 1469
13 1994
14 148
14 403
14 406
14 455
14 462
14 1192
14 1597
14 1855
15 624
15 892
15 1126
15 1130
15 1315
15 1721
16 96
16 419
16 682
16 1544
17 212
17 1197
17 1759
17 1970
18 155
18 391
18 687
18 818
18 1165
18 1364
18 1485
18 1577
18 1848
18 1975
19 180
19 1151
19 1326
19 1432
19 1556
19 1609
19 1688
19 1980
20 338
20 980
20 1039
20 1041
20 1145
20 1187
20 1479
20 1619
20 1657
20 1830
21 267
21 386
21 487
21 763
21 1209
21 1682
21 1775
22 567
22 774
22 1554
22 1724
22 1773
22 1822
23 516
23 940
23 1642
23 1761
23 1981
24 122
24 149
24 163
24 306
24 601
24 817
24 1238
25 70
25 281
25 635
25 636
25 1244
25 1943
26 132
26 428
26 1550
26 1673
26 1720
26 1993
27 129
27 424
27 830
27 1161
27 1328
27 1552
27 1713
27 1944
28 627
28 728
28 847
28 1259
28 1283
28 1437
28 1488
28 1603
28 1848
28 1967
29 98
29 410
29 929
29 1270
29 1316
29 1518
29 1531
29 1637
29 1858
30 60
30 62
30 851
31 735
31 803
31 905
31 993
31 1065
31 1191
31 1648
31 1773
31 1811
31 1895
32 301
32 447
32 468
32 549
32 983
32 1162
32 1222
32 1320
32 1559
32 1695
32 1866
33 403
33 454
33 803
33 1095
33 1424
33 1602
33 1608
33 1703
33 1879
33 1885
33 1923
33 1939
34 129
34 146
34 225
34 347
34 356
34 782
34 1059
34 1471
34 1726
34 1807
34 1838
35 260
35 711
35 959
36 129
36 240
36 520
36 686
36 969
36 1082
36 1765
36 1815
37 189
37 586
37 737
37 886
37 1638
38 93
38 183
38 671
38 1821
39 60
39 294
39 332
39 558
39 762
39 828
39 1011
39 1042
39 1059
40 253
40 453
40 740
40 866
40 1141
41 124
41 407
41 918
41 1089
41 1328
42 323
42 541
42 830
42 902
42 1235
42 1394
42 1410
42 1702
43 383
43 607
43 744
43 1125
43 1204
43 1225
43 1592
44 229
44 366
44 650
44 902
44 1491
44 1728
44 1865
45 46
45 108
45 384
45 429
45 453
45 558
45 828
45 877
45 1276
45 1507
45 1660
46 587
46 834
46 904
47 255
47 570
47 863
47 880
47 1348
47 1732
48 138
48 475
48 1102
48 1359
48 1588
49 189
49 225
49 286
49 356
49 464
49 926
49 1737
50 198
50 333
50 422
50 574
50 859
50 919
50 997
50 1178
50 1340
50 1627
50 1665
50 1747
51 137
51 155
51 509
51 542
51 813
51 1116
51 1506
51 1608
51 1644
51 1682
51 1967
52 890
52 1008
52 1154
52 1692
53 114
53 135
53 202
53 659
53 1022
53 1054
53 1079
53 1557
53 1626
53 1854
54 997
54 1323
54 1552
55 107
55 796
55 851
55 1201
55 1251
55 1539
55 1577
56 62
56 147
56 556
56 620
56 665
56 1147
56 1191
56 1424
56 1634
57 302
57 349
57 567
57 991
57 1310
57 1560
57 1831
57 1901
58 258
58 734
58 765
59 428
59 576
59 757
59 764
59 797
59 1850
60 294
60 732
60 739
60 796
60 1099
60 1224
60 1341
60 1507
60 1534
60 1630
60 1634
61 584
61 1917
62 138
62 573
62 1136
62 1463
63 349
63 465
63 818
63 892
64 305
64 325
64 712
64 781
64 1217
64 1502
64 1636
64 1711
64 1919
65 71
65 891
65 903
65 1759
65 1845
66 115
66 219
66 258
66 275
66 371
66 762
66 934
66 1225
66 1693
66 1860
67 376
67 729
67 957
67 971
68 549
68 666
68 726
68 850
68 995
68 1366
68 1462
68 1712
69 546
69 1135
70 248
70 295
70 633
70 747
70 915
70 986
70 1124
70 1329
70 1717
71 944
71 1609
71 1644
72 234
72 671
72 697
72 851
72 886
72 1072
72 1331
72 1635
73 218
73 358
73 408
73 627
73 636
73 1283
73 1392
73 1644
73 1825
74 1171
74 1562
75 995
75 1538
75 1965
76 716
76 1255
76 1994
77 996
77 1469
78 152
78 217
78 303
78 407
78 562
78 789
78 1002
78 1447
78 1583
78 1664
78 1985
79 210
79 647
79 746
79 869
79 1087
79 1168
79 1418
79 1575
80 299
80 877
80 995
80 1084
80 1219
80 1244
80 1811
81 1083
81 1115
81 1268
81 1454
82 295
82 424
82 697
82 828
82 1311
82 1722
82 1744
83 339
83 860
83 1047
83 1534
83 1722
83 1754
83 1786
84 345
84 641
84 1270
84 1384
84 1890
84 1926
84 1945
85 118
85 268
85 424
85 1116
85 1311
85 1315
85 1355
85 1448
85 1474
85 1735
85 1737
85 1829
85 1863
86 120
86 507
86 691
86 856
86 949
86 956
86 1702
87 485
87 671
87 758
87 1082
87 1627
87 1739
88 133
88 217
88 463
88 710
88 864
88 1008
88 1881
88 1951
89 574
89 977
89 997
89 998
90 891
90 1140
90 1349
91 1038
91 1792
91 1876
92 94
92 420
92 491
92 702
92 768
92 1620
92 1699
92 1722
92 1942
93 822
93 929
93 1197
93 1243
93 1370
93 1773
93 1820
94 769
94 1227
94 1659
94 1811
94 1812
95 213
95 235
95 297
95 695
95 1145
95 1433
95 1730
95 1827
96 432
96 657
96 1215
96 1996
97 792
97 1014
97 1583
98 726
98 961
98 1048
98 1759
98 1813
99 102
99 399
99 438
99 964
99 1297
99 1326
99 1454
99 1582
99 1820
100 166
100 526
100 602
100 629
100 659
100 785
100 1081
100 1187
100 1322
100 1979
101 298
101 324
101 353
101 587
101 659
101 1267
101 1309
101 1503
101 1740
101 1783
102 506
102 562
102 1185
102 1267
102 1326
102 1589
102 1861
103 527
103 921
103 1043
103 1122
103 1169
103 1291
103 1460
103 1674
103 1967
103 1988
104 177
104 222
104 425
104 503
104 705
104 996
104 1188
104 1496
105 525
105 1337
105 1813
106 369
106 563
106 615
106 701
106 910
106 1303
106 1522
106 1764
107 248
107 1194
107 1318
107 1546
107 1713
107 1855
107 1934
107 1979
108 276
108 415
108 550
108 619
108 649
108 711
108 799
108 1073
108 1107
108 1544
108 1771
109 194
109 229
109 585
109 744
109 761
109 835
109 1006
109 1128
109 1807
109 1970
110 213
110 427
110 471
110 526
110 707
110 926
110 928
110 1018
110 1128
110 1402
110 1453
110 1454
110 1487
110 1590
110 1687
110 1743
111 164
111 529
111 548
111 1285
111 1330
111 1344
111 1466
111 1485
111 1642
111 1715
111 1995
112 212
112 482
112 806
112 1095
112 1129
112 1232
112 1245
112 1276
112 1501
112 1818
113 157
113 427
113 509
113 523
113 674
113 940
113 973
113 1196
113 1795
114 202
114 211
114 350
114 543
114 757
114 1583
114 1771
114 1855
115 137
115 560
115 608
115 1537
115 1831
115 1863
115 1870
115 1905
116 615
116 1545
116 1728
116 1773
117 217
117 237
117 802
117 903
117 1198
117 1444
117 1602
117 1727
118 462
118 531
118 968
118 1312
118 1342
118 1398
118 1559
118 1681
118 1797
118 1999
119 147
119 743
119 1735
119 1812
120 298
120 308
120 443
120 678
120 1095
120 1099
120 1315
121 277
121 342
121 638
121 1204
121 1839
122 265
122 278
122 372
122 697
122 1179
122 1195
122 1614
122 1720
122 1727
123 260
123 624
123 648
123 728
123 848
123 965
123 1103
124 305
124 619
124 896
124 1635
124 1691
124 1779
124 1982
125 152
125 588
125 1263
125 1728
125 1887
126 592
126 640
126 815
126 1214
126 1347
126 1649
126 1692
126 1844
127 137
127 454
127 720
127 790
127 1050
127 1088
128 175
128 248
128 261
128 278
128 519
128 1128
128 1386
128 1441
128 1481
128 1975
129 409
129 1077
129 1628
130 187
130 675
130 1832
131 356
131 1860
132 307
132 488
132 724
132 1184
132 1303
132 1385
132 1396
132 1827
132 1850
132 1949
133 349
133 390
133 744
133 1630
133 1943
134 211
134 1194
134 1201
135 259
135 421
135 555
135 989
135 1138
136 428
136 665
136 1558
136 1731
137 752
137 762
137 993
137 1780
138 446
138 1122
138 1505
138 1576
138 1599
139 227
139 278
139 349
139 379
139 432
139 1041
139 1182
139 1747
140 400
140 473
140 741
140 1163
140 1328
140 1376
141 222
141 1072
141 1117
142 208
142 628
142 832
142 964
142 1016
142 1098
142 1297
142 1311
142 1586
142 1602
143 648
143 1063
143 1172
143 1183
143 1538
143 1647
143 1663
143 1744
144 304
144 365
144 648
144 862
144 1028
144 1044
144 1418
144 1539
144 1544
144 1930
145 479
145 543
145 604
145 728
145 1824
146 383
146 745
146 919
146 1889
146 1926
147 255
147 399
147 1192
147 1344
148 1249
148 1624
148 1792
149 1219
149 1338
149 1597
149 1742
149 1865
149 1999
150 690
150 1004
150 1394
150 1432
151 165
151 262
151 731
151 912
151 1156
151 1379
152 309
152 1282
152 1751
153 234
153 416
153 458
153 526
153 703
153 808
153 831
153 1261
153 1264
153 1348
154 356
154 420
154 876
154 884
154 1350
154 1944
155 166
155 633
155 718
155 1055
155 1263
155 1634
155 1690
156 454
156 494
156 509
156 510
156 1464
156 1498
157 227
157 519
157 945
157 1317
157 1385
157 1564
157 1760
158 1433
159 692
159 897
160 206
160 317
160 450
160 598
160 660
160 738
160 858
160 975
160 988
160 1229
160 1237
160 1285
160 1439
160 1938
161 489
161 835
161 1074
161 1828
162 325
162 670
162 1001
162 1422
162 1492
162 1652
162 1922
163 451
163 722
163 1239
163 1310
163 1476
163 1492
163 1689
163 1792
163 1794
163 1890
164 427
164 526
164 535
164 588
164 1324
164 1371
164 1478
164 1569
165 208
165 309
165 365
165 642
165 655
165 749
165 1148
165 1741
166 594
166 785
166 826
166 1425
166 1796
166 1876
166 1958
167 180
167 406
167 582
167 699
167 754
167 1290
167 1546
168 393
168 594
168 647
168 1069
168 1599
168 1697
168 1971
169 253
169 971
169 1696
170 203
170 652
170 679
170 761
170 1478
170 1697
170 1861
170 1886
171 606
171 774
171 1191
171 1275
171 1649
172 692
172 1291
172 1450
173 446
173 906
173 927
173 1005
173 1026
173 1160
173 1431
173 1696
173 1797
173 1830
174 520
174 766
174 993
174 1110
174 1402
174 1557
174 1596
174 1827
175 337
175 541
175 703
175 871
175 1164
175 1314
175 1616
175 1637
175 1721
175 1740
176 637
176 643
176 904
176 1370
177 635
177 929
177 1471
177 1520
178 242
178 449
178 558
178 1029
178 1184
178 1712
179 671
179 1079
179 1215
179 1370
179 1594
179 1672
179 1806
180 852
180 1027
180 1283
180 1879
181 526
181 629
181 916
181 1082
181 1115
181 1250
181 1505
181 1845
181 1962
182 538
182 609
182 611
182 655
182 705
182 1570
182 1579
183 670
183 798
183 875
183 998
183 1000
183 1038
183 1048
183 1267
183 1310
183 1319
183 1436
183 1629
183 1817
184 311
184 351
184 644
184 663
184 734
184 892
184 1035
184 1415
184 1606
184 1748
184 1844
185 256
185 970
185 1406
185 1562
185 1639
186 426
186 447
186 524
186 1138
186 1212
186 1292
186 1359
186 1536
186 1594
186 1894
187 641
187 946
187 1348
187 1669
187 1971
188 336
188 421
188 589
188 917
188 1223
188 1313
188 1471
188 1973
189 522
189 1096
189 1182
189 1739
189 1909
190 219
190 500
190 630
190 896
190 1224
190 1253
190 1606
190 1977
191 239
191 276
191 883
191 971
191 1012
191 1129
191 1178
191 1559
191 1617
191 1811
191 1923
191 1983
192 328
192 708
192 944
192 1559
193 756
193 854
193 912
193 1202
193 1920
194 284
194 325
194 1008
194 1021
194 1326
194 1367
194 1548
194 1559
194 1563
194 1587
194 1590
194 1827
194 1863
195 645
195 869
195 995
195 1302
195 1359
195 1979
196 464
196 909
196 1547
196 1722
196 1777
197 330
197 446
197 701
197 1001
197 1173
197 1245
197 1275
197 1300
197 1402
197 1519
197 1557
197 1685
197 1955
198 252
198 427
198 551
198 1097
198 1404
198 1513
198 1795
199 273
199 387
199 551
199 880
199 1582
200 624
200 851
200 950
200 1146
200 1230
200 1891
201 541
201 627
201 714
201 986
201 1558
202 389
202 696
202 962
202 1462
202 1556
203 1900
204 558
204 700
204 760
204 857
204 1061
204 1457
204 1533
204 1810
204 1867
204 1981
205 277
205 279
205 683
205 1230
205 1412
206 1005
207 499
207 1262
207 1271
207 1330
207 1535
207 1636
208 445
208 520
208 637
208 1202
208 1209
208 1685
208 1836
208 1889
209 238
209 244
209 310
209 402
209 665
209 1042
209 1211
209 1459
209 1583
210 321
210 453
210 476
210 621
210 1442
210 1455
210 1816
210 1962
211 995
211 999
211 1091
211 1401
211 1579
211 1618
211 1927
212 229
212 1014
212 1049
212 1057
212 1111
212 1270
212 1546
213 257
213 370
213 454
213 865
213 888
213 953
213 1024
213 1138
213 1331
213 1424
213 1645
214 410
214 507
214 752
214 910
214 1172
214 1486
215 308
215 382
215 1035
215 1060
215 1103
215 1334
215 1454
215 1521
215 1567
216 359
216 738
216 846
216 1750
217 326
217 338
217 598
217 659
217 665
217 708
217 826
217 1147
217 1289
217 1895
218 231
218 1003
218 1021
218 1160
218 1258
218 1345
218 1533
218 1950
219 1024
219 1816
219 1829
220 578
220 759
220 797
220 986
220 1065
220 1261
220 1335
220 1367
221 1071
221 1473
221 1485
221 1501
221 1849
222 360
222 505
222 598
222 736
222 834
222 1237
222 1850
223 336
223 376
223 895
223 1187
223 1248
223 1679
223 1694
223 1849
224 508
224 678
224 1515
224 1767
225 537
225 600
225 634
225 721
225 896
225 1088
225 1524
225 1534
225 1907
225 1969
226 259
226 424
226 1073
226 1549
226 1614
227 244
227 591
227 1349
228 527
228 886
228 1470
228 1606
228 1652
228 1861
229 427
229 1095
229 1416
229 1572
229 1783
230 305
230 362
230 935
230 1194
230 1438
230 1499
230 1585
230 1641
230 1973
231 329
231 505
231 970
231 1029
231 1128
231 1423
231 1599
231 1691
231 1737
231 1852
232 444
232 826
232 1318
232 1362
232 1513
232 1674
232 1957
233 666
233 1334
233 1392
233 1867
234 275
234 288
234 1292
234 1489
234 1598
234 1617
235 442
235 597
235 682
235 771
235 1277
235 1444
236 270
236 369
236 1024
236 1108
236 1205
236 1449
236 1656
236 1954
237 808
237 1279
237 1455
237 1564
237 1736
238 463
238 919
238 953
238 1188
238 1506
238 1601
238 1746
238 1764
239 281
239 725
239 1197
239 1654
239 1736
240 272
240 331
240 400
240 511
240 853
240 928
240 960
240 984
240 1224
240 1395
240 1540
240 1799
240 1908
240 1964
241 308
241 1660
242 281
242 562
242 640
242 862
242 896
242 1045
242 1125
242 1237
242 1245
242 1357
242 1804
242 1910
243 388
243 1060
243 1213
243 1659
244 478
244 571
244 1188
244 1325
244 1382
244 1431
244 1683
245 389
245 566
245 811
245 1203
245 1492
245 1865
246 498
246 646
246 658
246 1028
246 1090
246 1399
246 1490
246 1701
246 1776
246 1778
247 323
247 700
247 1411
247 1495
247 1584
248 317
248 555
248 1189
248 1262
248 1327
248 1552
248 1835
249 406
249 1042
249 1144
249 1563
249 1832
250 364
250 660
250 865
250 994
250 1052
250 1078
250 1564
250 1567
251 313
251 447
251 539
251 669
251 727
251 820
251 976
251 1218
251 1640
252 1064
253 400
253 1145
253 1606
253 1988
254 452
254 564
254 694
254 1205
254 1296
254 1539
254 1778
255 369
255 375
255 736
255 915
255 1314
255 1689
255 1843
256 289
256 815
256 887
256 919
256 1185
256 1363
256 1396
256 1515
256 1533
256 1989
257 529
257 1003
257 1583
258 366
258 426
258 763
258 983
258 1311
258 1512
259 579
259 584
259 602
259 742
259 891
259 1260
259 1274
259 1360
259 1463
259 1662
259 1675
260 1056
260 1777
260 1934
260 1987
260 1996
261 339
261 609
261 745
261 786
261 920
261 947
261 1547
262 1014
262 1344
262 1774
263 951
263 996
263 1165
263 1337
263 1420
263 1529
263 1956
263 1974
264 273
264 518
264 785
264 944
264 1211
265 655
265 833
265 980
265 1442
265 1452
265 1878
265 1962
266 517
266 675
266 1210
266 1753
266 1776
266 1979
267 279
267 737
267 1036
267 1315
267 1323
267 1579
268 306
268 341
268 738
268 785
268 820
268 830
268 887
268 1537
268 1807
269 352
269 418
269 626
269 708
269 1195
269 1268
269 1289
269 1510
269 1645
269 1934
270 347
270 367
270 430
270 484
270 541
270 733
270 1090
270 1187
270 1332
270 1638
271 322
271 413
271 522
271 649
271 869
271 1220
271 1846
272 653
272 715
272 842
272 968
272 1492
272 1882
273 880
273 1226
273 1534
274 364
274 385
274 757
274 1583
274 1593
274 1694
275 1098
275 1320
275 1780
276 401
276 534
276 692
276 873
276 877
276 1052
276 1103
276 1327
276 1401
276 1772
276 1865
276 1888
276 1916
277 328
277 357
277 881
277 984
277 1177
277 1267
277 1595
277 1721
278 591
278 971
278 1383
278 1406
278 1935
279 412
279 513
279 520
279 575
279 998
279 1205
279 1516
279 1723
279 1994
280 491
280 692
280 707
280 715
280 807
280 1362
280 1460
280 1516
280 1760
281 452
281 529
281 567
281 984
281 1150
281 1806
281 1867
281 1933
282 372
282 754
282 1001
282 1140
282 1187
282 1229
282 1384
282 1478
282 1945
283 356
283 1175
283 1486
283 1501
283 1746
283 1785
284 629
284 822
284 830
284 1116
284 1309
284 1421
284 1437
284 1889
285 447
285 1207
285 1445
285 1453
286 590
286 710
286 1651
286 1988
287 575
287 616
287 641
287 1013
287 1165
287 1555
287 1966
288 664
288 857
288 1875
288 1904
289 624
289 1312
289 1994
290 437
290 863
290 930
290 1143
291 291
291 483
291 573
291 1294
291 1766
291 1827
292 406
292 634
292 880
292 882
292 912
292 1071
292 1096
292 1506
292 1647
293 507
293 878
293 894
293 1252
293 1932
294 327
294 356
294 851
294 876
294 1141
294 1743
294 1770
294 1943
294 1948
295 550
295 579
295 646
295 1318
295 1334
295 1375
296 1568
296 1839
297 700
297 1254
297 1316
297 1398
297 1612
297 1715
297 1758
297 1763
298 316
298 553
298 1678
298 1837
299 791
299 1015
299 1208
299 1324
299 1408
299 1582
299 1589
299 1732
299 1781
299 1790
299 1920
300 359
300 436
300 466
300 592
300 1208
300 1347
300 1681
301 385
301 413
301 708
301 1199
301 1391
302 562
302 646
302 684
302 766
302 962
303 461
303 612
303 1180
303 1998
304 513
304 614
304 906
304 1107
304 1225
304 1363
304 1788
305 488
305 776
305 963
305 1175
305 1383
305 1967
306 729
306 966
306 1502
306 1904
307 818
307 1216
307 1236
307 1348
307 1427
307 1764
307 1931
308 435
308 437
308 616
308 653
308 1040
308 1394
308 1685
308 1763
308 1765
309 423
309 444
309 692
309 1007
309 1049
309 1182
309 1224
309 1501
309 1636
309 1710
309 1733
310 646
310 731
310 954
310 1006
310 1113
310 1240
310 1408
310 1591
310 1823
310 1873
311 986
311 1181
311 1346
311 1468
311 1843
311 1976
312 708
312 712
312 780
312 961
312 965
312 1213
312 1277
312 1643
313 923
313 1660
313 1859
314 464
314 1106
314 1546
314 1655
314 1955
315 323
315 333
315 1679
316 693
316 919
316 1130
316 1318
316 1554
316 1901
316 1966
317 494
317 808
317 931
317 1089
317 1264
317 1366
317 1719
317 1907
318 600
318 716
318 1087
318 1191
318 1265
318 1848
319 493
319 644
319 849
319 1146
319 1147
319 1206
320 614
320 966
320 1144
320 1213
320 1509
320 1760
320 1796
320 1972
321 1065
321 1194
321 1310
321 1477
321 1700
321 1864
322 1354
322 1520
322 1605
323 370
323 547
323 834
323 924
323 1100
323 1472
323 1721
323 1848
323 1991
324 421
324 479
324 489
324 532
324 901
324 1097
324 1487
324 1577
324 1671
324 1877
325 457
325 736
325 806
325 1278
325 1446
326 516
326 548
326 1298
327 330
327 540
327 750
327 849
327 1283
327 1365
327 1499
327 1897
328 366
328 494
328 596
328 918
328 1202
329 589
329 876
329 1125
329 1244
329 1273
329 1655
329 1679
329 1745
329 1969
330 537
330 1015
330 1644
330 1739
330 1806
330 1891
331 336
331 1347
331 1862
332 503
332 546
332 573
332 613
332 1023
332 1608
332 1927
333 503
333 769
333 808
333 845
333 1056
333 1404
333 1432
333 1435
333 1442
333 1545
333 1550
333 1939
334 1535
334 1585
334 1632
334 1769
334 1963
335 713
335 958
336 453
336 470
336 1222
336 1359
336 1549
336 1623
336 1797
337 668
337 688
337 1175
337 1333
337 1359
337 1491
337 1509
337 1558
337 1796
338 643
338 977
338 1295
338 1308
338 1856
339 352
339 397
339 1559
339 1957
340 630
340 680
340 768
340 892
340 1067
340 1136
340 1565
340 1866
341 695
341 1227
342 674
342 692
343 387
343 546
343 683
343 869
343 883
343 898
343 970
343 1305
343 1667
343 1711
343 1797
343 1851
344 676
344 829
344 874
344 1286
344 1593
344 1772
345 886
345 1085
345 1249
345 1250
345 1350
345 1547
345 1897
345 1917
346 1036
346 1096
346 1258
346 1546
346 1642
346 1777
346 1876
346 1936
347 725
347 1493
347 1507
347 1563
347 1757
347 1895
347 1941
348 432
348 441
348 547
348 860
348 1125
348 1598
348 1745
348 1757
349 1039
349 1336
349 1680
350 370
350 912
350 1296
350 1433
351 366
351 374
351 539
351 890
351 908
351 1018
351 1078
351 1731
351 1781
352 482
352 563
352 670
352 1033
352 1159
352 1369
352 1673
353 374
353 1008
353 1202
353 1348
353 1674
353 1974
354 801
354 1042
354 1201
354 1639
354 1710
354 1947
355 487
355 912
355 1221
355 1279
355 1290
355 1750
356 792
356 844
356 923
356 1165
356 1201
356 1308
356 1530
356 1872
356 1957
357 394
357 468
357 490
357 538
357 557
357 1089
357 1199
357 1217
357 1411
357 1702
357 1968
358 377
358 517
358 834
358 1430
358 1543
358 1789
358 1833
359 475
359 961
359 1906
359 1923
359 1986
360 384
360 549
360 618
360 1166
360 1314
360 1394
360 1405
360 1638
360 1696
361 376
361 530
361 684
361 789
361 1140
362 709
362 1313
362 1590
362 1945
363 1076
363 1362
364 512
364 906
364 1052
364 1122
364 1319
365 748
365 794
365 901
365 960
365 1150
365 1258
365 1298
365 1413
366 606
366 771
366 1063
366 1411
367 537
367 885
367 1170
367 1568
368 857
368 883
368 1379
368 1567
368 1662
368 1689
369 685
369 864
369 1104
369 1277
370 514
370 1271
370 1449
370 1511
370 1651
371 440
371 942
371 1733
372 679
372 977
372 1038
372 1379
372 1442
372 1623
372 1995
373 377
373 740
373 1102
373 1111
373 1167
373 1468
373 1506
373 1985
374 586
374 1147
374 1223
374 1273
374 1633
374 1862
374 1898
375 564
375 568
375 593
375 1271
375 1431
375 1483
375 1600
375 1856
375 1917
375 1987
376 607
376 1054
376 1164
376 1975
377 779
377 1010
377 1181
377 1344
377 1474
377 1828
378 733
378 780
378 881
378 1271
378 1584
378 1834
378 1959
379 1277
379 1455
379 1671
379 1691
379 1876
380 589
380 607
380 1116
380 1253
380 1802
381 611
381 829
381 1064
381 1113
381 1819
382 731
382 746
382 1090
382 1210
382 1296
382 1487
382 1575
382 1925
383 452
383 473
383 501
383 504
383 716
383 777
383 1751
383 1961
383 1968
383 1973
384 692
384 955
384 957
384 1694
385 787
385 1292
385 1453
386 553
387 770
387 1030
387 1125
387 1892
388 454
388 788
388 865
388 1421
389 893
389 1079
389 1320
389 1547
389 1740
390 925
390 974
390 1105
390 1439
390 1611
391 499
391 582
391 805
391 1181
391 1814
392 434
392 1547
393 883
393 1200
393 1356
393 1675
393 1816
394 407
394 452
394 1230
394 1407
394 1447
394 1564
394 1663
394 1698
395 431
395 670
395 736
395 1116
395 1293
395 1960
396 965
396 1029
396 1692
396 1785
397 509
397 683
397 738
397 751
397 1427
397 1483
398 1314
398 1352
398 1913
398 1981
399 509
399 583
399 732
399 797
399 1462
399 1776
399 1782
400 797
400 1231
400 1278
400 1336
400 1428
400 1833
401 434
401 536
401 688
401 894
401 1021
401 1056
401 1201
401 1988
402 1514
402 1768
403 1028
403 1268
403 1301
404 483
404 1256
404 1438
404 1568
405 558
405 571
405 1148
405 1229
405 1275
405 1763
405 1976
406 420
406 549
406 562
406 578
406 627
406 1174
406 1512
406 1520
406 1611
406 1680
406 1790
406 1859
407 506
407 560
407 1455
407 1485
407 1497
407 1617
407 1782
408 419
408 646
408 814
408 1027
408 1099
408 1646
408 1908
409 592
409 1093
409 1178
409 1372
409 1469
409 1783
410 992
410 1444
410 1455
411 1660
411 1704
412 449
412 785
412 1213
412 1535
412 1729
412 1818
413 606
413 610
413 916
413 1656
414 511
414 559
414 1482
414 1831
415 504
415 855
415 859
415 888
415 1741
415 1795
415 1849
416 433
416 750
416 899
416 916
416 1015
416 1914
417 645
417 780
417 1592
417 1672
418 522
418 991
418 1077
418 1553
418 1777
418 1946
419 443
419 561
419 605
419 1052
419 1796
419 1840
420 666
420 771
420 1277
420 1317
420 1499
420 1996
421 823
421 1747
422 449
422 644
422 1025
422 1213
422 1314
422 1388
422 1546
422 1709
422 1837
423 529
423 625
423 1148
423 1426
424 1253
424 1311
424 1649
424 1798
424 1820
424 1848
424 1961
425 453
425 581
425 995
425 1223
425 1564
426 612
426 755
426 1060
426 1431
426 1649
426 1680
427 898
427 919
427 1034
427 1232
427 1480
427 1554
427 1588
427 1769
428 587
428 1325
428 1467
428 1571
428 1962
429 629
429 789
429 1076
429 1400
429 1429
429 1727
430 488
430 1190
430 1295
431 694
431 1039
431 1094
431 1363
431 1430
431 1498
431 1610
431 1680
432 477
432 567
432 709
432 1488
432 1635
432 1877
433 555
433 1274
433 1341
433 1358
433 1377
433 1491
433 1654
433 1922
434 585
434 739
434 849
434 1126
434 1589
435 699
435 1063
435 1451
436 439
436 821
436 1596
436 1695
436 1911
437 546
437 1161
437 1577
437 1710
437 1754
437 1885
437 1955
438 503
438 759
438 918
438 935
438 1035
438 1061
438 1382
438 1488
438 1541
438 1632
439 568
439 927
439 1178
439 1203
439 1232
439 1505
439 1610
439 1943
440 693
440 1221
440 1245
440 1286
440 1707
440 1868
441 583
441 597
441 1134
441 1146
441 1285
442 469
442 919
442 983
442 1027
442 1102
442 1254
442 1542
443 1227
443 1562
443 1619
443 1907
444 535
444 965
444 1014
444 1268
444 1510
444 1564
445 567
445 663
445 710
445 965
445 1089
445 1485
445 1648
446 779
446 873
446 956
446 1148
446 1522
446 1658
447 619
447 674
447 779
447 959
447 990
447 1125
447 1181
447 1196
447 1680
447 1690
447 1749
447 1782
448 856
448 1471
448 1813
449 459
449 714
449 902
449 1222
449 1476
450 1392
450 1494
451 664
451 1319
451 1795
452 844
452 940
452 1408
452 1418
452 1517
452 1668
452 1821
453 562
453 675
453 961
453 1301
453 1431
453 1642
453 1987
454 756
454 963
454 1191
454 1384
454 1462
454 1542
454 1980
455 1439
455 1810
456 550
456 1239
456 1383
456 1447
456 1458
456 1497
456 1779
457 469
457 1067
457 1122
457 1299
458 1009
458 1366
458 1642
458 1711
459 504
459 1190
459 1312
459 1343
460 905
460 1432
460 1686
461 829
461 848
461 895
461 946
461 1021
461 1416
461 1662
461 1733
462 1129
462 1220
462 1731
463 526
463 659
463 770
463 1095
463 1119
463 1290
463 1899
464 540
464 1803
464 1930
465 567
465 611
465 757
465 953
465 1484
465 1575
465 1863
466 500
466 787
466 805
466 834
466 940
466 1117
466 1259
466 1721
466 1808
466 1880
467 631
467 723
467 1218
467 1693
468 754
468 1056
468 1868
469 648
469 1115
469 1211
469 1583
469 1614
469 1728
469 1754
470 717
470 846
470 1658
470 1736
470 1891
471 712
471 816
471 817
471 1006
471 1107
471 1259
471 1617
471 1771
471 1867
471 1930
472 746
472 1135
472 1612
472 1790
472 1932
473 531
473 823
473 895
473 1178
473 1801
474 527
474 585
474 885
474 1632
474 1666
475 514
475 657
475 860
475 944
475 1010
475 1135
475 1383
475 1516
475 1524
475 1945
476 1303
477 680
477 919
477 1075
477 1079
477 1095
477 1697
478 686
478 858
478 1352
478 1608
479 599
479 927
479 944
479 1021
479 1544
479 1708
479 1781
480 562
480 570
480 857
480 916
480 944
480 1616
480 1943
481 533
481 673
481 882
481 1174
481 1327
481 1401
482 1172
482 1437
482 1619
482 1668
482 1869
483 589
483 774
483 802
483 805
483 937
483 1125
483 1141
483 1485
484 1319
484 1432
484 1699
484 1975
485 533
485 895
485 1120
485 1428
485 1446
485 1594
485 1626
485 1899
486 532
486 733
486 1430
486 1562
486 1817
486 1859
487 852
487 872
487 1277
487 1365
487 1995
488 862
488 980
488 1140
488 1973
489 622
489 1036
489 1253
489 1807
489 1855
490 595
490 811
490 1678
490 1781
490 1868
490 1901
491 1211
491 1470
491 1613
492 496
492 595
492 727
492 828
492 1594
492 1705
493 575
493 683
493 786
493 1453
493 1497
493 1757
493 1935
494 769
495 820
495 911
495 1048
495 1097
495 1258
495 1535
495 1924
496 846
496 896
496 915
496 986
496 1318
497 623
497 894
497 1097
497 1269
497 1715
498 684
498 735
498 843
498 1066
498 1206
498 1730
498 1768
498 1816
498 1915
499 835
499 988
499 1064
499 1521
500 1123
500 1561
500 1620
501 587
501 615
501 618
501 690
501 730
501 1583
501 1895
502 577
502 595
502 626
502 785
502 888
502 1915
502 1968
502 1983
503 558
503 711
503 715
503 1037
503 1595
503 1693
503 1826
504 586
504 620
504 725
504 952
504 1208
504 1852
504 1885
505 580
505 1198
505 1523
505 1730
506 526
506 645
506 927
506 1603
506 1605
506 1628
506 1857
506 1886
506 1969
507 649
507 1437
507 1898
507 1936
508 737
508 866
508 1284
508 1479
508 1693
508 1971
509 526
509 814
509 907
509 923
509 1029
509 1503
509 1656
509 1846
509 1938
510 653
510 1415
510 1525
512 665
512 1075
512 1420
512 1868
513 869
513 1004
513 1130
513 1332
513 1527
514 553
514 751
514 991
514 1531
514 1556
514 1596
514 1790
514 1873
515 781
515 1158
515 1389
515 1572
515 1711
515 1864
516 574
516 655
516 1419
516 1527
516 1655
517 560
517 578
517 614
517 664
517 1078
517 1740
517 1912
518 569
518 608
518 1034
518 1111
518 1307
518 1567
518 1942
519 545
519 678
519 1030
519 1966
520 890
520 898
520 1081
520 1716
520 1878
520 1960
521 850
521 1483
521 1657
521 1683
521 1796
521 1999
522 872
522 1034
522 1212
522 1830
523 773
523 976
523 982
524 849
524 1228
524 1370
524 1500
524 1541
524 1556
524 1728
525 633
525 867
525 1738
525 1773
525 1920
525 1941
526 592
526 599
526 671
526 676
526 1593
526 1838
526 1972
527 550
527 613
527 733
527 1032
527 1104
527 1223
527 1718
527 1832
527 1923
527 1957
528 834
528 1035
528 1090
528 1672
528 1693
529 616
529 628
529 750
529 1026
529 1420
529 1922
530 712
530 848
530 988
530 1269
530 1586
530 1786
530 1919
531 540
531 646
531 705
531 752
531 818
531 960
531 1094
531 1144
531 1290
531 1436
531 1919
532 676
532 866
532 963
532 1477
532 1691
533 619
533 741
533 905
533 1084
533 1333
533 1335
533 1554
534 554
534 669
534 779
534 1114
534 1214
534 1542
534 1555
534 1875
535 1832
536 702
536 1065
536 1731
536 1936
537 608
537 794
537 866
537 882
537 1160
537 1499
537 1592
539 596
539 1003
539 1015
539 1193
539 1571
539 1656
539 1770
540 590
540 750
540 1073
540 1372
540 1478
540 1671
541 542
541 594
541 1170
541 1216
541 1506
541 1560
541 1803
541 1886
541 1921
542 590
542 950
542 1308
542 1361
542 1572
542 1990
543 733
543 807
543 1121
543 1167
543 1348
543 1370
543 1467
543 1626
544 646
544 1432
544 1648
544 1700
544 1833
545 715
545 1089
545 1102
545 1106
545 1220
545 1607
545 1902
545 1943
546 606
546 865
546 997
546 1271
546 1471
547 1014
547 1067
547 1158
547 1205
547 1992
548 583
548 1269
548 1274
548 1562
548 1719
549 622
549 731
549 1001
549 1776
549 1931
550 855
550 952
550 1532
550 1636
550 1850
550 1884
551 592
551 1011
551 1175
552 1303
552 1886
552 1933
553 1402
553 1450
553 1451
553 1568
553 1614
553 1968
554 875
554 1348
554 1396
554 1499
554 1707
555 1074
555 1349
555 1900
555 1999
556 1163
556 1660
556 1868
558 733
558 1687
558 1697
558 1863
559 639
559 987
559 1208
559 1512
559 1667
559 1994
560 688
560 842
560 1071
560 1976
561 630
561 697
561 743
561 788
561 930
561 1089
561 1255
561 1444
561 1493
561 1538
561 1757
561 1855
562 1087
562 1753
563 1492
563 1538
563 1784
563 1910
563 1976
564 1066
564 1345
564 1655
564 1697
564 1754
565 1012
565 1446
565 1555
565 1585
566 581
566 1324
566 1473
566 1488
566 1540
566 1729
567 1417
567 1514
567 1682
567 1917
568 592
568 779
568 846
568 921
568 1055
568 1343
568 1666
569 783
569 863
569 1001
569 1241
569 1293
569 1819
570 936
570 996
570 1208
570 1546
570 1921
571 707
571 709
571 711
571 804
571 873
571 886
571 1289
571 1415
571 1656
571 1786
571 1869
571 1957
572 885
572 1157
572 1638
572 1737
573 1418
573 1666
574 785
574 789
574 807
574 1207
575 667
575 1123
576 729
576 936
576 941
576 1352
576 1540
576 1697
577 887
577 918
577 1287
578 1137
578 1298
578 1456
578 1563
578 1700
579 864
579 1165
579 1411
579 1777
580 616
580 622
580 727
580 1088
580 1470
580 1755
580 1894
581 689
581 759
581 1438
581 1629
581 1812
582 654
582 881
582 906
582 1463
582 1853
582 1923
583 584
583 1145
583 1380
585 781
585 1129
585 1285
585 1372
585 1544
586 1271
586 1669
586 1790
587 919
587 983
587 1197
587 1464
587 1521
588 835
588 915
588 1076
588 1382
588 1418
588 1733
588 1954
589 741
589 1977
590 859
590 1033
590 1222
590 1321
590 1489
590 1587
590 1611
590 1902
590 1948
591 1117
591 1228
591 1285
591 1494
591 1588
591 1607
591 1961
592 732
592 929
592 1003
592 1066
592 1466
592 1740
592 1955
593 753
593 1534
593 1573
593 1736
593 1801
593 1983
594 682
594 995
594 1981
595 677
595 681
595 688
595 934
595 1223
595 1327
595 1374
595 1679
596 1129
596 1342
596 1364
596 1452
596 1658
596 1686
596 1690
596 1763
596 1789
596 1793
596 1842
596 1919
597 1127
597 1365
597 1561
597 1586
597 1811
598 639
598 822
598 1235
598 1313
598 1892
599 666
599 953
599 1223
599 1626
599 1655
599 1694
599 1994
600 784
600 1250
600 1528
600 1751
600 1842
601 993
601 1063
601 1150
601 1492
601 1567
601 1636
601 1833
602 972
602 1384
602 1536
603 988
603 997
603 1014
603 1026
603 1328
604 895
604 1122
604 1616
605 722
605 1890
605 1967
606 847
606 1240
606 1310
606 1483
606 1520
607 1090
607 1149
607 1767
607 1946
608 651
608 831
608 1285
608 1435
608 1619
608 1656
608 1753
609 773
609 847
609 1006
609 1047
609 1062
609 1087
609 1099
609 1620
609 1788
609 1957
610 653
610 820
610 978
610 1113
610 1818
610 1940
611 816
611 931
611 1525
611 1627
612 1135
612 1282
612 1419
612 1566
612 1830
613 797
613 927
613 1261
613 1499
613 1709
613 1918
613 1936
614 1000
614 1715
615 918
615 1060
615 1203
615 1324
616 668
616 772
616 1244
616 1781
616 1940
618 711
618 1457
618 1492
619 1106
619 1142
619 1282
619 1889
620 1059
620 1548
621 632
621 854
621 1372
622 659
622 806
622 1347
622 1837
622 1933
623 893
623 954
623 1367
623 1878
623 1914
624 804
625 698
625 707
625 997
625 1703
625 1768
626 634
626 655
626 1025
626 1567
626 1582
627 1106
628 651
628 735
628 848
628 1016
628 1137
628 1456
628 1553
628 1570
628 1806
629 751
629 910
629 1117
629 1507
629 1715
629 1932
630 649
630 695
630 944
630 1055
630 1114
630 1855
631 1164
631 1211
631 1376
631 1493
631 1566
631 1766
631 1896
631 1989
632 762
632 917
632 933
632 935
632 1202
632 1483
632 1509
632 1890
633 1010
633 1619
634 1079
634 1211
634 1331
634 1500
634 1580
634 1597
634 1621
635 684
635 777
635 1218
635 1289
635 1900
635 1947
636 970
636 1134
636 1136
636 1296
636 1312
636 1401
637 729
637 843
637 858
637 905
637 912
637 1064
637 1323
637 1472
637 1613
637 1681
637 1990
638 845
638 1000
638 1585
639 1090
639 1101
639 1356
640 688
640 1535
640 1613
640 1774
641 957
641 1627
642 720
642 892
642 996
642 1297
642 1742
643 770
643 898
643 1342
643 1345
643 1490
643 1836
644 713
644 767
644 783
644 909
644 1012
644 1140
644 1596
644 1668
644 1750
644 1963
645 1292
645 1720
645 1758
646 662
646 1101
646 1296
646 1523
647 657
647 699
647 894
647 911
647 927
647 1575
648 929
648 954
649 749
649 859
649 1060
649 1192
649 1423
649 1459
649 1698
650 764
650 927
650 949
650 1225
650 1296
650 1703
650 1855
650 1916
651 666
651 768
651 937
651 978
651 1502
651 1605
651 1768
651 1890
651 1934
651 1974
651 1995
651 1996
652 905
652 1098
652 1160
652 1319
652 1860
653 1265
653 1536
653 1578
653 1796
654 857
654 1076
654 1173
654 1558
654 1703
655 674
655 1488
655 1643
655 1813
656 805
656 863
656 989
656 1154
656 1453
656 1884
657 1387
657 1407
657 1727
657 1823
657 1969
658 1339
658 1380
658 1505
658 1971
659 1284
659 1745
659 1818
659 1980
660 833
660 1250
660 1549
660 1844
661 1546
661 1689
661 1791
662 1313
662 1330
662 1512
662 1769
662 1927
663 1096
663 1194
663 1214
663 1553
663 1561
663 1849
663 1911
663 1941
664 740
664 797
664 1010
664 1103
664 1157
664 1317
665 670
665 897
665 1360
665 1421
665 1460
665 1648
665 1761
665 1943
666 765
666 1735
667 699
667 821
667 835
667 1056
667 1140
667 1420
667 1458
667 1527
668 860
668 1257
668 1530
668 1757
668 1978
669 780
669 1311
669 1947
669 1976
670 741
670 926
670 955
670 1417
670 1478
670 1924
671 866
671 1293
671 1461
671 1573
671 1664
671 1857
671 1864
671 1875
671 1876
672 962
672 1335
673 988
673 1546
673 1750
673 1756
674 841
674 1097
674 1158
675 1316
675 1354
676 1382
677 807
677 812
677 1114
677 1457
677 1961
678 725
678 1145
678 1649
678 1970
679 1456
679 1513
679 1863
679 1933
680 961
680 1085
680 1116
680 1268
680 1442
680 1470
680 1473
680 1723
680 1852
681 705
681 734
681 762
681 790
681 1112
681 1576
681 1749
681 1792
682 792
682 1804
683 721
683 961
683 1157
683 1268
683 1309
684 874
684 1171
684 1344
684 1533
684 1568
684 1671
684 1739
685 815
685 1154
685 1287
685 1389
685 1392
685 1524
685 1603
685 1779
685 1873
686 1157
686 1305
686 1320
686 1850
687 710
688 977
688 1007
688 1069
688 1293
688 1505
688 1655
688 1790
689 699
689 982
689 1178
689 1227
690 946
690 1208
690 1348
690 1732
690 1936
691 1292
691 1325
691 1460
691 1539
691 1554
691 1722
692 979
692 1183
692 1633
692 1641
692 1888
692 1893
693 978
693 994
693 1102
693 1126
693 1781
694 900
694 1630
694 1750
695 838
695 914
695 1022
695 1722
695 1909
695 1933
696 705
696 791
696 1450
696 1532
696 1809
697 1044
697 1096
697 1489
697 1698
697 1961
698 1613
698 1624
698 1953
699 907
699 1081
699 1084
699 1181
699 1210
699 1336
699 1426
699 1727
699 1945
699 1967
700 962
700 1742
700 1765
700 1849
701 760
701 1180
701 1287
701 1728
702 1694
702 1745
703 1418
703 1475
703 1827
703 1974
704 1164
704 1217
704 1274
704 1831
704 1944
705 929
705 1088
705 1175
705 1400
705 1689
706 1447
706 1699
706 1882
707 807
707 1271
707 1343
707 1387
707 1509
707 1723
707 1988
708 961
708 1094
708 1259
708 1485
708 1541
708 1601
708 1702
709 1200
709 1542
710 856
710 1037
710 1105
710 1746
711 752
711 1150
711 1157
711 1390
711 1624
712 976
712 1203
712 1232
712 1690
712 1715
713 753
713 1013
713 1446
713 1449
713 1846
713 1941
714 841
714 1008
714 1017
714 1173
714 1444
714 1513
715 744
715 784
715 798
715 827
715 1087
715 1119
715 1683
716 1100
716 1239
716 1639
717 1269
717 1447
717 1579
717 1857
717 1868
718 847
718 1405
718 1517
719 1320
719 1385
719 1830
720 1619
720 1681
720 1869
721 810
721 967
721 1145
721 1431
722 935
723 772
723 1048
723 1114
723 1314
723 1388
723 1854
723 1956
724 941
724 1002
724 1477
724 1616
725 726
725 1344
725 1912
726 962
726 1024
726 1671
727 1020
727 1049
727 1489
727 1525
728 1591
729 1092
729 1112
729 1418
729 1489
729 1901
731 1069
731 1325
731 1384
731 1437
731 1601
731 1686
732 735
732 835
732 836
732 944
732 999
732 1231
732 1278
732 1473
732 1615
732 1931
732 1959
732 1977
732 1978
733 746
733 1002
733 1220
733 1594
734 873
734 1460
735 874
735 1141
735 1423
736 939
737 993
737 1052
737 1399
737 1433
737 1544
737 1690
737 1830
737 1982
738 841
738 1110
738 1466
738 1833
739 1218
739 1547
739 1688
739 1757
739 1991
740 987
740 1545
740 1764
740 1981
741 1195
741 1196
741 1321
741 1438
741 1641
741 1931
742 1239
742 1472
742 1476
743 950
743 990
743 1229
743 1337
743 1371
743 1595
743 1745
743 1760
744 1295
744 1456
744 1532
744 1712
745 878
745 1440
745 1635
746 826
746 1044
746 1146
746 1528
746 1738
746 1747
746 1772
746 1886
746 1970
747 907
747 1272
747 1309
747 1356
747 1673
747 1710
748 824
748 1148
748 1222
748 1248
749 823
749 942
749 1108
749 1312
749 1999
750 958
750 1236
750 1296
750 1732
750 1776
751 983
751 1276
751 1403
751 1441
751 1498
751 1651
751 1948
752 858
752 967
752 1261
752 1473
752 1548
753 765
753 991
753 1015
753 1064
753 1238
753 1401
753 1422
753 1440
753 1868
754 953
754 1197
754 1342
754 1906
755 1398
755 1622
755 1733
755 1775
755 1961
756 984
756 1009
756 1526
756 1577
756 1624
757 801
757 918
757 1548
757 1674
757 1769
757 1967
758 812
758 1061
758 1373
758 1489
759 1024
759 1959
760 845
760 935
760 1471
760 1563
760 1735
761 1225
761 1239
761 1341
761 1390
761 1661
761 1747
762 1394
762 1543
762 1615
763 1242
764 1088
764 1190
765 1750
766 804
766 1072
766 1104
766 1979
767 836
767 1409
767 1578
767 1824
768 852
768 1088
768 1314
768 1640
768 1999
769 802
769 1199
769 1321
769 1356
769 1757
770 877
770 1105
770 1127
770 1340
770 1457
770 1551
770 1640
770 1742
770 1883
771 1018
771 1116
771 1492
771 1676
771 1946
772 871
772 981
772 1066
772 1188
772 1228
772 1654
773 1149
773 1467
774 854
774 942
774 1449
774 1632
774 1661
775 1009
775 1035
775 1150
775 1345
775 1412
775 1519
775 1725
775 1745
775 1914
776 969
776 1039
776 1554
776 1849
777 1873
778 1018
778 1077
778 1136
778 1168
778 1405
779 1133
779 1420
779 1429
779 1589
779 1795
780 1341
780 1372
780 1454
780 1479
781 1230
781 1738
781 1865
781 1946
782 1000
782 1292
783 865
783 1305
783 1393
783 1599
783 1671
783 1775
784 943
784 1360
784 1575
784 1601
784 1655
785 826
785 976
785 1018
785 1534
785 1637
785 1786
785 1802
786 1843
787 1008
787 1343
787 1698
787 1902
787 1946
788 899
788 1371
789 894
789 977
789 1087
789 1779
789 1982
790 1412
790 1974
791 1218
791 1742
791 1917
791 1940
792 970
792 1568
792 1620
792 1836
793 918
793 1019
793 1312
793 1711
793 1819
793 1821
794 794
794 882
794 1191
794 1459
794 1657
795 1031
795 1590
795 1751
795 1807
796 800
796 1257
796 1445
796 1482
796 1780
796 1859
796 1991
797 1239
797 1392
797 1762
797 1972
798 1110
798 1311
798 1601
798 1663
799 1013
799 1069
799 1202
799 1517
799 1603
800 908
800 937
800 1100
800 1406
801 1041
801 1047
801 1520
801 1652
801 1819
801 1901
802 852
802 1239
802 1240
802 1322
802 1352
802 1480
802 1484
802 1689
802 1819
802 1892
803 898
803 1117
804 1063
804 1501
804 1933
805 841
805 912
805 1517
805 1539
805 1796
806 915
806 990
806 1938
806 1993
807 1043
808 1483
809 933
809 938
810 906
811 891
811 901
811 1124
811 1187
811 1503
811 1858
812 855
812 1075
812 1125
812 1268
812 1508
812 1710
813 1222
813 1415
813 1628
813 1998
814 971
814 1415
814 1833
814 1909
815 1019
815 1345
815 1527
815 1530
816 1174
817 836
817 1022
817 1414
817 1640
818 1290
818 1888
819 895
819 1787
820 1086
820 1301
820 1390
820 1482
820 1526
820 1859
820 1946
821 967
821 1066
821 1091
821 1390
821 1799
822 1330
822 1364
822 1483
823 958
823 1052
823 1137
823 1344
823 1381
823 1926
824 915
824 1278
824 1753
824 1920
825 950
825 1082
825 1640
825 1739
825 1904
826 1006
826 1018
826 1368
826 1588
826 1796
826 1812
827 898
827 1223
827 1435
827 1814
827 1848
828 889
828 1651
828 1973
829 1403
829 1483
830 999
830 1222
830 1372
830 1640
831 1381
831 1630
831 1643
831 1738
832 1240
832 1496
832 1582
832 1662
833 893
833 950
833 977
833 1256
833 1593
833 1787
833 1905
834 944
834 1396
834 1849
834 1933
835 1230
835 1334
835 1363
836 887
836 1038
836 1193
836 1430
836 1560
836 1588
836 1591
836 1631
837 904
837 1688
838 1439
839 1066
839 1536
839 1577
839 1583
839 1615
839 1908
840 847
840 1117
840 1139
840 1748
841 1506
842 1480
843 945
843 1177
843 1183
843 1227
843 1269
843 1698
843 1774
843 1930
843 1999
844 1315
844 1327
844 1349
844 1559
845 1274
845 1651
845 1696
846 1189
846 1275
846 1435
846 1622
847 1247
847 1625
847 1637
847 1786
847 1964
848 879
848 1571
849 1007
849 1100
849 1284
849 1565
850 1003
850 1137
850 1220
850 1494
851 876
851 1172
851 1209
851 1308
851 1683
851 1830
852 1078
852 1154
852 1735
852 1932
852 1994
853 1635
853 1828
853 1917
853 1932
854 1071
854 1163
854 1347
854 1606
854 1863
854 1949
855 1121
855 1291
855 1354
855 1639
856 1109
856 1733
856 1955
857 970
857 1261
857 1417
857 1910
858 867
858 871
858 904
858 989
858 1372
858 1438
858 1439
858 1818
859 1053
859 1239
859 1457
859 1634
859 1981
860 1174
860 1500
861 870
861 1007
861 1369
861 1637
861 1691
861 1874
861 1915
862 1227
862 1255
862 1926
863 888
863 919
863 1034
863 1273
863 1858
863 1896
864 1204
864 1301
864 1672
864 1752
865 1277
865 1324
865 1361
865 1582
865 1996
866 967
866 1023
867 1685
867 1749
867 1854
867 1873
868 991
868 1017
868 1520
868 1598
869 1090
869 1169
869 1415
869 1694
869 1803
870 1113
870 1189
870 1670
870 1825
871 1103
871 1641
871 1760
871 1872
872 926
872 1009
872 1105
872 1182
872 1451
872 1635
873 1000
873 1059
873 1138
873 1171
873 1262
873 1289
873 1415
874 972
874 1756
875 923
875 1225
875 1377
875 1425
875 1665
875 1818
876 1452
876 1581
879 911
879 1129
879 1212
879 1270
879 1366
879 1493
879 1726
879 1874
880 1148
880 1570
880 1776
880 1963
881 886
881 1054
881 1252
881 1395
881 1568
881 1778
881 1875
881 1985
882 1190
882 1351
882 1419
883 1041
883 1654
884 1058
884 1145
884 1272
884 1277
884 1649
884 1696
885 1299
885 1654
885 1847
885 1872
886 1331
886 1438
886 1569
887 1637
888 988
888 1052
888 1464
888 1488
888 1807
889 1305
889 1647
889 1912
890 890
890 1067
890 1077
890 1310
890 1346
890 1499
890 1585
890 1728
890 1751
890 1767
890 1976
890 1999
891 906
891 1260
891 1619
891 1832
891 1884
891 1945
892 1220
892 1338
892 1377
892 1590
892 1791
892 1821
892 1887
893 1565
893 1622
894 1301
894 1595
894 1756
894 1779
895 943
895 954
895 1437
895 1575
895 1582
896 973
896 1120
896 1368
896 1526
896 1552
897 1031
898 916
898 965
898 1031
898 1079
898 1735
898 1753
898 1897
899 990
899 1340
899 1600
900 978
900 1001
900 1454
900 1561
900 1763
900 1939
901 1033
901 1254
901 1551
901 1944
902 1233
902 1234
902 1399
902 1461
903 1306
903 1546
903 1702
904 1201
905 908
905 1286
905 1575
906 1253
906 1363
906 1624
906 1821
907 985
907 1480
907 1581
908 936
908 957
908 990
908 1092
908 1301
908 1702
909 1408
909 1769
909 1823
910 919
910 1853
911 1235
911 1603
912 937
912 1119
912 1224
912 1268
912 1421
912 1944
913 1004
913 1123
913 1450
914 932
914 1447
914 1675
914 1763
914 1954
915 1265
915 1685
916 1077
916 1092
916 1681
916 1705
917 949
917 1147
917 1443
917 1494
918 1295
918 1497
918 1750
919 1163
919 1286
919 1503
919 1681
919 1748
919 1938
920 964
920 1295
920 1598
920 1671
920 1790
920 1887
920 1937
921 986
921 1509
921 1644
921 1721
921 1849
922 1081
922 1237
922 1259
922 1432
922 1522
922 1561
923 1305
923 1563
923 1633
923 1708
923 1938
924 929
924 1243
924 1466
924 1541
924 1839
925 1462
925 1599
925 1675
925 1709
925 1788
925 1854
926 1535
926 1567
926 1899
927 1325
927 1342
927 1487
927 1792
927 1931
928 1097
928 1344
928 1670
928 1791
929 950
929 1263
929 1310
929 1609
929 1632
929 1749
929 1961
930 1973
931 1143
931 1453
931 1500
931 1845
932 1394
932 1880
932 1898
933 1269
933 1303
933 1392
934 1122
934 1225
934 1365
934 1665
934 1735
934 1748
935 998
935 1126
935 1406
935 1552
936 1148
936 1554
936 1649
937 1043
937 1682
937 1685
938 949
938 963
938 1463
938 1851
938 1863
938 1909
939 1109
939 1203
939 1540
940 1007
940 1373
940 1427
940 1719
941 1390
941 1627
941 1718
942 1378
942 1630
942 1983
943 1724
944 1176
944 1457
944 1975
944 1979
945 1132
945 1356
945 1485
945 1486
945 1727
945 1853
946 1029
946 1208
946 1231
946 1262
946 1313
946 1377
946 1385
946 1493
946 1931
947 1084
947 1288
947 1806
948 981
948 1131
948 1157
948 1307
948 1767
948 1777
948 1883
949 981
949 1217
949 1377
949 1556
950 1337
950 1423
950 1575
951 1049
951 1373
951 1856
951 1949
951 1997
952 1346
952 1581
952 1847
952 1916
953 1123
953 1294
953 1404
953 1698
954 1465
954 1610
954 1759
955 1045
955 1197
955 1230
955 1730
955 1801
956 960
956 1009
956 1066
956 1212
956 1468
956 1527
956 1681
957 1127
957 1319
957 1326
958 1000
958 1011
958 1044
958 1272
958 1903
958 1942
959 977
959 1075
959 1306
959 1732
959 1764
959 1932
960 1061
960 1316
960 1759
960 1767
960 1925
960 1965
961 1177
961 1696
961 1900
962 963
962 1349
962 1351
962 1477
962 1741
962 1874
963 1003
963 1118
963 1217
963 1280
963 1402
964 1821
965 974
965 1531
965 1939
966 1233
966 1344
966 1379
966 1739
966 1783
967 1451
967 1741
967 1910
968 975
968 1004
968 1152
968 1223
968 1275
968 1862
969 1622
969 1680
970 1671
970 1885
971 1110
971 1190
971 1393
971 1623
971 1659
971 1705
971 1748
972 1101
972 1378
972 1392
972 1762
972 1893
973 974
973 1182
973 1453
973 1568
973 1812
973 1849
973 1909
974 1047
974 1107
974 1130
974 1841
974 1845
975 1028
975 1054
975 1511
975 1546
975 1982
976 1185
976 1382
976 1407
976 1627
976 1911
976 1965
977 1459
977 1885
977 1919
978 1469
979 1112
979 1285
979 1386
979 1611
981 1169
981 1336
982 1166
982 1336
982 1495
982 1586
982 1733
982 1889
982 1938
983 1516
983 1574
983 1792
984 1050
984 1129
984 1228
984 1571
984 1574
985 1448
985 1624
985 1725
986 1374
987 1366
988 1175
988 1293
988 1731
988 1783
990 1777
991 1261
991 1555
991 1577
991 1606
992 1092
992 1207
992 1225
992 1372
992 1750
993 1442
994 1243
994 1298
994 1420
994 1624
994 1636
995 1124
995 1293
995 1369
995 1483
995 1594
995 1680
995 1977
996 1132
996 1588
996 1670
996 1812
996 1960
996 1991
997 1092
997 1126
997 1433
998 1049
998 1171
998 1584
998 1633
999 1214
999 1235
999 1674
1000 1015
1000 1296
1001 1008
1001 1141
1001 1274
1001 1478
1001 1629
1001 1690
1001 1969
1002 1111
1002 1393
1003 1614
1003 1692
1003 1864
1003 1914
1004 1064
1004 1630
1004 1640
1005 1158
1005 1736
1005 1858
1006 1195
1006 1623
1007 1436
1007 1473
1007 1553
1007 1740
1007 1997
1008 1122
1008 1234
1008 1667
1008 1888
1009 1328
1010 1134
1010 1814
1010 1823
1011 1451
1011 1936
1012 1228
1012 1482
1012 1738
1013 1797
1013 1944
1014 1546
1014 1548
1014 1694
1014 1757
1014 1831
1014 1919
1015 1021
1015 1199
1015 1251
1015 1327
1015 1579
1015 1690
1015 1860
1016 1273
1016 1447
1016 1637
1018 1093
1018 1150
1018 1259
1018 1357
1018 1707
1019 1020
1019 1578
1019 1585
1019 1743
1019 1828
1019 1832
1020 1298
1020 1615
1020 1869
1021 1827
1022 1043
1022 1157
1022 1376
1022 1447
1022 1458
1022 1631
1022 1641
1022 1871
1023 1054
1023 1121
1023 1531
1023 1546
1023 1670
1023 1966
1024 1028
1024 1194
1024 1409
1024 1536
1024 1706
1025 1175
1025 1305
1025 1513
1025 1656
1026 1153
1026 1296
1026 1321
1027 1156
1027 1590
1027 1647
1027 1794
1027 1915
1028 1782
1029 1712
1029 1844
1029 1857
1030 1391
1030 1399
1030 1636
1031 1140
1031 1583
1031 1673
1031 1969
1032 1152
1033 1333
1033 1477
1033 1601
1034 1223
1034 1245
1034 1252
1034 1552
1034 1839
1035 1123
1035 1520
1035 1623
1035 1686
1036 1051
1036 1226
1036 1757
1037 1258
1037 1455
1037 1864
1038 1331
1038 1916
1039 1321
1039 1581
1039 1770
1039 1988
1040 1397
1040 1478
1040 1483
1040 1925
1041 1260
1041 1737
1041 1759
1041 1787
1041 1790
1042 1310
1042 1593
1042 1676
1042 1760
1043 1153
1043 1249
1043 1587
1044 1683
1044 1725
1045 1180
1045 1364
1045 1633
1045 1802
1045 1893
1046 1419
1046 1519
1046 1848
1046 1929
1047 1252
1047 1380
1047 1404
1047 1861
1048 1124
1048 1175
1048 1483
1048 1664
1048 1730
1048 1774
1049 1075
1049 1187
1049 1205
1049 1224
1049 1267
1049 1275
1049 1747
1049 1813
1050 1078
1050 1398
1050 1491
1050 1798
1050 1832
1051 1530
1051 1545
1052 1134
1052 1171
1052 1534
1052 1930
1053 1053
1053 1062
1053 1064
1053 1379
1053 1380
1053 1453
1053 1674
1054 1642
1054 1776
1054 1922
1055 1082
1055 1268
1055 1310
1055 1738
1055 1955
1056 1072
1056 1144
1056 1267
1056 1469
1057 1213
1057 1439
1057 1947
1058 1567
1059 1925
1060 1246
1060 1355
1060 1401
1060 1883
1060 1887
1060 1926
1061 1087
1061 1232
1061 1433
1061 1726
1061 1928
1062 1597
1062 1916
1063 1123
1063 1488
1063 1571
1063 1668
1063 1866
1063 1989
1064 1452
1064 1728
1064 1861
1064 1885
1065 1381
1066 1192
1066 1843
1067 1655
1067 1753
1067 1862
1067 1938
1068 1743
1068 1805
1068 1968
1069 1072
1069 1220
1069 1324
1069 1477
1069 1515
1069 1633
1070 1098
1070 1354
1070 1720
1070 1731
1071 1080
1071 1318
1071 1319
1071 1889
1071 1903
1071 1949
1072 1460
1072 1636
1072 1705
1073 1295
1074 1079
1074 1105
1074 1359
1074 1379
1074 1639
1074 1789
1074 1863
1075 1106
1075 1138
1075 1199
1075 1571
1075 1939
1076 1282
1076 1507
1076 1672
1076 1974
1077 1372
1077 1868
1078 1352
1079 1531
1080 1444
1080 1529
1081 1477
1081 1637
1081 1656
1081 1756
1081 1991
1082 1129
1082 1249
1082 1840
1082 1850
1082 1880
1083 1185
1083 1784
1083 1910
1083 1952
1083 1981
1084 1281
1084 1460
1084 1627
1085 1307
1085 1337
1085 1860
1086 1114
1086 1140
1086 1185
1086 1369
1086 1816
1086 1905
1086 1995
1087 1180
1087 1589
1087 1637
1088 1121
1088 1369
1088 1597
1088 1849
1089 1646
1089 1871
1090 1877
1091 1307
1091 1375
1091 1603
1091 1741
1092 1307
1092 1437
1092 1502
1092 1980
1093 1108
1093 1213
1093 1297
1093 1408
1094 1492
1095 1298
1095 1393
1095 1586
1095 1898
1095 1906
1096 1138
1096 1970
1097 1201
1097 1330
1097 1855
1098 1153
1098 1307
1098 1605
1098 1610
1098 1793
1098 1945
1099 1438
1099 1720
1099 1931
1100 1708
1101 1111
1101 1122
1101 1404
1101 1825
1101 1934
1102 1108
1102 1728
1102 1887
1103 1117
1103 1160
1103 1442
1103 1534
1105 1393
1105 1524
1105 1758
1105 1893
1105 1929
1105 1938
1106 1227
1106 1244
1106 1382
1106 1861
1107 1295
1107 1784
1107 1921
1108 1253
1108 1372
1108 1567
1108 1700
1108 1988
1109 1237
1109 1425
1109 1479
1109 1523
1109 1666
1109 1727
1109 1932
1110 1393
1110 1461
1110 1547
1110 1844
1111 1111
1111 1115
1112 1252
1112 1984
1113 1264
1113 1733
1113 1791
1114 1199
1114 1465
1114 1522
1114 1532
1114 1977
1115 1316
1115 1457
1115 1686
1115 1980
1116 1437
1116 1442
1116 1678
1116 1777
1116 1933
1117 1193
1117 1211
1117 1223
1117 1802
1118 1291
1118 1450
1118 1634
1119 1277
1119 1558
1119 1571
1119 1589
1119 1797
1119 1808
1119 1810
1119 1844
1119 1945
1119 1963
1120 1180
1120 1486
1120 1570
1120 1610
1121 1163
1121 1981
1122 1293
1122 1726
1123 1345
1123 1691
1123 1878
1123 1947
1124 1325
1124 1732
1124 1915
1124 1925
1125 1363
1125 1391
1125 1419
1125 1474
1125 1614
1126 1147
1126 1187
1126 1277
1126 1620
1126 1762
1127 1494
1127 1564
1127 1661
1127 1736
1127 1876
1127 1984
1128 1392
1128 1849
1129 1673
1130 1540
1130 1581
1130 1672
1130 1734
1130 1744
1130 1745
1131 1606
1132 1349
1132 1704
1132 1732
1132 1824
1134 1342
1134 1480
1134 1707
1134 1878
1135 1293
1135 1594
1135 1754
1135 1990
1136 1138
1136 1871
1136 1872
1137 1400
1137 1512
1138 1200
1138 1248
1138 1748
1139 1365
1139 1588
1139 1868
1139 1932
1140 1212
1140 1323
1140 1890
1141 1243
1141 1436
1141 1626
1141 1653
1141 1849
1141 1861
1142 1417
1143 1235
1143 1348
1143 1372
1143 1460
1143 1551
1143 1581
1143 1623
1143 1780
1143 1839
1144 1418
1144 1749
1144 1847
1145 1262
1145 1397
1145 1457
1145 1958
1146 1186
1146 1499
1146 1524
1147 1183
1147 1444
1147 1630
1147 1960
1148 1557
1148 1773
1148 1933
1148 1966
1149 1672
1149 1798
1150 1444
1150 1715
1150 1851
1151 1515
1151 1683
1151 1700
1151 1778
1152 1217
1152 1229
1152 1314
1152 1915
1153 1314
1153 1318
1153 1845
1154 1200
1154 1219
1154 1259
1154 1454
1154 1910
1155 1204
1155 1349
1155 1366
1155 1463
1155 1489
1155 1914
1156 1655
1156 1713
1156 1869
1156 1926
1157 1733
1157 1842
1157 1960
1158 1278
1158 1687
1159 1322
1159 1828
1159 1998
1159 1999
1160 1498
1161 1867
1162 1436
1162 1803
1162 1961
1163 1768
1163 1805
1163 1824
1163 1830
1164 1207
1164 1437
1164 1516
1164 1765
1164 1864
1165 1391
1165 1719
1166 1220
1166 1692
1166 1932
1167 1378
1167 1422
1167 1963
1168 1436
1168 1468
1168 1763
1168 1912
1168 1923
1169 1778
1170 1470
1170 1524
1170 1800
1170 1862
1171 1678
1172 1781
1172 1899
1173 1501
1173 1869
1173 1896
1174 1253
1175 1729
1176 1749
1178 1256
1178 1405
1178 1539
1178 1747
1179 1231
1180 1567
1180 1840
1180 1899
1180 1905
1181 1490
1181 1511
1181 1561
1181 1747
1182 1740
1183 1676
1183 1822
1183 1873
1183 1912
1184 1216
1184 1514
1184 1528
1185 1280
1185 1349
1185 1734
1185 1951
1186 1514
1186 1987
1187 1241
1187 1245
1187 1672
1187 1870
1189 1195
1189 1312
1189 1855
1189 1932
1190 1192
1190 1315
1190 1401
1190 1408
1190 1444
1190 1568
1191 1310
1191 1503
1191 1769
1191 1810
1191 1952
1191 1976
1192 1357
1192 1497
1192 1627
1192 1672
1193 1277
1193 1475
1193 1491
1193 1632
1194 1244
1195 1450
1198 1366
1198 1517
1198 1530
1198 1593
1198 1951
1199 1522
1199 1528
1199 1544
1199 1590
1200 1335
1200 1905
1201 1693
1202 1370
1202 1391
1202 1463
1202 1947
1202 1976
1202 1992
1203 1228
1203 1797
1204 1946
1205 1989
1207 1502
1208 1410
1208 1556
1208 1810
1208 1905
1208 1914
1209 1458
1210 1444
1210 1538
1210 1872
1210 1881
1211 1472
1211 1820
1211 1939
1212 1266
1212 1512
1212 1798
1212 1809
1212 1832
1212 1879
1214 1237
1214 1445
1215 1327
1215 1396
1215 1534
1215 1589
1215 1612
1216 1371
1216 1663
1217 1359
1217 1384
1217 1530
1217 1892
1217 1969
1217 1987
1218 1288
1218 1421
1218 1687
1218 1922
1218 1933
1218 1977
1219 1685
1219 1961
1220 1533
1220 1913
1221 1445
1221 1769
1221 1958
1222 1235
1222 1268
1222 1290
1223 1462
1223 1785
1224 1229
1224 1395
1224 1577
1224 1717
1224 1947
1225 1683
1226 1257
1226 1316
1226 1439
1226 1582
1227 1887
1227 1914
1228 1785
1228 1892
1229 1342
1229 1542
1230 1584
1231 1265
1231 1430
1231 1830
1232 1707
1233 1643
1233 1963
1234 1758
1235 1664
1236 1240
1236 1706
1236 1897
1237 1242
1238 1275
1238 1578
1239 1423
1239 1522
1240 1494
1240 1888
1241 1698
1241 1710
1241 1711
1241 1723
1242 1511
1242 1720
1243 1537
1243 1554
1243 1897
1244 1261
1244 1345
1244 1453
1244 1481
1244 1484
1244 1649
1245 1636
1245 1767
1245 1791
1245 1876
1246 1394
1246 1633
1246 1702
1246 1730
1246 1733
1246 1833
1246 1935
1247 1575
1247 1765
1248 1353
1248 1539
1248 1744
1249 1388
1249 1418
1249 1614
1249 1668
1250 1489
1250 1779
1250 1961
1251 1336
1251 1950
1252 1361
1252 1561
1253 1354
1253 1730
1253 1954
1254 1474
1254 1494
1255 1619
1255 1632
1255 1696
1255 1806
1256 1377
1256 1651
1256 1833
1256 1978
1257 1332
1257 1374
1257 1480
1257 1488
1257 1604
1257 1672
1258 1276
1258 1435
1259 1391
1259 1908
1259 1931
1260 1384
1260 1767
1260 1909
1261 1284
1261 1405
1261 1735
1261 1779
1261 1871
1262 1265
1262 1392
1262 1687
1262 1896
1263 1396
1263 1476
1263 1490
1263 1909
1264 1736
1264 1790
1264 1873
1264 1890
1265 1265
1265 1625
1266 1322
1266 1580
1266 1859
1268 1318
1268 1361
1268 1625
1268 1771
1268 1927
1269 1475
1269 1486
1269 1532
1269 1838
1269 1924
1270 1898
1271 1462
1271 1718
1271 1842
1272 1716
1272 1915
1273 1948
1274 1423
1274 1525
1274 1852
1274 1951
1275 1638
1275 1641
1275 1707
1275 1781
1276 1592
1276 1634
1276 1690
1277 1452
1277 1556
1277 1846
1277 1878
1278 1941
1279 1815
1280 1341
1280 1366
1280 1820
1281 1816
1281 1886
1282 1402
1282 1936
1283 1319
1283 1440
1283 1586
1283 1699
1284 1667
1285 1673
1285 1744
1285 1787
1287 1322
1287 1643
1287 1882
1288 1445
1289 1579
1289 1717
1289 1765
1289 1780
1289 1828
1289 1850
1289 1954
1290 1486
1290 1497
1291 1305
1291 1511
1291 1591
1291 1654
1291 1717
1291 1718
1292 1406
1292 1816
1292 1834
1294 1317
1294 1639
1295 1428
1295 1611
1296 1478
1296 1612
1296 1749
1296 1813
1297 1473
1297 1810
1297 1848
1297 1994
1298 1921
1299 1752
1299 1942
1300 1300
1300 1740
1301 1404
1302 1340
1302 1990
1304 1343
1304 1534
1304 1653
1304 1764
1305 1498
1305 1920
1306 1539
1306 1556
1306 1588
1306 1612
1307 1451
1308 1412
1308 1613
1309 1698
1310 1386
1312 1371
1312 1421
1312 1540
1312 1585
1313 1989
1314 1405
1314 1896
1315 1774
1316 1401
1316 1418
1316 1774
1316 1788
1317 1731
1317 1747
1317 1916
1318 1603
1318 1674
1318 1994
1319 1984
1320 1763
1320 1812
1321 1440
1321 1697
1322 1459
1322 1737
1323 1482
1323 1724
1323 1785
1324 1873
1325 1436
1325 1535
1326 1365
1326 1406
1326 1443
1326 1961
1327 1415
1327 1721
1327 1805
1328 1530
1328 1583
1328 1594
1328 1599
1328 1653
1328 1687
1329 1416
1330 1353
1330 1971
1331 1371
1331 1422
1331 1956
1332 1365
1333 1354
1333 1367
1333 1582
1334 1360
1334 1396
1334 1606
1334 1983
1336 1434
1336 1533
1336 1544
1336 1572
1337 1374
1337 1896
1337 1898
1338 1408
1338 1776
1338 1778
1339 1641
1339 1806
1339 1935
1340 1472
1340 1762
1342 1796
1343 1597
1343 1718
1343 1777
1343 1850
1343 1876
1345 1461
1346 1463
1346 1899
1348 1413
1348 1480
1348 1578
1348 1784
1348 1795
1350 1550
1351 1358
1351 1538
1351 1714
1351 1803
1351 1829
1351 1897
1352 1449
1352 1451
1352 1498
1352 1739
1353 1566
1354 1373
1354 1501
1354 1706
1355 1387
1355 1462
1355 1707
1355 1725
1355 1818
1356 1512
1357 1917
1358 1652
1359 1401
1359 1406
1359 1514
1359 1623
1359 1997
1360 1566
1362 1507
1362 1536
1363 1393
1363 1507
1363 1664
1363 1866
1363 1935
1363 1972
1363 1991
1364 1492
1364 1573
1364 1997
1365 1828
1366 1502
1366 1798
1366 1937
1366 1976
1367 1578
1367 1667
1367 1677
1367 1742
1367 1806
1368 1604
1368 1884
1368 1940
1369 1379
1370 1538
1370 1554
1370 1675
1371 1421
1371 1454
1371 1612
1371 1874
1371 1876
1372 1379
1372 1458
1373 1504
1373 1815
1374 1414
1374 1458
1374 1634
1374 1805
1374 1912
1374 1916
1375 1445
1375 1728
1375 1811
1376 1467
1376 1514
1376 1926
1377 1842
1378 1502
1378 1814
1378 1902
1379 1485
1379 1606
1379 1648
1379 1996
1380 1701
1380 1966
1381 1855
1381 1896
1382 1568
1382 1719
1382 1896
1383 1561
1383 1587
1383 1595
1384 1681
1385 1459
1385 1475
1385 1516
1385 1805
1386 1756
1387 1595
1387 1751
1387 1810
1388 1583
1388 1866
1388 1928
1389 1555
1389 1735
1389 1760
1389 1925
1390 1987
1392 1500
1392 1538
1392 1706
1392 1913
1393 1526
1393 1882
1394 1751
1394 1820
1394 1889
1395 1508
1395 1629
1395 1789
1395 1840
1396 1634
1396 1686
1397 1542
1397 1585
1398 1637
1399 1718
1399 1793
1399 1887
1401 1910
1402 1469
1402 1707
1402 1743
1403 1642
1403 1716
1403 1909
1404 1956
1405 1615
1405 1738
1406 1985
1407 1639
1407 1666
1408 1410
1409 1416
1409 1670
1409 1680
1410 1507
1411 1502
1411 1738
1411 1763
1412 1574
1412 1936
1414 1497
1414 1899
1415 1729
1416 1418
1416 1537
1416 1918
1416 1921
1417 1675
1417 1721
1417 1787
1418 1585
1418 1691
1419 1580
1421 1429
1421 1635
1421 1934
1422 1899
1422 1958
1424 1448
1424 1494
1424 1805
1424 1869
1425 1567
1425 1583
1427 1935
1428 1767
1428 1848
1428 1921
1428 1992
1429 1687
1430 1853
1431 1733
1432 1771
1432 1888
1433 1539
1433 1545
1433 1763
1435 1609
1435 1806
1436 1695
1436 1935
1437 1851
1438 1821
1438 1868
1439 1705
1439 1797
1439 1872
1441 1461
1441 1472
1441 1508
1441 1513
1442 1526
1444 1932
1446 1769
1446 1921
1447 1513
1448 1857
1448 1921
1449 1563
1449 1969
1449 1974
1450 1537
1450 1699
1451 1564
1451 1650
1454 1551
1454 1579
1454 1582
1454 1587
1454 1720
1454 1970
1455 1712
1456 1606
1456 1855
1456 1868
1457 1499
1457 1513
1457 1744
1457 1871
1458 1462
1458 1503
1458 1816
1459 1673
1460 1927
1461 1487
1461 1711
1461 1929
1462 1850
1462 1895
1463 1571
1463 1796
1463 1981
1464 1477
1464 1615
1464 1660
1464 1714
1464 1719
1465 1817
1466 1754
1466 1882
1467 1882
1467 1944
1468 1592
1468 1928
1468 1932
1469 1489
1471 1502
1471 1523
1471 1627
1471 1759
1471 1806
1471 1831
1471 1906
1472 1576
1472 1603
1472 1962
1475 1561
1475 1867
1476 1912
1477 1724
1478 1794
1479 1780
1479 1872
1480 1930
1481 1514
1482 1678
1483 1508
1485 1752
1485 1842
1486 1594
1487 1502
1487 1834
1487 1919
1488 1641
1488 1934
1489 1722
1490 1532
1490 1649
1490 1802
1490 1915
1490 1990
1492 1758
1492 1976
1494 1817
1495 1515
1495 1615
1498 1541
1499 1522
1499 1614
1499 1721
1499 1810
1500 1993
1501 1594
1501 1727
1501 1775
1501 1781
1501 1843
1502 1648
1503 1626
1503 1653
1503 1729
1504 1599
1504 1671
1507 1805
1508 1661
1508 1758
1509 1990
1510 1742
1510 1777
1511 1518
1511 1537
1511 1618
1511 1886
1512 1665
1512 1682
1512 1865
1512 1894
1512 1914
1512 1936
1512 1999
1513 1750
1513 1762
1513 1847
1515 1548
1517 1624
1517 1894
1517 1995
1520 1630
1521 1565
1521 1650
1521 1794
1522 1564
1522 1938
1523 1622
1523 1686
1524 1577
1524 1777
1524 1830
1525 1666
1526 1875
1528 1855
1529 1558
1529 1785
1530 1714
1530 1987
1531 1967
1532 1732
1532 1829
1532 1984
1533 1544
1533 1785
1533 1825
1533 1844
1534 1678
1535 1999
1536 1652
1536 1928
1538 1907
1541 1699
1542 1989
1544 1676
1544 1682
1544 1686
1544 1935
1544 1986
1545 1773
1545 1834
1545 1892
1545 1901
1547 1806
1547 1859
1548 1602
1548 1701
1548 1972
1548 1984
1550 1658
1550 1905
1552 1904
1552 1917
1553 1624
1553 1969
1554 1756
1554 1791
1554 1858
1555 1584
1556 1821
1556 1868
1556 1985
1557 1687
1557 1847
1557 1957
1558 1775
1558 1801
1558 1850
1559 1903
1560 1743
1562 1658
1562 1841
1562 1909
1563 1743
1563 1813
1564 1672
1564 1752
1564 1971
1565 1655
1566 1905
1566 1921
1567 1584
1567 1655
1568 1592
1568 1978
1569 1669
1569 1852
1570 1674
1570 1770
1573 1611
1573 1803
1573 1882
1573 1949
1574 1780
1574 1861
1574 1923
1575 1597
1576 1658
1577 1830
1578 1845
1579 1830
1580 1618
1580 1838
1580 1856
1581 1674
1581 1700
1581 1894
1581 1958
1582 1588
1582 1633
1582 1885
1584 1658
1584 1675
1585 1936
1585 1988
1586 1753
1587 1612
1587 1723
1587 1791
1588 1782
1589 1959
1590 1900
1591 1728
1592 1594
1592 1941
1594 1658
1594 1970
1595 1636
1596 1755
1597 1939
1599 1671
1599 1832
1599 1973
1600 1717
1602 1862
1602 1956
1603 1858
1604 1851
1605 1677
1605 1900
1605 1910
1606 1630
1607 1677
1607 1773
1607 1960
1609 1774
1609 1943
1611 1642
1611 1712
1612 1831
1612 1915
1613 1627
1614 1896
1615 1666
1615 1727
1615 1761
1615 1807
1616 1822
1616 1951
1617 1787
1618 1749
1618 1951
1619 1620
1619 1830
1619 1920
1620 1787
1621 1944
1622 1804
1622 1980
1623 1666
1625 1815
1625 1953
1626 1665
1626 1998
1629 1971
1630 1643
1630 1809
1631 1709
1632 1670
1632 1860
1632 1930
1634 1949
1635 1735
1636 1659
1636 1906
1637 1724
1637 1800
1638 1711
1638 1728
1638 1766
1641 1852
1642 1715
1642 1817
1642 1976
1644 1713
1645 1816
1645 1858
1647 1685
1649 1799
1649 1808
1650 1663
1650 1777
1650 1806
1650 1917
1654 1727
1654 1788
1654 1893
1655 1791
1656 1817
1657 1790
1657 1938
1658 1700
1658 1923
1658 1953
1659 1851
1659 1937
1660 1825
1660 1846
1660 1867
1661 1728
1664 1958
1666 1754
1666 1957
1667 1698
1668 1681
1668 1787
1668 1947
1669 1694
1669 1833
1670 1761
1670 1814
1670 1899
1673 1922
1674 1831
1675 1858
1676 1797
1676 1848
1678 1918
1678 1969
1679 1785
1681 1924
1682 1821
1682 1905
1683 1747
1684 1796
1684 1832
1686 1749
1686 1848
1686 1856
1688 1700
1689 1809
1690 1800
1691 1748
1692 1769
1692 1770
1693 1711
1693 1778
1693 1892
1693 1934
1694 1824
1694 1924
1695 1832
1695 1985
1698 1782
1699 1756
1699 1793
1699 1929
1702 1715
1702 1788
1702 1891
1703 1707
1704 1844
1704 1904
1708 1771
1708 1904
1709 1850
1712 1913
1712 1954
1712 1969
1713 1723
1713 1890
1713 1967
1714 1960
1715 1737
1716 1851
1716 1946
1716 1962
1716 1972
1718 1852
1718 1909
1719 1877
1720 1809
1724 1897
1725 1864
1725 1941
1726 1752
1726 1807
1729 1868
1729 1932
1731 1780
1731 1998
1733 1858
1735 1867
1736 1749
1737 1800
1738 1786
1738 1799
1738 1849
1739 1770
1740 1861
1741 1845
1741 1965
1743 1761
1743 1794
1744 1922
1746 1888
1746 1895
1746 1912
1749 1807
1749 1968
1750 1901
1751 1984
1753 1764
1754 1904
1755 1806
1755 1887
1757 1797
1758 1815
1758 1828
1758 1946
1766 1841
1767 1958
1771 1878
1772 1879
1776 1903
1777 1903
1778 1869
1779 1831
1781 1846
1783 1783
1786 1993
1787 1912
1787 1935
1788 1872
1788 1881
1788 1943
1790 1980
1792 1833
1795 1916
1796 1951
1798 1842
1799 1904
1801 1843
1805 1847
1805 1862
1806 1898
1808 1837
1809 1929
1812 1892
1813 1839
1814 1972
1815 1991
1823 1905
1825 1944
1833 1840
1833 1936
1834 1892
1835 1859
1837 1986
1843 1937
1850 1910
1853 1921
1857 1868
1858 1881
1859 1980
1860 1888
1861 1878
1862 1899
1862 1993
1866 1970
1867 1896
1869 1873
1869 1979
1871 1924
1885 1984
1890 1904
1893 1988
1894 1905
1894 1951
1904 1988
1912 1932
1912 1967
1916 1979
1918 1945
1926 1994
1927 1964
1928 1987
1932 1957
1943 1979
1945 1945
1945 1975
1946 1970
1946 1972
1953 1998
1955 1969
1964 1974
1964 1997
1978 1993
1982 1995
