2000
0 983
2 599
2 1441
2 1672
2 1822
3 120
3 126
3 1263
3 1293
3 1931
4 342
4 1395
5 316
5 534
5 1024
5 1076
6 257
6 525
6 1792
6 1940
7 1122
9 287
10 659
10 1717
11 1466
11 1808
12 190
12 1174
12 1683
13 73
14 240
15 374
15 888
15 1496
17 45
17 1069
18 36
18 791
19 49
20 1040
21 33
21 785
22 135
23 887
23 908
23 982
24 760
24 1609
25 1914
26 628
28 1866
29 1575
29 1611
29 1719
30 632
30 1515
31 197
32 730
32 761
32 889
32 1888
33 913
33 1047
33 1960
34 838
35 60
35 767
36 522
36 1215
37 775
37 1536
38 46
39 470
39 1357
39 1507
39 1702
40 271
40 531
40 1176
40 1718
41 103
41 343
41 630
41 872
42 531
42 1826
43 516
44 838
44 1621
45 1761
47 1028
47 1338
47 1425
47 1570
47 1758
48 238
48 1596
49 201
49 1117
49 1653
51 1966
52 856
53 557
54 1235
54 1250
54 1931
55 564
56 87
56 707
56 1037
57 978
57 1501
58 335
58 1099
59 763
59 1239
59 1474
60 321
63 121
63 226
63 1453
64 730
65 73
65 717
66 1600
67 149
67 1384
68 727
68 892
68 1174
68 1856
69 229
69 627
69 654
69 724
69 1278
70 91
70 135
70 281
70 684
70 1003
70 1015
70 1557
72 889
72 898
72 1577
72 1825
73 83
74 831
74 1085
74 1465
75 954
75 1071
75 1206
75 1822
77 195
77 1117
79 923
79 1176
79 1385
79 1832
80 278
80 823
81 155
82 884
83 1802
84 356
84 657
86 792
87 402
88 448
88 491
88 589
89 480
89 1212
89 1262
89 1965
90 772
91 404
91 1004
91 1494
92 636
92 848
93 918
94 783
94 1648
94 1853
95 564
95 1927
96 521
96 862
96 1043
97 414
97 1108
97 1923
100 1163
100 1955
101 1246
102 1825
102 1967
104 308
104 384
104 563
104 1760
105 852
105 990
106 870
106 1225
107 423
108 153
110 763
110 938
110 1345
111 241
112 217
112 1066
112 1302
113 399
113 1018
114 704
114 1693
114 1794
115 878
116 1712
117 158
117 1267
117 1277
117 1798
117 1992
118 392
118 637
118 1184
119 317
119 354
119 553
119 827
119 1071
119 1522
120 845
122 250
123 1367
124 1599
125 1386
125 1588
127 841
127 1156
127 1274
127 1606
128 269
128 534
128 758
128 1750
129 833
129 1246
130 658
130 1257
130 1308
131 1651
132 934
132 1011
133 585
133 791
133 942
134 631
135 284
135 771
135 1476
136 711
136 800
136 1774
137 1711
138 520
138 1796
139 197
139 443
139 520
139 1325
140 1132
141 864
141 1074
141 1605
142 1706
143 206
143 454
143 687
144 311
146 289
146 770
146 1204
146 1648
147 1693
147 1916
149 1107
150 1060
150 1805
151 1016
152 1160
153 287
153 646
153 1090
153 1206
153 1834
154 795
154 1825
155 241
155 873
155 1300
156 856
156 1057
156 1250
156 1566
157 1567
157 1815
158 254
158 791
158 1718
159 1153
160 1551
161 1140
163 610
163 1289
163 1420
164 1552
166 1434
166 1658
167 603
169 578
169 929
170 189
170 200
170 315
170 1298
170 1743
171 1701
173 590
173 610
173 861
174 1144
175 1674
176 456
176 1017
176 1089
177 286
178 1062
178 1070
178 1842
179 614
180 192
180 1609
181 617
181 1009
182 1757
183 525
183 1367
185 1575
186 393
186 557
186 1171
188 1193
188 1844
189 775
189 1635
189 1732
190 796
190 1990
191 807
192 865
192 1010
192 1981
193 630
193 700
193 1032
193 1188
194 343
194 823
196 231
196 1545
197 648
197 706
197 1697
198 675
198 1467
199 1121
199 1142
199 1596
200 250
200 716
200 1010
201 681
201 940
201 1050
201 1123
204 819
204 924
205 904
205 1658
206 1513
207 365
207 1794
208 302
208 874
209 412
209 1486
210 1842
212 326
212 1054
212 1078
212 1692
213 992
215 942
216 1183
219 542
219 559
219 1429
220 558
220 890
220 1119
221 612
221 941
222 1161
223 674
223 1710
226 595
227 346
227 425
227 1598
228 743
228 996
228 1141
228 1590
229 290
229 307
229 635
230 721
230 825
230 1043
230 1270
231 498
231 1110
231 1165
231 1887
233 1399
235 771
236 365
237 553
237 687
239 309
239 1862
240 518
241 309
241 1099
243 1321
244 771
244 1441
245 310
245 1071
245 1168
245 1429
245 1623
247 476
247 1512
248 671
248 801
249 1091
249 1729
251 828
251 1369
252 357
253 295
253 1366
254 1096
254 1636
255 342
256 846
256 1693
257 1203
257 1433
258 634
258 805
258 947
259 338
260 914
260 1295
260 1776
261 419
261 1495
261 1623
262 387
262 726
262 901
262 1575
262 1636
263 926
263 948
263 1424
263 1703
265 839
265 1659
265 1967
266 1098
266 1720
267 550
267 677
267 1182
267 1747
268 279
268 404
268 820
268 1605
268 1915
270 342
270 989
271 1059
272 773
272 875
272 971
274 1890
275 1166
276 419
277 449
278 751
278 972
279 1247
282 794
282 1294
282 1737
283 644
283 846
284 515
284 525
284 1961
285 1133
286 1559
286 1785
287 800
288 473
288 1768
289 571
289 1561
290 641
291 781
291 954
292 1715
293 681
293 1005
293 1791
295 545
296 677
296 726
296 1621
296 1694
296 1740
297 1744
298 1859
300 618
300 1472
301 1452
301 1965
302 334
303 1387
304 710
304 1879
306 314
306 850
307 1063
309 451
310 465
311 1021
312 540
313 1422
313 1890
314 573
316 1690
318 405
318 1370
318 1892
319 1689
321 1991
322 1105
323 1144
324 1628
324 1729
325 889
326 1882
327 1236
328 1446
328 1451
329 885
329 1018
331 753
331 777
331 1129
331 1576
332 1319
333 333
333 1027
333 1609
333 1782
335 788
335 946
335 1342
335 1699
336 1698
338 741
340 628
341 1259
342 1305
343 1186
344 537
345 1556
346 1581
347 866
347 1028
350 493
351 760
351 1265
352 520
353 396
353 629
353 798
353 1063
353 1091
354 1117
354 1543
355 688
355 1367
358 816
359 921
359 1498
361 1294
362 821
362 1090
362 1130
362 1595
363 679
364 1043
364 1726
364 1773
365 1204
365 1368
366 424
366 1655
368 1332
368 1359
368 1799
369 609
369 795
370 621
370 850
370 1561
371 1178
372 1747
372 1998
373 691
373 883
373 1698
373 1746
374 1649
375 1086
375 1619
375 1659
376 377
377 1122
377 1352
379 1436
380 1429
381 393
381 1065
381 1586
381 1886
382 768
382 1531
383 1350
384 1881
385 396
385 495
385 559
385 1911
386 453
389 849
389 1027
391 715
391 945
393 571
394 1164
395 1140
395 1879
396 411
396 433
398 628
398 1855
399 1015
400 1747
401 1067
402 410
402 896
403 736
403 1172
403 1510
406 644
406 1095
406 1450
409 754
409 1493
409 1512
414 541
414 782
415 1201
417 1718
417 1777
418 568
418 804
418 914
419 1644
420 1135
420 1302
420 1320
421 681
421 713
421 1495
422 1562
422 1950
426 859
426 1195
426 1738
426 1756
428 842
429 791
429 914
429 1704
430 496
430 814
434 1830
435 709
435 1483
437 1061
437 1117
437 1713
439 1475
440 568
440 634
441 931
442 856
444 1004
444 1449
444 1881
445 619
445 1311
446 772
446 1085
446 1767
447 488
447 1053
447 1968
450 788
451 607
452 953
452 1244
452 1870
455 1485
456 512
456 1600
456 1879
457 888
457 1028
457 1197
457 1657
458 601
458 1576
459 946
459 1664
461 922
461 1281
461 1358
462 1144
462 1535
463 1612
463 1730
464 1945
464 1989
465 1566
465 1939
466 1646
467 1857
468 918
468 1073
468 1405
468 1899
469 1573
470 1746
470 1964
472 612
472 988
472 1381
473 693
474 795
475 621
475 890
475 920
475 1601
476 733
476 1146
476 1634
477 538
477 1144
478 968
478 1300
479 1807
480 1961
481 1385
481 1689
482 585
482 1835
483 1854
483 1884
484 1538
485 920
485 1078
485 1958
486 1580
487 1094
489 701
490 1814
491 900
491 1320
491 1448
494 840
494 1827
495 1205
496 1238
496 1658
497 699
497 1706
498 1204
498 1274
498 1681
499 1438
500 837
500 1008
500 1894
504 1074
504 1112
504 1255
504 1958
505 858
505 1220
505 1283
506 1528
506 1646
506 1739
507 537
509 1079
509 1792
510 988
512 1019
512 1082
514 1377
515 630
516 1074
516 1265
518 1724
518 1792
518 1849
520 645
520 964
520 1523
520 1951
521 1101
521 1455
524 1858
526 557
526 859
527 944
527 1549
527 1613
527 1731
528 1267
529 556
529 1460
529 1520
530 1354
531 1023
531 1775
532 1352
532 1868
534 1055
534 1748
534 1834
536 890
536 1245
536 1686
537 1158
539 1838
540 1128
540 1886
541 1093
541 1504
541 1723
542 587
543 901
544 712
545 808
546 858
546 1281
546 1339
546 1947
548 1450
549 659
549 774
551 1274
551 1400
551 1895
551 1985
552 746
553 1330
553 1565
554 676
555 1088
556 758
556 825
556 1411
560 1305
560 1981
561 591
561 1495
562 581
564 1719
565 978
567 926
567 1155
568 767
568 819
571 1685
573 1094
573 1616
573 1935
574 1227
575 1148
576 975
577 1751
577 1801
578 1627
579 672
580 1213
580 1490
582 1349
583 1449
584 744
584 1450
584 1796
584 1864
586 989
586 1952
587 1011
587 1544
588 1415
589 952
590 1282
590 1436
590 1458
591 778
591 939
591 1411
594 1907
595 972
596 863
597 1813
599 990
599 1700
599 1889
600 1372
600 1947
601 1372
601 1768
601 1939
602 1273
604 1284
604 1413
605 774
605 1338
607 973
607 1751
608 878
608 1547
609 1957
610 1036
610 1348
610 1782
610 1946
611 1117
612 1084
612 1096
613 1573
613 1657
614 1127
617 672
618 1690
620 1455
620 1507
622 1690
624 657
624 733
624 808
624 1339
625 1750
626 655
628 696
628 1067
628 1151
629 944
630 700
630 810
630 1168
630 1279
630 1475
631 765
633 897
633 1515
633 1889
635 738
635 1499
637 646
638 672
638 1314
638 1581
640 848
643 1112
644 1218
644 1515
644 1533
645 1430
647 1067
647 1326
647 1930
648 924
649 957
649 1358
650 1283
652 1405
652 1702
653 1282
653 1527
654 1685
656 1640
657 986
657 1105
657 1711
658 761
658 1219
659 1161
659 1853
660 1310
660 1340
661 1644
662 956
662 1224
662 1568
664 1898
665 999
666 1342
666 1598
667 1323
668 1315
668 1859
671 1021
673 886
673 1355
673 1572
673 1694
674 691
674 856
674 1153
674 1410
674 1802
675 1149
676 1794
677 774
678 868
679 1828
679 1854
680 910
680 1309
681 1145
682 976
683 1907
684 1431
686 1080
686 1878
686 1929
687 915
687 1322
687 1592
687 1903
688 1212
688 1585
688 1977
689 1253
689 1396
690 775
690 953
693 1648
697 1778
697 1901
698 1162
699 1344
699 1596
699 1625
701 924
701 1304
701 1857
702 838
702 988
702 1380
703 921
704 1808
705 876
705 1538
706 1248
706 1453
706 1481
706 1484
706 1630
706 1896
706 1914
707 1225
708 806
708 897
708 1383
709 1327
709 1741
710 884
710 1098
710 1670
711 1252
711 1317
712 971
712 978
713 1868
714 984
714 1067
717 1193
717 1403
718 915
719 1154
719 1205
720 805
721 1700
722 1602
724 1092
724 1571
725 1814
726 1700
727 1563
727 1984
728 1763
730 840
730 1119
731 1028
731 1258
731 1788
732 862
733 1562
735 1236
736 1522
736 1657
739 1892
740 1700
741 1068
741 1320
742 1892
743 1159
744 1860
745 1611
746 1799
747 816
749 753
749 897
749 1054
750 1227
751 799
751 1038
752 1682
752 1795
752 1870
753 934
753 1680
754 879
754 1295
761 1370
762 1206
762 1629
762 1853
763 1009
763 1583
764 1439
764 1913
765 1654
766 768
767 1009
768 1055
768 1896
769 1064
770 1858
771 902
771 1629
771 1758
773 996
773 1340
774 1049
774 1441
775 976
776 1034
776 1845
776 1908
777 1004
778 846
778 942
778 1292
778 1611
778 1795
779 1313
779 1671
780 1177
780 1523
781 878
781 1102
781 1153
783 1108
783 1958
784 1529
784 1948
785 1418
786 854
786 1999
790 1607
792 1659
792 1848
793 1109
793 1717
794 1266
794 1283
795 1067
795 1553
796 1497
796 1884
797 1204
797 1352
799 1605
800 874
800 1013
800 1517
800 1842
801 1756
802 1022
803 1352
803 1700
804 904
804 1237
804 1513
805 1862
808 811
810 1019
810 1037
810 1122
810 1737
811 831
812 1047
812 1241
812 1290
812 1329
814 1124
815 1371
817 1109
817 1866
818 1984
819 992
819 1790
820 1029
820 1821
821 1139
822 889
823 1637
824 1296
825 871
825 968
826 1939
826 1982
827 914
828 948
829 1448
829 1593
830 1355
830 1445
832 906
832 1312
836 1931
837 1205
839 1409
839 1996
840 1747
840 1974
841 1231
841 1322
842 1411
842 1762
842 1931
843 1056
845 1536
846 1912
847 1033
848 962
851 1218
852 1887
853 1219
854 984
854 1100
854 1205
855 1032
856 1009
857 1467
857 1594
859 1092
859 1819
860 1454
861 1245
861 1775
861 1885
861 1934
863 1931
867 1193
867 1313
871 1744
872 1695
872 1713
874 1684
875 1491
876 980
876 1748
877 1103
877 1962
878 1789
881 911
882 1300
883 1071
883 1638
886 1372
886 1589
887 1498
887 1592
887 1847
887 1966
888 1090
893 1432
893 1565
894 1086
894 1703
896 1337
896 1357
896 1603
896 1876
897 1654
898 1478
899 1434
900 1276
900 1779
901 1226
901 1982
903 1599
904 1347
905 1756
907 1966
908 1183
908 1806
910 1224
911 1647
912 1078
912 1912
913 922
913 1846
915 1213
916 1706
918 979
919 1152
919 1901
923 1355
924 1177
924 1849
925 1271
927 1916
928 1621
928 1825
929 1448
929 1575
931 1415
931 1958
932 1103
932 1572
932 1998
933 1309
934 1166
935 1695
936 1312
937 1743
938 955
938 1301
938 1889
939 1167
939 1364
940 1785
941 1033
941 1690
942 1341
942 1348
942 1361
943 1361
943 1429
944 1143
944 1144
946 1405
947 1438
947 1573
947 1590
952 1466
952 1841
953 1261
953 1432
954 1019
954 1150
955 1203
955 1302
955 1745
956 1423
959 1601
961 1893
962 1967
963 1056
963 1319
964 1452
964 1683
966 1289
969 1615
970 1240
971 1153
971 1237
971 1599
972 1742
973 1115
973 1480
973 1634
974 1480
975 1214
976 1443
977 1296
977 1660
977 1982
978 1774
978 1841
980 1571
981 1139
982 1811
983 1756
985 1614
987 1346
988 1211
992 1026
992 1351
995 1358
995 1821
996 1134
997 1023
997 1142
997 1512
997 1558
997 1599
998 1216
998 1625
999 1053
999 1703
999 1874
1000 1576
1001 1645
1001 1731
1002 1958
1004 1995
1005 1782
1006 1177
1007 1266
1007 1333
1008 1149
1009 1358
1009 1519
1010 1712
1012 1532
1012 1573
1012 1970
1013 1153
1014 1205
1014 1466
1015 1858
1016 1264
1017 1460
1018 1421
1018 1540
1019 1933
1023 1245
1024 1238
1027 1105
1027 1792
1027 1858
1027 1880
1028 1038
1028 1553
1029 1505
1030 1606
1033 1474
1033 1608
1035 1565
1035 1774
1036 1052
1037 1136
1037 1476
1039 1085
1041 1150
1042 1078
1042 1521
1043 1340
1043 1822
1044 1750
1047 1876
1049 1764
1049 1844
1050 1311
1053 1199
1053 1390
1053 1784
1054 1891
1054 1902
1055 1113
1055 1819
1055 1848
1057 1461
1057 1755
1059 1432
1059 1540
1060 1102
1061 1796
1061 1992
1065 1878
1065 1947
1066 1767
1068 1654
1068 1767
1068 1892
1069 1307
1069 1440
1070 1265
1070 1377
1073 1880
1074 1312
1075 1546
1075 1922
1078 1126
1078 1228
1079 1250
1079 1808
1080 1767
1084 1392
1084 1513
1084 1776
1085 1725
1086 1337
1087 1481
1088 1543
1088 1981
1089 1994
1090 1522
1094 1586
1096 1339
1099 1792
1101 1761
1102 1108
1103 1927
1104 1679
1105 1243
1105 1815
1106 1251
1106 1470
1108 1724
1109 1259
1109 1755
1111 1339
1113 1530
1113 1859
1114 1345
1114 1460
1115 1495
1116 1142
1116 1383
1117 1930
1119 1701
1125 1291
1125 1660
1127 1295
1127 1885
1128 1603
1131 1991
1132 1937
1134 1177
1135 1776
1136 1157
1136 1792
1139 1898
1140 1617
1142 1493
1145 1658
1145 1866
1146 1613
1147 1347
1149 1939
1151 1362
1151 1715
1155 1232
1157 1706
1158 1265
1160 1807
1162 1527
1165 1558
1169 1353
1170 1489
1171 1179
1171 1734
1173 1464
1173 1732
1176 1440
1177 1676
1179 1910
1180 1544
1180 1648
1181 1854
1182 1186
1182 1315
1182 1358
1183 1280
1185 1729
1185 1861
1185 1977
1186 1464
1187 1202
1188 1809
1190 1784
1190 1963
1192 1488
1195 1402
1197 1507
1199 1535
1199 1861
1200 1233
1201 1220
1201 1354
1202 1555
1202 1982
1203 1856
1207 1417
1207 1914
1208 1269
1210 1501
1212 1251
1213 1289
1215 1339
1215 1812
1218 1539
1218 1710
1219 1905
1220 1294
1220 1471
1220 1752
1221 1348
1221 1999
1222 1835
1223 1245
1223 1606
1224 1366
1224 1570
1229 1895
1231 1568
1234 1732
1235 1665
1235 1731
1236 1808
1237 1981
1238 1954
1239 1269
1241 1673
1242 1568
1245 1479
1247 1257
1247 1863
1248 1931
1249 1287
1251 1278
1251 1786
1255 1504
1255 1722
1258 1396
1263 1676
1264 1761
1264 1892
1267 1404
1268 1730
1269 1399
1270 1369
1271 1706
1272 1710
1272 1904
1274 1885
1276 1527
1276 1801
1278 1689
1280 1858
1286 1789
1288 1652
1288 1733
1289 1752
1290 1603
1290 1712
1290 1738
1290 1874
1291 1787
1292 1943
1293 1437
1297 1786
1300 1722
1300 1967
1302 1650
1305 1546
1305 1556
1306 1742
1307 1504
1309 1695
1310 1619
1310 1882
1314 1673
1314 1771
1315 1392
1316 1772
1316 1892
1317 1583
1318 1844
1319 1605
1322 1718
1331 1600
1335 1889
1336 1632
1336 1860
1340 1701
1340 1773
1341 1582
1341 1943
1347 1754
1347 1965
1350 1818
1351 1383
1352 1378
1352 1776
1353 1639
1354 1474
1356 1801
1356 1892
1357 1938
1358 1526
1358 1989
1360 1823
1360 1874
1361 1545
1362 1556
1363 1898
1364 1848
1367 1869
1369 1735
1370 1959
1371 1956
1373 1629
1373 1938
1382 1577
1384 1564
1384 1751
1385 1558
1386 1507
1388 1914
1390 1839
1391 1616
1391 1765
1393 1699
1393 1901
1395 1793
1395 1870
1396 1694
1399 1405
1406 1482
1412 1731
1413 1942
1415 1781
1416 1893
1423 1589
1427 1497
1430 1442
1431 1721
1434 1458
1434 1600
1434 1902
1443 1454
1444 1511
1448 1473
1448 1689
1448 1716
1450 1900
1450 1943
1451 1521
1453 1565
1453 1839
1454 1819
1457 1638
1460 1929
1461 1652
1461 1691
1464 1679
1464 1856
1469 1643
1471 1552
1471 1768
1471 1892
1472 1611
1472 1839
1475 1820
1477 1995
1478 1754
1479 1643
1480 1509
1482 1799
1483 1887
1489 1752
1491 1584
1493 1561
1494 1965
1496 1900
1497 1739
1498 1972
1499 1522
1499 1642
1500 1858
1502 1612
1502 1943
1504 1879
1505 1748
1507 1747
1509 1782
1512 1525
1519 1534
1519 1698
1519 1900
1520 1545
1521 1615
1522 1811
1524 1731
1526 1882
1526 1934
1528 1884
1528 1958
1530 1723
1534 1924
1539 1829
1539 1895
1540 1613
1540 1664
1541 1990
1542 1590
1545 1864
1546 1688
1548 1865
1550 1813
1552 1678
1554 1682
1556 1641
1561 1635
1564 1971
1571 1796
1571 1996
1572 1946
1576 1837
1577 1625
1582 1717
1588 1830
1588 1924
1588 1945
1592 1989
1596 1704
1598 1950
1599 1723
1602 1666
1603 1655
1604 1611
1608 1693
1614 1678
1629 1732
1637 1747
1638 1949
1639 1808
1640 1876
1640 1959
1646 1968
1650 1934
1650 1997
1655 1692
1660 1801
1661 1808
1662 1712
1670 1814
1671 1722
1671 1736
1671 1746
1682 1696
1682 1719
1689 1721
1696 1770
1697 1885
1700 1940
1711 1845
1711 1892
1711 1904
1711 1943
1712 1779
1712 1953
1720 1858
1721 1831
1726 1972
1727 1870
1730 1920
1737 1746
1744 1896
1749 1811
1750 1780
1752 1965
1753 1793
1756 1856
1756 1880
1761 1940
1762 1784
1764 1855
1766 1878
1771 1990
1772 1883
1779 1814
1784 1840
1785 1853
1797 1923
1798 1814
1804 1810
1812 1979
1813 1954
1815 1872
1819 1903
1824 1874
1826 1874
1849 1944
1852 1926
1852 1988
1861 1928
1871 1880
1876 1938
1884 1959
1890 1937
1896 1930
1898 1973
1899 1966
1909 1922
1914 1961
1930 1993
1983 1991
