2000
0 794
0 919
0 1234
0 1249
0 1574
0 1746
0 1833
1 595
1 813
1 941
2 798
2 1789
3 15
3 112
3 483
3 926
3 1206
3 1574
3 1579
4 661
4 1046
4 1381
4 1790
5 723
5 1801
6 299
6 611
7 331
7 530
7 544
7 1576
8 356
8 1316
8 1671
9 753
9 754
9 1978
10 1535
10 1890
11 133
11 303
11 452
11 1187
11 1584
11 1708
11 1740
12 47
12 893
12 1542
12 1702
12 1780
13 664
13 939
13 1582
13 1642
14 17
14 76
14 724
14 1626
15 967
15 997
15 1210
15 1383
15 1994
16 1176
16 1419
17 530
17 849
18 207
18 650
18 857
18 1384
18 1578
18 1887
19 615
19 1741
19 1754
20 712
20 1267
20 1444
20 1458
20 1525
21 691
21 715
22 77
22 495
22 1621
22 1844
22 1878
22 1914
23 968
23 1199
23 1726
23 1885
23 1970
24 910
24 1089
24 1108
24 1364
24 1675
24 1716
24 1985
25 848
25 1513
25 1618
26 894
26 1151
26 1667
27 1121
28 63
28 877
28 1162
29 521
29 612
29 1844
30 625
30 1653
30 1654
30 1945
31 465
31 1073
32 335
32 1258
32 1499
33 36
33 195
33 378
33 1808
34 202
34 804
34 1332
34 1441
34 1499
34 1574
34 1777
34 1874
35 135
35 267
35 319
35 820
35 1123
35 1235
35 1539
35 1921
36 221
36 311
36 560
37 520
37 1027
37 1122
37 1220
38 43
38 493
38 926
38 1203
38 1634
38 1645
38 1751
38 1764
38 1935
39 430
39 953
39 971
39 1768
40 493
40 653
40 1883
41 633
41 787
41 835
41 1769
42 332
42 534
42 650
42 832
42 1307
42 1746
42 1924
42 1981
43 310
43 980
43 1044
43 1349
44 299
44 398
44 1210
44 1924
45 129
45 176
45 183
45 398
45 416
45 671
45 1005
45 1326
46 418
46 669
46 827
46 1008
46 1684
47 396
47 471
47 1243
47 1493
48 806
48 1277
48 1919
49 1109
50 1072
50 1362
50 1712
51 698
51 759
51 1069
51 1397
51 1652
51 1825
52 153
52 358
52 408
53 61
53 1093
53 1502
53 1756
54 498
54 778
55 884
55 1366
55 1605
56 879
56 1627
56 1814
57 111
57 212
57 771
58 975
58 1481
58 1596
59 127
59 274
59 489
59 811
59 1828
59 1897
59 1994
60 1148
60 1339
61 92
61 1025
61 1228
61 1260
61 1675
61 1843
61 1894
62 506
62 727
62 1313
63 259
63 294
63 686
63 809
63 937
63 1401
63 1925
64 117
64 193
64 1239
64 1925
65 88
65 1626
66 1425
66 1796
67 417
67 421
67 1300
68 79
68 869
68 1249
69 114
69 401
69 986
69 1050
69 1552
69 1668
69 1906
70 1409
70 1748
70 1914
71 165
71 764
71 875
71 1422
72 668
72 1132
72 1150
72 1841
73 325
73 1513
74 673
74 1136
74 1847
74 1934
75 767
75 969
75 1924
75 1953
76 453
76 1755
77 1117
77 1287
78 1164
78 1968
79 892
79 1968
80 244
80 1347
80 1836
80 1910
80 1922
81 285
81 717
81 785
81 833
81 1751
82 1295
82 1709
82 1998
83 131
83 247
83 544
83 721
83 904
83 1588
83 1855
84 284
84 982
84 1381
85 1292
85 1443
86 1098
86 1822
86 1887
87 958
87 1178
87 1299
87 1810
88 190
88 1378
88 1663
89 646
89 743
89 1151
89 1882
90 130
90 349
90 645
90 872
90 924
90 926
90 1696
91 619
91 906
91 1506
92 104
92 797
92 1275
92 1472
92 1601
92 1713
92 1864
92 1922
92 1958
93 978
93 1784
94 1037
94 1128
94 1154
94 1784
94 1785
94 1808
95 397
95 622
95 874
95 1818
95 1821
95 1922
96 1295
96 1340
96 1408
96 1798
96 1903
97 344
97 811
97 1637
98 779
98 1524
98 1768
99 217
99 525
99 1202
99 1294
99 1378
99 1623
100 1399
100 1823
101 1109
102 638
102 876
102 1129
103 607
103 1199
103 1516
104 1737
104 1968
105 1615
106 219
106 323
106 327
106 881
106 973
106 1748
106 1770
107 405
107 482
107 1139
108 140
108 255
108 518
109 863
109 1201
111 1490
111 1583
111 1629
111 1753
112 463
112 559
112 696
112 1087
112 1915
112 1948
113 445
113 640
113 1375
113 1404
114 210
115 287
115 1066
115 1382
115 1416
115 1592
115 1724
116 427
117 705
117 1227
117 1306
117 1695
117 1697
117 1964
118 327
118 613
118 640
118 797
118 916
118 1929
119 217
119 752
119 1150
119 1157
120 385
120 749
120 1152
120 1374
120 1672
120 1852
120 1857
121 265
121 1520
121 1748
122 381
122 695
122 829
122 1909
123 495
123 1376
123 1556
123 1716
124 204
124 437
124 470
124 1098
124 1172
124 1729
124 1940
125 278
125 1104
125 1339
125 1823
126 210
126 218
126 265
126 316
126 950
126 984
126 1372
127 696
127 1745
127 1764
127 1945
128 636
128 1787
129 368
129 562
129 719
129 1093
129 1756
130 730
130 954
130 1702
130 1810
131 790
131 1691
131 1841
131 1968
133 159
134 541
134 1133
135 233
135 854
135 1122
135 1280
135 1307
135 1499
136 270
136 461
136 778
136 1345
136 1383
136 1441
137 1206
137 1427
137 1725
137 1823
137 1867
138 1028
138 1043
139 518
139 719
139 727
139 906
139 1326
139 1893
140 176
140 1317
140 1326
140 1532
140 1618
141 366
141 672
141 1114
141 1172
141 1261
141 1431
142 964
142 1356
142 1965
143 604
143 755
144 446
144 606
144 1324
145 646
145 983
145 1215
145 1877
146 758
146 820
146 969
146 1327
146 1391
146 1590
146 1646
147 1615
148 1698
148 1784
148 1868
149 766
149 1183
149 1629
149 1877
150 1155
150 1628
150 1833
151 256
151 938
152 604
152 1350
152 1446
152 1826
152 1935
153 187
153 1508
153 1973
154 515
155 1595
156 1367
156 1631
157 202
157 304
157 1049
157 1128
157 1557
157 1925
158 422
158 718
158 726
158 1459
159 729
159 744
159 800
159 1216
159 1434
159 1944
160 878
161 271
161 405
161 1254
161 1329
161 1532
162 521
162 1071
162 1084
162 1898
163 245
163 739
163 1082
163 1307
165 360
165 620
165 1142
165 1327
165 1328
165 1427
166 838
166 1030
167 177
167 531
167 1055
167 1075
167 1356
168 1361
169 1043
169 1376
169 1436
169 1734
169 1753
169 1808
170 385
170 569
170 591
170 1542
170 1910
171 505
171 566
171 1168
171 1196
171 1608
171 1720
171 1762
172 1388
173 1271
173 1296
173 1637
174 409
174 668
174 858
175 1373
175 1533
176 326
176 925
176 1600
176 1871
176 1879
177 1090
177 1962
178 395
178 1080
178 1444
179 291
179 1378
179 1809
180 642
180 1061
180 1182
180 1190
180 1726
181 430
181 659
182 662
182 992
182 1527
183 228
183 318
183 844
184 596
184 602
184 1145
184 1272
184 1408
185 229
185 671
185 1187
185 1654
186 622
186 1753
186 1958
186 1969
187 261
187 364
187 518
187 874
187 1619
188 907
188 964
188 1460
188 1964
189 844
189 1720
189 1733
189 1820
189 1883
191 344
191 1098
191 1474
192 876
192 1095
192 1687
193 193
193 288
193 1538
194 1427
195 609
195 624
195 1692
197 199
197 477
197 912
197 1200
197 1576
197 1990
198 280
198 775
198 1840
198 1950
199 562
199 1069
199 1581
199 1648
200 490
200 1315
200 1338
200 1982
201 521
201 1004
201 1547
201 1704
201 1729
202 406
202 1214
202 1369
202 1856
202 1940
203 1374
203 1385
203 1944
204 1509
204 1554
205 228
205 897
205 1273
205 1571
205 1682
206 558
206 975
206 1008
206 1330
206 1356
206 1457
206 1758
207 874
207 1446
207 1834
208 411
208 437
208 986
209 1262
209 1529
210 388
210 966
210 1917
211 482
211 533
212 1568
212 1655
213 714
213 1054
214 994
214 1716
215 1334
215 1363
216 550
216 740
216 1157
216 1422
217 1311
217 1358
218 854
218 877
219 830
219 1281
219 1674
219 1829
220 692
220 862
220 1812
221 812
221 895
221 1617
221 1847
222 615
222 671
222 1480
222 1736
223 338
223 1047
223 1648
224 487
224 587
224 1002
224 1306
224 1366
224 1418
224 1688
224 1950
225 406
226 960
226 1564
227 272
227 500
227 702
228 248
228 508
228 651
228 1003
229 446
229 683
229 1074
229 1272
229 1445
229 1879
230 472
230 801
230 901
230 1023
230 1242
230 1294
230 1733
230 1890
231 699
231 1734
231 1911
232 461
232 1325
232 1669
232 1676
233 405
233 1477
233 1616
233 1661
233 1906
233 1922
235 804
235 1867
235 1938
236 355
236 1005
236 1263
237 794
237 935
237 1091
237 1845
238 567
238 1408
238 1565
239 344
239 539
239 817
239 1126
240 449
240 595
240 879
240 917
241 390
241 822
241 905
241 1309
242 1495
243 818
243 941
243 1175
243 1258
243 1697
244 712
244 788
244 1436
244 1474
244 1576
244 1721
244 1746
245 767
245 792
245 1377
246 707
246 1568
247 343
247 474
247 771
247 1064
247 1600
247 1654
248 758
248 881
248 1374
248 1487
249 275
249 455
249 1015
249 1129
249 1237
249 1536
250 492
250 941
250 1686
250 1952
251 743
251 1646
252 397
252 1214
252 1324
252 1832
252 1951
253 622
253 755
253 1580
253 1948
254 739
254 916
254 1668
255 523
255 1903
256 364
256 455
256 844
256 1887
257 258
257 528
257 906
257 1159
257 1323
257 1335
258 282
258 416
258 810
258 1305
258 1462
258 1613
258 1737
259 506
259 616
259 1169
259 1456
259 1693
260 429
260 558
260 1300
261 363
261 761
261 1701
261 1937
262 775
262 1051
262 1707
263 631
263 1039
263 1281
264 626
264 760
264 950
264 1029
264 1043
264 1098
264 1366
264 1904
265 374
265 1165
265 1386
266 1628
266 1956
267 890
268 270
268 496
268 590
269 535
269 935
269 1097
269 1154
270 364
270 376
270 583
270 1719
270 1807
271 289
271 1423
272 426
272 594
272 761
272 1862
273 698
274 336
274 540
274 1331
274 1429
274 1746
275 611
275 825
275 1317
275 1338
275 1429
275 1594
276 1219
276 1393
276 1809
277 295
277 311
277 357
277 665
277 1156
277 1247
277 1604
278 393
278 414
278 507
278 713
278 981
278 1061
279 1369
280 963
280 1754
281 1454
281 1472
281 1915
282 312
282 417
282 602
282 1192
283 1029
283 1609
284 1314
284 1747
285 307
285 339
285 1402
285 1662
286 451
286 887
286 1089
286 1891
287 435
287 896
287 979
287 1344
287 1908
289 407
289 734
289 952
289 1325
289 1426
290 745
290 1570
290 1786
291 433
291 662
291 912
291 1574
291 1768
291 1769
291 1859
291 1995
292 439
292 630
292 811
292 1018
292 1296
293 1933
294 386
294 525
294 837
294 1022
294 1088
294 1621
295 786
295 821
295 1395
297 442
297 484
297 1171
297 1340
297 1724
298 1323
298 1405
298 1628
300 690
300 1368
300 1763
301 858
301 1508
301 1733
301 1916
302 416
302 471
303 479
303 1360
303 1418
303 1894
304 567
304 637
304 696
304 1160
304 1783
305 800
305 1311
306 1327
306 1870
307 938
307 1235
308 1046
309 1174
309 1702
310 352
310 431
310 850
310 957
310 1403
310 1985
311 576
311 1267
311 1621
311 1707
311 1865
312 729
312 966
312 1681
312 1809
312 1914
313 1563
313 1660
313 1914
314 798
314 1000
314 1127
314 1247
314 1911
315 770
315 1092
316 927
317 1330
317 1579
317 1919
318 484
318 1364
318 1707
318 1902
319 853
319 1285
319 1504
320 827
320 1541
320 1754
321 538
321 1525
321 1844
322 474
322 1276
323 870
323 1234
324 454
324 653
324 814
324 1685
325 868
325 1418
325 1480
325 1498
325 1695
326 695
326 1103
326 1365
326 1640
326 1802
327 389
327 717
327 1041
327 1789
328 533
328 1594
329 1686
330 369
330 661
330 1253
330 1379
330 1502
331 788
332 772
332 1594
332 1734
332 1768
332 1960
333 608
333 1024
333 1857
334 621
334 822
335 1111
336 1472
336 1705
336 1856
337 562
337 1076
337 1220
337 1254
337 1740
339 442
339 828
339 949
339 1054
339 1686
340 1711
340 1757
341 557
341 830
341 1309
341 1831
342 635
342 670
343 1177
343 1302
343 1319
343 1340
344 683
344 834
344 1663
345 749
345 1821
346 1441
346 1544
346 1620
348 1380
349 516
349 1590
349 1848
350 577
350 1386
350 1437
350 1742
351 691
352 1587
352 1754
352 1866
353 566
353 622
353 1039
353 1300
354 490
354 604
354 717
354 909
354 1316
354 1371
355 466
355 1045
355 1053
355 1409
355 1673
356 938
356 1104
358 375
358 632
358 1275
358 1362
358 1589
359 423
359 935
359 1394
360 486
361 441
361 649
361 915
361 1248
361 1449
361 1594
362 485
362 805
362 1455
362 1847
363 540
363 576
363 587
363 769
364 1357
364 1822
366 916
366 1821
367 659
367 1635
367 1778
367 1803
368 405
368 1265
368 1432
368 1798
368 1811
368 1966
369 934
369 1855
369 1974
370 442
370 949
370 1022
370 1056
370 1312
371 1083
371 1318
371 1442
371 1804
371 1849
372 378
372 938
372 1644
372 1676
372 1905
373 449
373 792
373 1967
374 456
374 475
374 542
375 502
375 614
375 624
375 817
375 1129
375 1321
376 685
376 884
376 1252
376 1497
376 1760
376 1777
377 860
377 1268
377 1313
378 1347
378 1398
379 521
379 822
379 1025
379 1145
379 1391
379 1585
380 832
381 489
382 650
382 1223
383 1003
383 1154
383 1623
383 1792
384 794
384 997
384 1256
385 895
385 1079
386 851
386 1921
387 650
387 754
388 453
388 913
389 402
389 594
389 622
389 625
389 1228
389 1537
390 687
390 885
390 1032
391 455
391 511
391 725
391 1026
392 604
392 622
392 1002
392 1467
393 445
393 708
393 829
393 1920
394 943
394 987
394 1178
394 1463
395 874
395 1181
395 1432
395 1586
395 1631
396 580
396 649
396 695
396 1070
396 1168
396 1279
396 1764
397 834
397 936
397 1065
397 1364
397 1455
398 608
399 716
399 916
399 1049
399 1290
399 1543
399 1659
400 811
400 1745
401 755
401 1114
401 1444
402 1093
402 1167
402 1181
403 451
403 1154
403 1297
404 760
404 773
404 1870
404 1966
405 821
405 1043
405 1496
405 1749
406 421
407 483
407 1218
408 519
408 590
408 1616
410 782
411 608
411 613
411 1167
411 1808
412 965
412 1222
412 1536
412 1926
413 417
413 674
413 909
413 1186
413 1433
413 1447
414 1127
414 1582
415 458
415 595
415 676
415 909
415 1152
415 1194
415 1843
416 1513
417 445
417 1532
418 647
418 1688
419 700
419 900
419 905
420 501
420 565
421 719
422 1520
422 1694
423 1345
424 977
424 1343
424 1434
424 1439
424 1652
424 1694
425 452
425 484
425 921
425 1230
425 1667
425 1729
425 1734
427 869
427 1373
428 673
428 687
428 791
429 643
429 976
429 1008
429 1940
430 970
430 1388
430 1807
431 453
431 812
431 1123
431 1176
431 1372
431 1958
432 1054
433 755
433 1953
435 469
435 962
435 1255
435 1285
435 1787
435 1803
436 789
436 933
436 1077
436 1238
436 1389
437 1013
437 1455
437 1460
437 1520
438 1509
438 1977
439 1156
439 1687
439 1854
440 487
440 625
440 1120
440 1174
440 1501
440 1835
441 738
441 897
442 709
442 1113
442 1172
442 1534
442 1611
442 1747
442 1794
442 1948
443 1526
444 1302
444 1399
444 1434
444 1678
444 1758
445 718
445 1235
445 1732
445 1943
446 663
446 1099
446 1397
446 1465
446 1777
446 1973
447 1351
447 1427
448 992
448 1139
448 1390
449 707
450 483
450 599
450 715
450 1417
450 1692
451 775
451 923
451 1426
451 1613
452 860
452 945
452 1066
452 1547
452 1735
453 728
453 1095
454 555
454 608
454 717
454 1536
454 1727
454 1801
455 568
455 637
455 799
455 1117
455 1369
456 496
456 1972
456 1991
457 905
457 1239
458 529
458 902
458 1595
458 1748
458 1914
459 1078
459 1151
459 1533
459 1639
459 1697
460 782
460 1711
460 1911
461 817
461 1347
461 1477
462 1128
462 1328
462 1341
462 1581
462 1761
462 1878
462 1933
463 1605
463 1662
464 1148
464 1762
465 734
465 1091
465 1301
465 1850
465 1855
466 476
466 721
466 893
466 902
466 913
467 936
467 1345
467 1786
467 1921
468 468
468 513
468 720
468 1861
469 528
469 1420
471 745
471 852
471 1121
471 1283
471 1302
471 1586
471 1952
472 563
472 940
472 1628
472 1967
473 1299
473 1739
473 1834
473 1851
473 1978
474 1520
475 652
475 764
475 857
475 1010
475 1378
476 602
476 1134
476 1197
476 1476
476 1750
477 486
477 848
477 865
477 1162
478 1001
478 1238
478 1409
478 1532
479 519
479 860
480 1226
480 1439
480 1466
482 972
482 1876
483 1780
484 643
484 685
484 1153
484 1616
484 1804
485 807
485 1043
485 1305
485 1448
486 1022
486 1153
486 1360
486 1506
487 739
487 1002
487 1568
488 807
488 1679
489 747
489 1244
489 1359
489 1857
490 624
490 1405
490 1882
491 1018
491 1023
491 1067
491 1681
492 1267
492 1493
492 1937
493 940
493 1134
493 1319
494 1524
494 1883
495 1936
497 1036
498 855
498 1364
498 1641
498 1700
499 747
499 1145
500 1052
500 1906
501 894
501 1635
501 1947
502 1466
503 867
503 1383
503 1384
504 1739
504 1826
504 1966
505 1265
506 818
507 790
507 1049
507 1207
507 1421
508 1003
508 1275
509 718
509 755
509 954
509 1425
509 1623
510 924
510 1350
510 1351
510 1874
511 1114
511 1464
511 1588
511 1942
511 1972
512 879
513 1426
514 556
514 765
514 945
514 1356
514 1607
514 1845
515 810
515 1005
515 1445
515 1728
516 853
516 1192
516 1216
516 1239
517 743
517 1419
517 1520
517 1595
517 1665
518 1032
518 1503
518 1824
518 1873
519 878
519 1113
519 1412
519 1515
519 1619
519 1772
519 1897
520 530
520 1094
520 1462
520 1722
521 532
521 876
521 903
521 967
521 1312
521 1330
521 1331
521 1433
521 1443
522 768
523 544
523 1914
523 1948
524 824
524 913
524 1690
525 735
526 596
526 1067
526 1177
526 1192
527 554
527 1008
528 643
528 772
528 999
528 1333
528 1591
529 1541
530 1547
530 1735
531 751
531 785
531 1672
532 1049
533 971
533 1483
534 1066
534 1478
535 662
535 1017
535 1292
536 1000
536 1008
536 1034
536 1092
536 1187
536 1297
536 1563
536 1909
537 586
537 1077
537 1339
537 1732
538 881
538 1029
538 1443
538 1735
539 830
539 993
539 1323
540 1274
540 1728
541 593
541 853
541 1285
541 1310
542 1535
542 1850
543 587
543 876
543 889
543 1558
543 1572
543 1607
544 919
544 975
544 1978
545 719
546 642
546 660
546 1277
547 698
547 1349
547 1358
547 1568
547 1884
547 1902
549 856
549 1207
549 1449
549 1523
550 606
550 1450
550 1456
550 1846
551 842
551 1874
552 580
552 1120
552 1836
552 1968
553 926
553 1141
553 1594
553 1697
554 1322
554 1464
555 590
555 1324
555 1485
555 1695
556 866
556 1058
556 1797
557 887
557 926
557 1068
557 1707
557 1805
557 1826
558 1446
559 828
559 1395
559 1552
560 724
560 1008
560 1965
561 1443
562 930
563 1560
563 1707
564 704
564 760
564 899
564 986
564 987
564 1411
564 1519
564 1868
565 1919
565 1988
566 1007
566 1434
567 1886
567 1953
567 1992
569 1023
569 1078
569 1086
569 1744
570 1233
570 1557
570 1780
571 788
571 1150
571 1176
572 671
572 1942
573 1031
573 1186
573 1641
573 1812
574 905
574 960
574 1807
576 1069
576 1076
576 1091
577 678
577 1339
577 1769
578 636
578 1015
578 1940
579 725
579 827
579 1099
579 1752
579 1894
580 676
580 1546
580 1594
580 1802
580 1845
581 830
581 1409
581 1546
582 744
582 1062
582 1533
582 1543
582 1569
582 1981
583 674
583 724
583 1564
585 1127
585 1691
585 1706
586 798
587 730
588 1028
588 1196
588 1245
588 1634
589 603
589 1425
589 1758
590 882
590 1262
590 1325
591 677
591 718
591 788
591 1103
591 1371
591 1835
592 917
592 1129
592 1414
592 1729
592 1923
592 1969
593 1017
593 1139
593 1387
593 1705
593 1994
594 1163
594 1925
595 946
595 1015
595 1153
595 1936
596 1269
596 1431
596 1727
596 1991
597 778
597 1327
598 740
598 772
598 1110
598 1443
598 1962
599 1023
599 1118
600 922
601 810
601 1706
602 957
602 1669
602 1752
603 1236
603 1644
603 1845
604 1404
604 1538
604 1780
605 732
606 1533
606 1709
607 632
607 634
607 728
607 1190
607 1411
608 951
608 1129
608 1772
609 1938
610 858
611 769
612 708
612 1686
613 1484
613 1558
614 1968
615 1041
615 1064
615 1911
616 778
616 1477
616 1693
617 896
617 1626
617 1649
617 1872
617 1891
617 1917
617 1958
618 698
618 1361
618 1770
619 690
619 1862
621 625
621 1082
621 1524
622 1008
622 1270
622 1624
623 1336
624 1096
624 1498
624 1693
624 1732
624 1831
625 790
625 875
627 738
627 893
627 947
627 1382
627 1494
628 765
628 1007
628 1596
629 1332
629 1635
632 637
632 826
632 1773
632 1974
633 1154
633 1572
633 1711
633 1907
634 1233
634 1351
634 1766
634 1792
635 775
635 1049
635 1390
635 1656
635 1871
635 1962
636 1055
636 1224
637 897
637 1036
638 671
638 759
638 1911
639 694
639 848
639 1443
639 1600
640 749
640 763
640 1333
641 817
642 1368
642 1435
642 1489
642 1835
645 1190
645 1281
645 1919
646 1245
646 1448
646 1587
646 1628
647 815
647 1260
647 1392
647 1674
648 952
648 1243
649 1605
650 1126
650 1386
650 1524
650 1546
650 1818
650 1854
651 1281
651 1739
651 1801
652 895
652 1212
652 1442
652 1448
652 1543
652 1545
653 858
653 916
653 1569
653 1595
653 1831
653 1841
653 1917
653 1929
654 1222
655 1303
655 1557
656 1342
656 1467
657 1215
658 1001
658 1130
658 1922
659 1109
660 1381
660 1847
660 1979
662 937
662 1550
662 1769
665 1043
665 1241
666 854
667 1001
667 1484
667 1524
667 1746
668 978
668 1188
668 1767
668 1845
668 1999
669 1931
670 760
670 881
670 1244
670 1892
671 744
671 906
671 1228
672 821
672 1011
672 1152
672 1899
673 1872
673 1934
674 705
674 820
675 1042
675 1290
675 1480
675 1656
676 918
676 1098
676 1109
677 725
677 1012
677 1831
677 1862
677 1872
678 734
678 896
678 1713
679 1959
680 753
680 1119
680 1255
680 1517
681 1203
682 721
682 956
682 1118
682 1886
682 1913
684 767
684 1926
685 1184
685 1674
686 859
686 1111
686 1611
686 1924
687 1775
687 1874
688 1357
689 753
689 859
689 1390
690 1353
690 1441
690 1518
690 1631
691 1864
693 914
693 1476
694 718
694 1174
694 1237
694 1529
695 917
695 1209
696 775
696 788
696 1312
696 1646
697 856
697 958
697 1270
697 1524
698 1208
698 1622
698 1947
699 951
699 1243
700 743
700 1978
701 918
701 1238
701 1375
701 1669
701 1731
701 1783
702 795
702 1180
702 1672
702 1822
703 1828
704 1078
704 1341
705 1765
706 998
706 1195
706 1580
706 1818
708 1071
709 762
709 1128
709 1154
709 1224
709 1230
709 1983
710 739
710 862
710 1339
710 1758
711 762
711 1209
712 958
712 1113
712 1267
713 1536
713 1840
714 938
714 1199
714 1531
714 1971
715 898
715 1344
715 1363
715 1528
716 1005
716 1555
717 790
717 1256
717 1656
717 1921
717 1952
717 1986
718 1789
719 1429
719 1572
719 1876
720 840
720 903
720 1020
720 1193
720 1229
720 1355
720 1446
720 1886
722 1261
723 1597
724 1017
725 1446
725 1521
726 1528
726 1666
727 782
727 1431
727 1914
728 1039
728 1568
728 1922
729 803
729 1539
729 1562
729 1886
730 1341
733 1505
735 761
735 1190
735 1228
735 1626
735 1727
736 1328
736 1447
736 1522
737 1055
737 1393
738 1471
739 801
739 1442
739 1702
739 1741
739 1914
740 852
740 923
740 1221
740 1365
740 1866
741 1366
741 1462
741 1818
741 1883
742 1110
742 1375
742 1384
742 1606
742 1834
743 1897
744 1942
745 774
745 801
745 1441
746 1198
746 1988
747 861
747 1001
747 1120
747 1213
747 1395
747 1890
748 859
749 894
749 1448
750 1533
750 1667
750 1672
750 1729
750 1805
751 1548
753 1114
753 1426
754 1438
754 1472
755 1310
755 1416
755 1684
755 1826
756 1621
758 1770
758 1805
760 809
760 812
760 930
760 1268
760 1564
761 803
761 885
761 1810
761 1937
761 1940
762 863
762 1756
762 1794
763 802
763 1556
764 820
764 1245
764 1786
765 952
766 987
766 989
766 1144
766 1631
767 1118
768 783
768 1110
768 1643
769 883
770 1994
771 1212
772 1634
773 1406
773 1463
773 1606
775 989
775 1683
776 1076
777 1159
777 1856
778 1237
778 1633
779 895
780 850
780 918
780 1916
781 1101
781 1816
781 1929
782 1394
783 1044
783 1232
783 1300
783 1828
784 1022
784 1398
784 1850
784 1865
785 1093
787 988
787 1433
788 1108
789 1613
789 1834
790 832
790 1602
791 993
791 1230
791 1231
791 1926
791 1939
792 1656
793 897
793 922
793 1014
793 1351
793 1675
793 1914
794 1063
794 1689
794 1756
794 1815
794 1896
796 819
796 1067
796 1584
797 1230
798 868
798 1088
800 864
800 882
800 1047
800 1169
800 1364
800 1593
800 1794
800 1849
801 1251
801 1811
803 1361
803 1935
803 1988
804 960
804 1290
804 1566
804 1793
804 1948
805 1301
806 1507
806 1595
807 996
807 1263
807 1849
808 886
808 994
808 1941
809 1716
810 1696
811 1666
811 1749
812 891
812 1284
812 1466
813 1984
814 1901
815 1121
815 1531
816 983
816 1434
816 1489
816 1956
816 1983
817 928
817 1064
817 1165
817 1428
817 1659
817 1729
817 1927
818 1037
818 1305
818 1424
818 1722
819 1158
822 822
822 835
822 880
822 1929
823 862
823 1636
823 1641
824 871
824 1094
825 949
826 1289
826 1837
827 1031
827 1298
827 1566
828 975
828 1201
828 1353
828 1363
828 1926
828 1991
829 1038
829 1249
829 1403
830 1355
830 1409
831 979
832 1035
832 1243
833 850
833 991
833 1026
833 1039
834 966
834 1072
834 1196
835 1137
835 1774
836 1040
836 1692
836 1919
837 1086
837 1099
837 1365
837 1425
837 1874
838 1220
838 1687
839 1128
839 1352
839 1868
839 1965
840 1148
840 1305
840 1587
840 1881
841 935
841 1246
841 1918
843 1192
843 1821
844 1001
844 1756
845 1890
847 1913
847 1980
848 1794
849 1719
850 854
850 1280
850 1873
852 1032
852 1073
852 1271
852 1972
853 859
853 1072
853 1249
853 1591
853 1595
855 889
855 1249
855 1539
855 1560
856 942
856 1688
856 1709
856 1786
856 1903
857 1166
857 1915
858 881
858 957
858 1060
858 1255
858 1613
859 1353
859 1359
859 1499
859 1738
860 1578
861 1380
861 1561
861 1807
861 1840
861 1980
862 1391
862 1471
863 1005
863 1373
863 1621
864 991
864 993
864 1329
865 1216
865 1659
866 878
867 1383
867 1613
868 1143
868 1572
869 1222
869 1282
870 950
870 1065
870 1615
870 1886
870 1906
871 1040
871 1153
871 1271
871 1366
871 1463
871 1742
872 997
872 1086
873 1240
874 1386
874 1453
875 1236
875 1444
875 1689
875 1694
875 1891
876 1043
876 1605
876 1847
877 1325
878 1826
879 1405
880 910
880 1067
880 1116
880 1371
880 1445
882 1989
883 1060
883 1550
883 1655
883 1915
884 983
884 1155
885 1302
885 1471
886 1096
886 1563
887 1338
887 1536
888 1014
888 1176
888 1288
889 1002
889 1145
889 1563
889 1735
890 1566
890 1651
891 976
891 1180
892 1227
892 1754
894 918
894 1506
895 1452
896 1477
896 1733
897 1385
898 1139
898 1349
898 1372
899 992
899 1232
900 936
900 1547
900 1896
901 957
901 1719
901 1736
902 1102
902 1877
902 1994
903 1768
903 1833
903 1855
904 916
904 1180
904 1710
905 1897
906 1215
906 1430
906 1759
906 1978
907 1553
908 1323
908 1349
908 1455
908 1921
910 1150
911 1121
911 1823
912 934
912 1013
912 1056
912 1062
912 1262
912 1403
912 1782
914 1230
914 1800
914 1860
915 1369
916 963
916 998
916 1568
916 1888
917 1538
917 1808
917 1946
918 1101
918 1527
918 1807
918 1937
919 1859
920 1824
920 1920
921 959
921 1066
921 1297
921 1813
921 1846
922 1096
922 1251
922 1473
922 1785
924 1040
924 1463
925 1755
926 1220
926 1514
926 1769
927 1053
928 1479
929 1927
930 973
930 1691
931 1939
932 934
932 1165
932 1456
932 1748
932 1886
932 1918
935 1078
935 1259
935 1605
935 1610
935 1763
936 1396
936 1747
937 961
937 1359
937 1817
938 971
938 1005
938 1228
938 1230
938 1331
939 1017
939 1465
939 1979
940 1119
941 1198
941 1516
943 1392
943 1433
943 1491
945 957
945 1639
945 1881
946 1472
947 1936
948 1589
948 1982
949 1746
950 1110
950 1756
951 1120
951 1936
952 1424
952 1973
953 1346
953 1569
954 1202
954 1841
955 1274
957 1096
958 1369
959 1676
960 1049
960 1611
960 1743
962 968
962 1045
962 1068
962 1791
963 1406
964 1299
964 1734
965 1405
965 1801
966 1021
966 1230
966 1506
966 1706
966 1822
967 1232
967 1418
967 1424
967 1439
967 1987
968 1196
968 1612
968 1928
969 1366
970 1845
971 1284
971 1401
972 1213
972 1970
973 1316
973 1412
973 1509
973 1746
974 1250
974 1540
975 1821
976 1013
976 1172
977 1003
977 1136
977 1672
977 1735
978 1208
978 1319
978 1510
978 1861
979 1178
979 1367
979 1734
980 1750
981 1082
981 1592
981 1726
981 1792
982 1221
982 1300
982 1377
983 1169
983 1587
983 1964
984 993
984 1451
984 1770
985 1169
985 1861
986 1480
986 1500
986 1675
986 1800
987 1293
987 1418
989 1612
989 1629
991 1609
992 1465
992 1482
992 1850
993 1011
994 1336
996 1249
996 1494
996 1820
996 1919
997 1242
997 1394
997 1431
997 1450
998 1542
999 1060
999 1292
999 1812
999 1986
1000 1064
1001 1391
1002 1449
1002 1483
1003 1088
1004 1157
1004 1606
1004 1682
1004 1875
1005 1529
1005 1692
1005 1844
1006 1155
1006 1204
1006 1492
1006 1540
1007 1176
1008 1107
1008 1478
1009 1274
1010 1258
1010 1349
1010 1400
1010 1408
1010 1602
1010 1644
1010 1826
1014 1269
1014 1716
1015 1038
1015 1070
1015 1598
1016 1631
1017 1887
1019 1092
1019 1356
1019 1400
1019 1773
1020 1330
1020 1892
1020 1941
1020 1960
1021 1617
1022 1986
1023 1444
1023 1559
1024 1390
1024 1773
1024 1921
1025 1621
1026 1341
1026 1896
1027 1784
1028 1069
1028 1260
1029 1503
1029 1868
1030 1154
1030 1337
1030 1776
1030 1878
1031 1195
1031 1341
1031 1886
1031 1942
1032 1380
1032 1478
1035 1151
1035 1209
1035 1325
1036 1742
1038 1183
1038 1659
1039 1458
1040 1603
1040 1793
1042 1508
1043 1108
1043 1157
1044 1338
1045 1340
1045 1697
1045 1966
1046 1862
1047 1251
1048 1332
1048 1604
1048 1772
1050 1274
1050 1896
1051 1269
1052 1340
1052 1859
1054 1443
1054 1542
1054 1780
1057 1308
1057 1385
1057 1480
1057 1575
1058 1263
1058 1322
1058 1993
1061 1367
1061 1846
1061 1871
1062 1400
1062 1587
1062 1918
1063 1236
1063 1632
1063 1747
1063 1980
1064 1296
1066 1712
1067 1127
1067 1290
1067 1408
1067 1946
1068 1231
1068 1418
1069 1234
1069 1470
1069 1644
1069 1717
1072 1694
1072 1710
1073 1398
1073 1535
1074 1210
1074 1225
1074 1346
1074 1416
1074 1859
1075 1122
1075 1186
1075 1337
1076 1224
1077 1275
1078 1538
1079 1714
1079 1812
1079 1831
1080 1480
1080 1497
1081 1242
1082 1880
1082 1972
1083 1718
1085 1322
1088 1130
1088 1238
1089 1551
1089 1579
1089 1582
1089 1781
1090 1187
1090 1343
1090 1413
1090 1726
1091 1276
1091 1874
1092 1346
1092 1620
1093 1809
1094 1897
1095 1971
1096 1460
1096 1991
1097 1610
1097 1785
1097 1822
1098 1673
1099 1251
1100 1113
1100 1507
1101 1309
1101 1908
1101 1948
1102 1624
1102 1679
1102 1901
1103 1261
1103 1433
1103 1545
1103 1565
1104 1126
1104 1866
1105 1390
1105 1557
1107 1384
1107 1715
1108 1503
1109 1799
1109 1859
1110 1177
1111 1451
1111 1661
1112 1337
1112 1740
1113 1676
1114 1436
1114 1718
1114 1821
1115 1270
1115 1344
1115 1404
1116 1457
1117 1318
1117 1485
1117 1582
1117 1679
1118 1289
1118 1416
1118 1509
1119 1264
1119 1644
1119 1691
1120 1232
1121 1311
1121 1567
1121 1612
1122 1260
1123 1194
1125 1551
1125 1707
1126 1250
1127 1320
1127 1965
1129 1324
1129 1701
1129 1955
1130 1384
1130 1540
1130 1945
1131 1214
1131 1399
1131 1546
1132 1219
1132 1397
1133 1470
1133 1823
1134 1179
1134 1480
1134 1780
1135 1440
1135 1805
1136 1185
1136 1392
1137 1182
1137 1668
1137 1784
1137 1956
1138 1805
1139 1147
1140 1518
1141 1496
1144 1963
1145 1448
1145 1829
1146 1522
1146 1913
1147 1209
1147 1491
1147 1846
1148 1272
1149 1285
1149 1309
1149 1724
1150 1740
1150 1916
1150 1978
1151 1900
1151 1954
1152 1194
1152 1382
1153 1590
1153 1731
1156 1161
1156 1828
1157 1260
1158 1159
1158 1209
1159 1431
1160 1918
1161 1252
1161 1313
1161 1335
1161 1431
1161 1661
1161 1688
1163 1291
1163 1332
1163 1448
1164 1579
1164 1998
1165 1167
1165 1486
1166 1391
1169 1606
1169 1730
1170 1269
1170 1340
1170 1438
1170 1571
1171 1329
1171 1447
1171 1505
1171 1800
1171 1937
1173 1557
1174 1405
1174 1785
1174 1866
1175 1806
1175 1958
1176 1369
1177 1415
1177 1547
1178 1637
1178 1893
1179 1182
1179 1251
1179 1446
1179 1548
1179 1631
1179 1962
1180 1403
1180 1665
1180 1763
1180 1862
1181 1269
1181 1306
1182 1332
1182 1954
1182 1992
1183 1189
1183 1508
1184 1296
1184 1357
1184 1430
1184 1431
1184 1773
1185 1697
1185 1861
1186 1194
1187 1595
1187 1771
1188 1289
1188 1764
1188 1851
1189 1204
1189 1606
1190 1470
1190 1804
1191 1265
1191 1372
1191 1416
1191 1584
1191 1883
1191 1959
1193 1209
1193 1442
1194 1478
1196 1496
1196 1938
1197 1300
1197 1413
1197 1730
1198 1371
1199 1606
1199 1753
1201 1751
1202 1483
1202 1568
1202 1648
1202 1751
1202 1912
1203 1797
1203 1996
1204 1271
1204 1725
1205 1275
1205 1579
1208 1508
1208 1834
1209 1777
1209 1872
1211 1476
1211 1693
1211 1889
1212 1216
1212 1520
1212 1597
1212 1986
1213 1363
1213 1632
1214 1300
1214 1644
1214 1878
1216 1504
1217 1507
1218 1387
1218 1643
1219 1910
1220 1727
1220 1868
1222 1774
1223 1476
1223 1675
1224 1437
1224 1615
1225 1468
1225 1834
1225 1884
1226 1541
1227 1750
1228 1589
1229 1692
1230 1345
1230 1755
1230 1998
1231 1341
1232 1427
1234 1381
1234 1669
1234 1680
1234 1871
1235 1757
1236 1367
1236 1514
1236 1942
1237 1475
1239 1653
1240 1451
1241 1541
1242 1741
1244 1365
1244 1951
1246 1705
1246 1978
1247 1753
1249 1348
1249 1405
1249 1481
1249 1577
1249 1978
1250 1518
1252 1825
1252 1837
1253 1424
1253 1708
1253 1924
1254 1382
1254 1848
1256 1773
1258 1403
1258 1620
1260 1473
1260 1718
1260 1964
1262 1654
1262 1670
1262 1941
1262 1993
1264 1331
1264 1528
1264 1973
1264 1982
1266 1504
1266 1719
1267 1580
1269 1617
1270 1798
1271 1570
1271 1586
1271 1875
1276 1828
1276 1875
1277 1777
1280 1624
1281 1762
1281 1911
1283 1609
1284 1418
1286 1467
1287 1619
1287 1936
1288 1539
1288 1566
1289 1510
1290 1431
1290 1596
1292 1831
1292 1832
1293 1349
1293 1866
1294 1441
1294 1728
1294 1772
1295 1373
1295 1448
1296 1871
1297 1463
1297 1643
1298 1497
1298 1731
1298 1817
1299 1934
1300 1475
1300 1664
1300 1949
1301 1897
1302 1437
1302 1857
1303 1487
1303 1584
1304 1535
1306 1715
1307 1384
1307 1496
1308 1804
1309 1811
1310 1436
1310 1664
1310 1841
1311 1404
1313 1739
1313 1842
1314 1365
1314 1385
1314 1756
1315 1323
1315 1724
1317 1965
1318 1333
1318 1459
1320 1400
1320 1468
1321 1630
1322 1552
1322 1603
1322 1862
1323 1819
1323 1840
1324 1378
1324 1768
1325 1741
1326 1581
1327 1763
1329 1338
1329 1591
1329 1919
1332 1922
1332 1997
1334 1388
1335 1339
1335 1523
1335 1885
1336 1616
1336 1653
1338 1622
1339 1491
1339 1690
1339 1909
1340 1361
1342 1366
1342 1881
1343 1504
1344 1400
1344 1759
1345 1510
1345 1807
1347 1997
1350 1521
1351 1568
1352 1383
1352 1704
1352 1996
1353 1918
1357 1369
1357 1479
1357 1792
1358 1492
1358 1937
1359 1373
1359 1645
1360 1450
1360 1553
1360 1790
1360 1994
1361 1386
1361 1829
1362 1699
1363 1818
1364 1541
1364 1828
1366 1611
1366 1763
1366 1820
1366 1918
1368 1456
1368 1860
1369 1679
1370 1491
1371 1810
1371 1811
1371 1979
1372 1754
1372 1778
1373 1842
1373 1965
1374 1554
1374 1769
1375 1428
1375 1491
1375 1772
1379 1786
1380 1664
1380 1840
1381 1471
1381 1606
1381 1844
1381 1935
1382 1460
1383 1435
1383 1459
1383 1499
1383 1619
1383 1796
1383 1830
1384 1544
1384 1847
1386 1391
1386 1636
1386 1762
1386 1888
1387 1955
1388 1800
1389 1575
1389 1761
1389 1797
1390 1699
1390 1719
1391 1658
1391 1810
1392 1622
1392 1727
1392 1971
1393 1738
1393 1821
1394 1701
1395 1684
1398 1810
1400 1948
1402 1475
1402 1689
1402 1795
1402 1988
1404 1787
1405 1808
1406 1802
1406 1975
1407 1552
1409 1727
1409 1821
1410 1526
1410 1611
1411 1587
1411 1623
1412 1513
1413 1539
1413 1555
1414 1516
1414 1522
1414 1624
1415 1528
1415 1848
1415 1980
1417 1433
1417 1643
1417 1761
1417 1917
1418 1588
1420 1551
1420 1776
1421 1869
1422 1933
1423 1458
1423 1795
1424 1525
1425 1566
1429 1768
1431 1870
1432 1865
1433 1611
1434 1530
1434 1703
1434 1867
1435 1445
1436 1861
1437 1868
1437 1915
1438 1508
1440 1443
1440 1612
1441 1753
1442 1883
1444 1449
1445 1816
1446 1498
1447 1470
1447 1698
1447 1848
1448 1579
1448 1808
1449 1513
1449 1910
1450 1745
1453 1559
1454 1768
1454 1790
1454 1803
1455 1605
1455 1677
1455 1855
1455 1905
1456 1646
1456 1966
1457 1699
1458 1485
1460 1846
1461 1679
1462 1805
1463 1759
1464 1734
1465 1650
1468 1555
1468 1866
1469 1592
1469 1812
1470 1544
1470 1754
1471 1967
1472 1827
1473 1497
1473 1844
1474 1523
1474 1540
1474 1791
1475 1727
1476 1654
1476 1881
1477 1797
1480 1625
1481 1713
1481 1913
1482 1951
1483 1645
1484 1895
1486 1851
1488 1909
1489 1736
1489 1810
1496 1503
1496 1513
1496 1845
1496 1930
1497 1811
1500 1518
1501 1644
1502 1685
1508 1969
1508 1990
1509 1857
1510 1538
1511 1703
1514 1974
1515 1781
1516 1615
1516 1745
1517 1823
1519 1704
1519 1959
1521 1683
1522 1799
1522 1841
1522 1854
1523 1965
1525 1726
1525 1812
1528 1789
1529 1724
1531 1589
1537 1561
1537 1586
1537 1844
1539 1624
1542 1586
1543 1694
1546 1548
1546 1816
1546 1907
1547 1565
1548 1589
1549 1557
1549 1916
1550 1722
1550 1948
1551 1633
1551 1834
1553 1633
1554 1991
1555 1588
1555 1608
1555 1873
1556 1801
1558 1884
1559 1604
1559 1864
1559 1903
1561 1680
1563 1838
1564 1964
1565 1901
1566 1798
1566 1858
1570 1589
1570 1632
1570 1953
1571 1814
1572 1786
1576 1645
1577 1882
1578 1989
1579 1955
1579 1963
1580 1958
1581 1682
1584 1844
1586 1652
1586 1980
1587 1650
1588 1946
1588 1996
1589 1747
1590 1966
1591 1977
1591 1982
1592 1637
1592 1689
1596 1900
1598 1926
1600 1727
1600 1773
1601 1824
1602 1797
1604 1848
1606 1692
1607 1713
1609 1642
1610 1770
1610 1800
1611 1619
1612 1711
1612 1942
1613 1635
1617 1771
1618 1853
1619 1649
1619 1652
1619 1931
1620 1635
1621 1918
1622 1630
1622 1656
1624 1780
1627 1670
1627 1873
1628 1852
1629 1822
1630 1955
1631 1995
1632 1853
1632 1870
1633 1862
1634 1757
1635 1739
1637 1984
1640 1947
1641 1756
1645 1968
1646 1683
1649 1975
1650 1757
1651 1709
1652 1931
1653 1681
1653 1921
1655 1860
1656 1670
1659 1883
1660 1803
1660 1829
1660 1989
1661 1750
1664 1810
1665 1699
1665 1798
1666 1689
1666 1991
1667 1703
1667 1839
1667 1843
1669 1903
1670 1847
1671 1969
1673 1911
1677 1835
1678 1949
1679 1977
1680 1738
1680 1835
1681 1724
1682 1876
1685 1803
1685 1857
1687 1756
1688 1728
1688 1788
1689 1973
1690 1913
1692 1736
1692 1919
1695 1698
1695 1874
1697 1785
1703 1918
1709 1792
1710 1755
1710 1757
1711 1866
1715 1733
1717 1797
1720 1723
1723 1868
1726 1826
1728 1856
1730 1778
1730 1914
1732 1908
1736 1749
1736 1759
1739 1744
1741 1748
1742 1837
1744 1839
1746 1780
1746 1852
1748 1990
1749 1789
1749 1965
1751 1859
1752 1849
1753 1862
1754 1898
1757 1989
1760 1866
1761 1853
1762 1849
1765 1825
1767 1953
1774 1860
1775 1812
1781 1832
1782 1989
1790 1914
1791 1794
1793 1932
1795 1888
1798 1957
1799 1916
1800 1865
1803 1886
1805 1887
1807 1918
1811 1956
1812 1878
1814 1931
1817 1901
1818 1879
1818 1887
1820 1885
1823 1854
1824 1928
1827 1998
1828 1974
1829 1945
1832 1926
1854 1856
1854 1978
1855 1955
1861 1902
1862 1961
1864 1907
1866 1901
1870 1921
1872 1880
1875 1949
1876 1876
1877 1983
1880 1957
1882 1884
1888 1917
1892 1991
1904 1921
1908 1997
1915 1971
1921 1928
1944 1963
1956 1984
1967 1977
1967 1997
1972 1983
1974 1987
1982 1992
