2000
0 171
0 173
0 324
0 417
0 611
0 1102
0 1347
0 1584
0 1937
1 61
1 87
1 1489
1 1580
2 3
2 514
2 630
2 875
2 991
2 1071
2 1169
2 1211
2 1445
2 1843
2 1867
2 1936
2 1942
3 194
3 1387
3 1418
3 1861
4 297
4 599
4 908
4 984
4 1075
4 1339
4 1343
4 1920
5 117
5 406
5 1134
5 1431
5 1542
6 301
6 512
6 610
6 675
6 790
6 797
6 995
6 1443
6 1566
7 132
7 183
7 207
7 566
7 598
7 941
7 1034
7 1362
7 1638
7 1912
8 477
8 1018
8 1154
8 1670
8 1776
9 29
9 73
9 92
9 185
9 193
9 369
9 534
9 662
9 956
9 1074
9 1262
9 1424
9 1646
10 149
10 274
10 316
10 352
10 360
10 387
10 784
10 807
10 1035
10 1101
10 1784
11 58
11 124
11 136
11 218
11 467
11 678
11 988
11 1055
11 1168
11 1415
11 1482
11 1700
11 1896
11 1949
12 390
12 495
12 554
12 874
12 1079
12 1088
12 1197
12 1744
13 17
13 679
13 779
13 843
13 855
13 885
13 997
13 1571
14 424
14 860
14 920
14 968
14 1111
14 1617
14 1748
15 443
15 780
15 893
15 901
15 1064
15 1413
15 1594
16 259
16 759
16 783
16 1022
16 1026
16 1064
16 1179
16 1431
16 1523
16 1575
16 1723
17 95
17 102
17 598
17 633
17 717
17 1148
17 1283
17 1488
17 1714
18 370
18 527
18 1023
18 1038
18 1492
18 1706
18 1883
19 88
19 284
19 328
19 654
19 1291
19 1317
19 1471
19 1837
20 876
20 1121
20 1199
20 1559
20 1665
20 1730
21 230
21 608
21 625
21 654
21 674
21 908
21 1421
22 153
22 441
22 465
22 698
22 980
22 1046
22 1071
22 1098
22 1527
22 1756
22 1964
23 50
23 119
23 165
23 224
23 471
23 688
23 920
23 1240
23 1314
23 1407
23 1531
23 1604
23 1616
23 1952
24 268
24 586
24 720
24 923
24 1210
25 330
25 509
25 551
25 774
25 822
25 837
25 1000
25 1238
25 1376
25 1624
25 1927
25 1950
26 382
26 421
26 929
26 1169
26 1312
26 1605
26 1729
26 1983
27 328
27 432
27 805
27 927
27 938
27 1081
27 1086
27 1264
28 393
28 441
28 564
28 846
28 898
28 954
28 981
28 1805
28 1843
29 196
29 570
29 1069
29 1189
29 1256
29 1351
29 1362
29 1472
29 1890
29 1920
30 100
30 376
30 837
30 1506
30 1586
30 1894
31 197
31 645
31 1034
31 1342
31 1630
31 1745
31 1800
32 146
32 997
32 1283
32 1401
32 1721
32 1974
33 1033
33 1044
33 1132
33 1524
33 1713
33 1997
34 507
34 620
34 1055
34 1129
34 1431
34 1624
34 1642
34 1718
34 1818
35 69
35 88
35 132
35 155
35 477
35 517
35 903
35 1104
35 1297
35 1447
35 1484
35 1597
36 415
36 456
36 658
36 775
36 1055
36 1152
36 1322
36 1595
36 1788
36 1828
37 62
37 143
37 378
37 609
37 623
37 757
37 848
37 884
37 910
37 994
37 1182
37 1584
37 1749
37 1820
37 1895
37 1939
38 492
38 547
38 561
38 721
38 1053
38 1234
38 1323
39 131
39 304
39 936
39 1161
39 1276
39 1353
40 65
40 151
40 387
40 507
40 969
40 1294
40 1440
40 1988
41 100
41 112
41 184
41 535
41 776
41 830
41 1007
41 1046
41 1299
41 1315
41 1863
41 1910
41 1953
42 72
42 256
42 503
42 573
42 624
42 754
42 782
42 1197
42 1274
42 1311
42 1428
42 1623
42 1946
43 529
43 1050
43 1304
43 1382
44 187
44 485
44 1033
44 1237
44 1314
44 1517
44 1527
44 1739
44 1994
45 148
45 417
45 554
45 619
45 756
45 856
45 1434
45 1632
46 281
46 376
46 507
46 740
46 920
46 936
46 1263
46 1908
47 51
47 132
47 355
47 428
47 850
47 951
47 1118
47 1184
47 1369
47 1524
48 415
48 654
48 741
48 782
48 884
48 1318
48 1825
48 1836
49 168
49 185
49 322
49 472
49 1450
49 1550
49 1654
50 244
50 820
50 1007
50 1123
50 1367
50 1751
50 1900
51 103
51 171
51 221
51 597
51 604
51 1157
51 1528
51 1693
52 324
52 469
52 1038
52 1742
53 1123
53 1269
53 1653
54 180
54 330
54 430
54 474
54 627
54 746
54 995
54 1103
54 1727
55 696
55 816
55 1201
55 1212
55 1585
55 1786
55 1959
55 1967
56 136
56 1103
56 1384
56 1663
57 551
57 627
57 1444
57 1526
57 1671
58 436
58 599
58 813
58 1375
58 1380
58 1650
58 1791
59 188
59 214
59 709
59 1103
59 1235
60 170
60 504
60 512
60 618
60 1251
60 1715
60 1913
60 1974
61 178
61 553
61 871
61 934
61 971
61 1655
61 1787
61 1944
62 380
62 419
62 462
62 1163
62 1262
62 1354
62 1463
62 1468
62 1473
62 1875
62 1908
63 182
63 249
63 306
63 739
63 1115
63 1174
63 1757
64 76
64 526
64 635
64 818
64 1082
64 1158
64 1226
64 1237
64 1488
64 1945
65 204
65 442
65 589
65 1402
65 1505
65 1521
65 1666
66 578
66 682
66 775
66 882
66 1069
66 1084
66 1211
66 1544
66 1699
66 1737
67 800
67 850
67 1235
67 1466
67 1677
67 1692
67 1803
67 1993
68 580
68 1588
68 1978
69 116
69 194
69 294
69 323
69 910
69 1108
69 1481
70 145
70 205
70 216
70 239
70 480
70 534
70 644
70 691
70 1587
71 114
71 116
71 183
71 244
71 431
71 492
71 653
71 748
71 942
71 1338
71 1680
71 1849
72 576
72 1016
72 1042
72 1067
72 1107
72 1364
72 1539
72 1940
73 562
73 589
73 604
73 647
73 653
73 820
73 971
73 1481
73 1650
73 1769
73 1870
74 286
74 546
74 1003
74 1180
74 1520
74 1739
74 1745
74 1804
75 195
75 498
75 606
75 810
75 857
75 932
75 1042
75 1606
75 1699
75 1881
76 149
76 378
76 436
76 487
76 759
76 1326
76 1587
76 1964
77 194
77 510
77 661
77 1062
77 1707
77 1784
78 255
78 273
78 739
78 954
78 1289
78 1300
78 1915
79 629
79 679
79 722
79 1111
79 1364
79 1763
80 402
80 486
80 510
80 592
80 656
80 679
80 1301
80 1497
80 1732
80 1887
81 131
81 431
81 445
81 478
81 617
81 649
81 1304
81 1472
81 1615
82 387
82 483
82 863
82 916
82 919
82 1072
83 242
83 854
83 865
83 928
83 1355
83 1738
83 1944
84 477
84 564
84 580
84 582
84 679
84 1338
84 1548
85 449
85 722
85 946
85 1043
85 1309
85 1439
86 118
86 520
86 1330
86 1717
86 1973
87 121
87 210
87 461
87 543
87 1009
87 1556
87 1752
87 1798
87 1840
88 402
88 571
88 1251
88 1938
89 329
89 518
89 579
89 917
89 1505
89 1555
89 1617
90 107
90 167
90 585
90 1183
90 1330
90 1450
90 1481
90 1621
90 1660
90 1922
91 299
91 367
91 559
91 650
91 765
91 793
91 796
91 1198
91 1216
91 1339
91 1741
92 297
92 405
92 639
92 743
92 787
92 1330
92 1378
92 1566
92 1581
92 1876
92 1906
93 114
93 263
93 303
93 349
93 538
93 902
93 972
93 1011
93 1536
93 1672
93 1860
93 1981
94 1060
94 1653
94 1717
95 610
95 1144
95 1542
95 1769
95 1816
95 1871
96 543
96 558
96 648
96 1131
96 1809
96 1902
97 430
97 1036
97 1055
97 1253
97 1565
97 1603
97 1771
98 1007
98 1161
98 1223
98 1298
98 1561
99 372
99 437
99 613
99 1100
99 1775
99 1870
100 266
100 1101
100 1279
100 1630
101 309
101 649
101 1155
101 1484
101 1572
101 1590
101 1667
102 165
102 206
102 437
102 1832
103 233
103 316
103 348
103 530
103 708
103 1426
103 1534
103 1733
104 155
104 178
104 202
104 415
104 500
104 535
104 1234
104 1485
104 1726
105 604
105 784
105 1054
106 145
106 376
106 624
106 647
106 921
106 964
106 1050
106 1129
106 1614
106 1714
106 1815
107 344
107 357
107 824
107 893
107 903
107 1148
107 1162
107 1185
107 1250
107 1331
107 1348
107 1369
107 1785
107 1899
108 509
108 518
108 700
108 939
108 1075
108 1562
108 1909
108 1924
109 466
109 618
109 1617
109 1734
109 1752
109 1838
109 1843
110 139
110 166
110 373
110 739
110 984
110 1669
110 1776
110 1838
110 1964
111 224
111 393
111 649
111 668
111 774
111 1542
111 1654
112 124
112 213
112 334
112 350
112 435
112 606
112 879
112 1447
112 1513
112 1799
113 1037
113 1469
113 1516
113 1592
113 1722
114 311
114 644
114 777
114 888
114 1103
114 1169
114 1280
114 1544
114 1881
115 306
115 887
115 900
115 1626
115 1742
115 1785
115 1881
116 144
116 606
116 1368
116 1453
116 1522
116 1842
116 1882
116 1921
117 229
117 255
117 504
117 868
117 1064
117 1149
117 1418
117 1617
117 1822
117 1929
118 409
118 769
118 1509
118 1640
118 1768
118 1846
118 1857
118 1983
119 766
119 861
119 886
119 1247
119 1573
120 452
120 591
120 1090
120 1276
120 1482
121 158
121 526
121 927
121 1093
121 1153
121 1681
121 1903
122 895
122 1388
122 1544
122 1660
123 1243
123 1490
123 1733
123 1834
123 1980
124 133
124 445
124 864
124 1210
124 1366
124 1466
124 1525
124 1544
124 1777
124 1782
125 125
125 637
125 913
125 1193
125 1445
125 1478
125 1559
125 1655
125 1763
125 1821
125 1963
126 297
126 619
126 719
126 728
126 908
126 1074
126 1369
126 1674
126 1730
126 1833
127 509
127 606
127 637
127 969
127 1511
127 1594
128 226
128 297
128 427
128 550
128 634
128 1377
128 1391
129 696
129 851
129 992
129 1067
129 1124
129 1703
129 1909
130 244
130 859
130 1480
130 1680
130 1776
130 1833
131 216
131 524
131 623
131 1208
131 1258
131 1499
131 1693
131 1736
131 1951
132 457
132 853
132 1099
132 1131
132 1230
132 1360
133 1551
133 1765
133 1797
133 1864
133 1876
134 199
134 397
134 503
134 576
134 610
134 1056
134 1143
134 1389
135 180
135 299
135 554
135 841
135 1134
135 1613
136 538
136 746
136 1488
137 254
137 267
137 923
137 1151
137 1267
137 1320
137 1390
137 1657
137 1926
138 355
138 1143
138 1218
138 1269
138 1337
138 1510
138 1666
138 1733
139 984
139 1045
139 1192
139 1254
139 1415
139 1871
140 636
140 722
140 812
140 1115
140 1184
141 190
141 1350
142 358
142 753
142 988
142 1042
142 1167
142 1410
142 1625
142 1762
143 776
143 941
143 957
143 1031
143 1338
143 1482
143 1493
143 1699
144 489
144 562
144 1221
144 1454
144 1874
145 256
145 345
145 455
145 514
145 525
145 911
145 1228
145 1423
145 1771
145 1808
145 1836
145 1839
145 1973
146 290
146 335
146 381
146 391
146 403
146 436
146 715
146 717
146 1509
146 1793
146 1826
147 243
147 331
147 724
147 1190
147 1210
147 1317
147 1365
147 1570
147 1947
148 316
148 471
148 936
148 1168
148 1249
149 292
149 329
149 1014
149 1088
149 1170
149 1171
149 1181
149 1656
149 1709
149 1731
149 1735
149 1777
149 1783
150 231
150 251
150 267
150 557
150 562
150 584
150 679
150 937
150 1154
150 1478
150 1644
151 969
151 1333
151 1534
152 725
152 838
152 866
152 869
152 1116
153 203
153 437
153 725
153 883
153 894
153 1213
153 1309
153 1754
154 201
154 295
154 425
154 428
154 632
154 1080
154 1085
154 1415
154 1876
154 1920
155 189
155 1778
155 1889
156 355
156 901
156 1300
156 1727
157 246
157 588
157 726
157 821
157 1196
157 1325
158 1372
158 1556
158 1595
158 1886
159 624
159 1358
160 383
160 499
160 581
160 710
160 928
160 1244
160 1779
161 240
161 743
161 916
161 1175
161 1481
161 1504
161 1509
161 1762
161 1963
162 652
162 933
162 970
162 981
162 1122
162 1908
163 202
163 946
163 958
163 984
163 1738
163 1777
163 1966
164 218
164 458
164 1331
164 1354
164 1404
164 1509
164 1511
164 1804
164 1853
164 1860
165 178
165 344
165 474
165 507
165 1059
165 1121
165 1155
165 1157
165 1431
165 1746
165 1876
165 1887
166 268
166 603
166 620
166 785
166 1333
166 1499
166 1909
167 293
167 377
167 630
167 661
167 955
167 1258
167 1272
167 1419
167 1559
167 1894
168 791
168 1737
169 249
169 311
169 451
169 584
169 859
169 1389
169 1904
170 968
170 1250
170 1468
170 1524
170 1725
170 1934
171 174
171 323
171 452
171 1063
171 1229
171 1678
171 1976
172 216
172 560
172 734
172 816
172 1295
172 1399
172 1697
173 1149
173 1746
173 1981
173 1986
173 1994
174 209
174 532
174 783
174 847
174 937
174 1004
174 1167
174 1407
174 1686
174 1767
174 1837
175 357
175 726
175 1554
176 391
176 676
176 1009
176 1443
176 1500
176 1661
176 1765
176 1821
176 1830
176 1939
177 426
177 606
177 937
177 1214
177 1466
178 300
178 682
178 730
178 807
178 980
178 1208
178 1611
178 1628
178 1974
179 245
179 327
179 408
179 550
179 586
179 606
179 1671
179 1746
179 1920
179 1966
180 192
180 206
180 252
180 522
180 637
180 747
180 887
180 1343
180 1437
180 1461
180 1612
180 1642
180 1771
181 273
181 370
181 598
181 727
181 767
181 1368
181 1991
182 373
182 977
182 1300
182 1345
182 1452
182 1473
182 1507
183 190
183 643
183 1040
183 1124
183 1458
183 1580
183 1626
183 1791
183 1831
183 1993
184 538
184 690
184 774
184 995
184 1017
184 1142
184 1178
184 1502
184 1729
184 1812
184 1829
184 1955
184 1988
185 381
185 500
185 1461
185 1921
185 1974
186 193
186 319
186 402
186 883
186 958
186 1400
186 1547
186 1620
186 1860
186 1938
187 317
187 691
187 1137
187 1141
187 1907
188 260
188 263
188 296
188 507
188 820
188 920
188 1214
188 1255
188 1261
188 1299
188 1557
188 1652
188 1861
188 1964
189 268
189 921
189 1066
189 1126
189 1758
189 1887
189 1953
190 285
190 340
190 838
190 913
190 1212
190 1328
190 1469
191 266
191 320
191 538
191 1108
191 1442
192 344
192 447
192 1396
192 1597
192 1602
192 1666
192 1873
192 1909
192 1929
193 474
193 972
193 1005
193 1221
193 1570
193 1890
193 1980
194 423
194 576
194 594
194 758
194 857
195 339
195 642
195 1328
196 715
196 942
196 1451
196 1503
196 1918
197 404
197 558
197 711
197 1042
197 1667
197 1872
197 1950
198 217
198 360
198 506
198 551
198 1403
198 1797
199 522
199 635
199 766
199 988
199 1168
199 1290
199 1415
199 1439
199 1658
199 1761
199 1899
200 259
200 439
200 497
200 565
200 809
200 1135
200 1799
201 407
201 667
201 690
201 751
201 865
201 926
201 949
201 1350
201 1455
201 1494
201 1686
201 1952
202 584
202 617
202 756
202 823
202 958
202 1019
202 1125
202 1247
202 1423
202 1893
202 1905
203 810
203 1053
203 1064
203 1090
203 1347
204 217
204 283
204 304
204 324
204 568
204 587
204 1163
204 1253
204 1494
204 1625
205 351
205 718
205 1241
205 1661
205 1665
205 1871
206 602
206 1772
206 1927
206 1976
207 226
207 772
207 783
207 856
207 1932
208 485
208 658
208 824
208 1777
209 561
209 607
209 670
209 723
209 1175
209 1207
209 1269
209 1273
209 1512
209 1513
209 1516
209 1912
210 1060
210 1202
210 1260
210 1807
211 566
211 591
211 656
211 770
211 1084
211 1142
211 1318
211 1320
211 1774
212 234
212 282
212 499
212 522
212 929
212 979
212 1387
212 1778
212 1860
213 350
213 446
213 726
213 817
213 936
213 1244
213 1749
213 1932
214 523
214 1099
214 1240
214 1451
215 219
215 591
215 835
215 1225
215 1306
215 1387
215 1524
215 1937
216 241
216 334
216 469
216 688
216 736
216 903
216 1035
216 1067
216 1244
216 1324
216 1502
216 1771
216 1889
217 334
217 928
217 1167
217 1205
217 1211
217 1233
217 1801
218 238
218 600
218 630
218 992
218 1481
218 1773
218 1958
218 1984
219 345
219 548
219 997
219 1022
219 1170
219 1191
219 1508
219 1850
220 467
220 483
220 611
220 667
220 682
220 783
220 976
220 992
220 1255
220 1348
220 1663
220 1888
221 321
221 388
221 951
221 1289
221 1350
221 1453
221 1649
221 1764
221 1875
222 270
222 321
222 377
222 571
222 682
222 1235
222 1406
222 1441
222 1451
222 1794
223 245
223 254
223 340
223 431
223 749
223 1335
224 797
224 841
224 1050
224 1205
224 1307
224 1361
224 1516
224 1560
225 542
225 548
225 755
225 1212
225 1367
225 1482
225 1809
225 1863
225 1974
226 374
226 452
226 535
226 621
226 1460
226 1519
226 1530
226 1955
227 401
227 710
227 875
227 1504
227 1663
227 1732
227 1734
228 568
228 718
228 1331
228 1561
228 1667
228 1746
228 1793
228 1870
228 1928
228 1944
228 1949
229 365
229 367
229 378
229 458
229 495
229 597
229 886
229 1124
229 1219
229 1649
229 1746
229 1782
230 377
230 1004
230 1017
230 1117
230 1698
231 323
231 1081
231 1234
231 1429
231 1797
232 249
232 369
232 760
232 1152
232 1312
232 1411
232 1862
232 1912
233 424
233 459
233 482
233 576
233 691
233 699
233 780
233 913
233 995
233 1267
233 1410
233 1445
233 1873
234 259
234 529
234 549
234 762
234 775
234 795
234 970
234 1218
235 323
235 523
235 735
235 868
235 1043
235 1542
235 1899
236 715
236 1335
236 1441
237 851
237 901
237 927
237 947
237 972
237 1218
237 1859
237 1929
237 1941
237 1968
237 1982
238 480
238 625
238 661
238 997
238 1032
238 1572
238 1582
238 1662
238 1816
239 376
239 1118
239 1183
239 1494
239 1711
239 1816
239 1821
240 526
240 534
240 587
240 676
240 711
240 849
240 982
240 1249
240 1441
240 1486
240 1496
240 1530
241 541
241 733
241 1090
241 1210
241 1211
241 1658
242 260
242 646
242 837
242 1166
242 1292
242 1524
243 350
243 583
243 1180
243 1264
243 1275
243 1290
243 1489
243 1506
243 1534
243 1707
243 1763
243 1936
244 520
244 576
244 971
244 1031
244 1075
244 1120
244 1364
244 1548
244 1621
244 1746
244 1821
244 1891
245 323
245 495
245 778
245 911
245 1214
245 1241
245 1288
245 1357
245 1491
245 1503
245 1553
245 1664
245 1841
246 601
246 840
246 859
246 913
246 1493
246 1604
247 621
247 816
247 949
247 1205
247 1234
247 1395
247 1437
247 1891
248 524
248 1047
248 1484
248 1637
248 1649
249 301
249 351
249 589
249 686
249 1399
250 523
250 599
250 600
250 622
250 1025
250 1338
250 1542
251 274
251 316
251 457
251 609
251 1365
251 1374
251 1693
252 500
252 586
252 974
252 1127
252 1325
252 1365
252 1679
252 1725
252 1816
252 1832
253 485
253 691
253 693
253 832
253 840
253 1015
253 1337
253 1986
254 392
254 1376
254 1458
254 1533
255 276
255 590
255 716
255 798
255 878
255 1322
255 1469
255 1563
256 508
256 605
256 759
256 821
256 880
256 986
256 1065
256 1193
256 1273
256 1550
256 1686
256 1709
257 274
257 430
257 741
257 753
257 799
257 1159
257 1532
257 1608
257 1731
258 463
258 970
258 971
258 1019
258 1035
258 1442
258 1462
258 1551
258 1828
259 1096
259 1211
259 1689
259 1884
260 576
260 777
260 853
260 1284
260 1667
260 1747
260 1935
261 438
261 1969
262 748
262 848
262 907
262 1246
262 1272
262 1945
263 379
263 826
263 838
263 981
263 1298
263 1613
263 1948
264 524
264 715
264 1079
264 1164
265 844
265 1024
265 1147
265 1339
266 331
266 571
266 672
266 690
266 868
266 878
266 1192
266 1378
266 1425
266 1485
266 1759
266 1956
267 397
267 528
267 733
267 981
267 991
267 1111
267 1118
267 1233
267 1501
267 1526
267 1596
267 1963
268 406
268 731
268 852
268 920
268 994
268 1228
269 663
269 728
269 1484
270 538
270 721
270 891
270 1638
270 1995
271 874
271 899
271 1019
271 1021
271 1052
271 1103
271 1247
271 1335
271 1394
271 1494
271 1622
271 1798
272 495
272 807
272 890
272 1118
272 1138
272 1157
272 1241
272 1695
272 1733
273 707
273 1329
273 1541
273 1555
273 1891
273 1948
274 550
274 705
274 1021
274 1080
274 1108
274 1111
274 1363
274 1556
274 1905
274 1927
275 432
275 903
275 1125
275 1391
275 1573
275 1643
275 1971
276 370
276 670
276 679
276 963
276 1315
276 1436
276 1523
276 1562
276 1859
277 387
277 507
277 1088
277 1224
277 1916
277 1930
278 1107
278 1598
279 320
279 677
279 804
279 854
279 889
279 1311
279 1408
280 287
280 847
280 1127
280 1187
280 1669
280 1974
281 301
281 342
281 415
281 583
281 608
281 746
281 1260
281 1399
281 1662
281 1958
282 481
282 764
282 915
282 1284
282 1425
282 1519
282 1619
282 1794
283 395
283 469
283 480
283 830
283 1302
283 1577
283 1669
283 1821
283 1849
283 1950
284 572
284 585
284 753
284 1012
284 1596
284 1734
285 392
285 680
285 892
285 1045
285 1155
285 1396
285 1998
286 449
286 584
286 962
286 1100
286 1103
286 1152
286 1191
286 1222
286 1607
286 1635
286 1837
286 1908
286 1978
287 356
287 380
287 701
287 1071
287 1194
287 1216
287 1245
287 1287
287 1532
287 1716
288 710
288 1458
288 1857
288 1949
289 527
289 872
289 1339
289 1454
289 1695
290 390
290 905
290 1156
290 1176
290 1470
290 1647
290 1657
291 410
291 492
291 649
291 758
291 782
291 890
291 1100
291 1244
291 1582
292 352
292 834
292 852
292 1316
292 1390
292 1668
292 1703
292 1918
293 323
293 444
293 1646
293 1737
293 1778
294 523
294 798
294 834
294 941
294 1045
294 1608
294 1707
294 1738
294 1923
295 793
295 825
295 1037
295 1207
295 1487
295 1512
295 1629
295 1854
296 741
296 766
296 777
296 994
296 1813
296 1863
296 1944
297 1329
297 1456
297 1492
297 1744
297 1791
298 592
298 738
298 836
298 901
298 989
298 1174
298 1430
298 1526
299 579
299 1029
299 1461
300 332
300 517
300 703
300 911
300 961
300 1340
300 1819
301 655
301 948
301 1114
301 1175
301 1296
301 1485
301 1582
301 1710
301 1785
301 1818
301 1854
302 327
302 770
302 1459
302 1714
302 1843
303 501
303 938
303 1484
303 1526
304 368
304 383
304 636
304 1165
304 1357
304 1391
305 646
305 862
305 887
305 1023
305 1361
305 1523
306 398
306 804
306 1004
306 1212
306 1358
307 377
307 745
307 793
307 929
307 951
307 966
307 1036
307 1162
307 1810
307 1966
308 378
308 491
308 818
308 1348
308 1836
308 1908
309 649
309 972
309 1030
309 1233
309 1534
309 1775
309 1867
310 552
310 917
310 933
310 1528
310 1897
311 832
311 1021
311 1051
311 1252
311 1502
311 1585
311 1767
311 1814
312 340
312 451
312 911
312 1455
312 1618
312 1748
312 1818
312 1995
313 1568
313 1595
313 1687
313 1698
314 315
314 644
314 715
314 1005
314 1313
314 1518
314 1535
314 1776
314 1907
315 556
315 892
315 1052
315 1061
315 1224
315 1276
315 1420
315 1761
315 1864
316 563
316 676
316 753
316 991
316 1183
316 1292
316 1603
316 1637
316 1683
317 588
317 689
317 919
317 1191
317 1386
317 1452
317 1640
318 754
318 1198
318 1318
318 1948
319 854
319 1343
319 1550
319 1978
320 460
320 707
320 719
320 1381
320 1909
321 340
321 381
321 516
321 678
321 1201
321 1313
321 1740
321 1957
322 338
322 451
322 747
322 1368
322 1634
323 586
323 776
323 1485
323 1578
323 1610
323 1636
323 1677
323 1842
323 1910
323 1997
324 787
324 821
324 848
324 915
324 1964
325 644
325 840
325 1076
325 1253
325 1382
325 1496
326 547
326 855
326 1143
326 1206
326 1388
326 1525
326 1714
326 1829
327 572
327 792
327 1232
327 1305
327 1393
327 1611
327 1712
328 554
328 605
328 673
328 850
328 1345
328 1364
328 1434
328 1528
328 1686
328 1938
328 1963
329 367
329 478
329 507
329 710
329 1125
329 1320
329 1379
329 1520
329 1821
329 1937
330 355
330 468
330 1061
330 1182
330 1238
331 391
331 624
331 629
331 1074
331 1105
331 1559
331 1690
331 1786
332 534
332 543
332 651
332 897
332 1252
332 1264
332 1274
332 1857
332 1932
333 953
333 1157
333 1742
333 1748
334 456
334 542
334 741
334 796
334 934
334 1034
334 1888
335 806
335 828
335 899
335 1180
335 1794
336 588
336 702
336 784
336 1388
336 1532
336 1928
337 784
337 895
337 1096
337 1179
337 1232
337 1498
338 580
338 657
338 967
338 993
338 995
338 998
338 1600
338 1738
338 1928
339 345
339 525
339 689
339 1073
339 1547
339 1814
340 787
340 844
340 845
340 971
340 975
340 1404
340 1501
340 1958
340 1966
341 350
341 611
341 772
341 901
341 1148
341 1378
341 1472
341 1516
341 1835
341 1876
342 598
342 683
342 698
342 730
342 886
342 896
342 1033
342 1538
342 1836
342 1861
343 414
343 476
343 805
343 1014
343 1036
343 1652
343 1663
343 1706
343 1786
344 403
344 426
344 528
344 574
344 607
344 1541
344 1665
344 1719
344 1848
344 1956
345 657
345 719
345 863
345 1417
345 1440
345 1465
345 1631
346 381
346 459
346 1110
346 1201
346 1404
346 1494
347 868
347 1139
347 1186
347 1283
347 1495
347 1710
347 1831
347 1893
348 494
348 803
348 1048
348 1351
348 1622
348 1841
349 531
349 636
349 1377
349 1434
349 1763
349 1905
350 555
350 1144
350 1258
350 1394
350 1573
350 1834
350 1836
350 1838
351 397
351 1778
352 439
352 474
352 772
352 846
352 1297
352 1354
352 1717
352 1815
353 449
353 544
353 623
353 869
353 1342
353 1391
354 524
354 715
354 1196
354 1256
354 1441
354 1859
355 649
355 1116
355 1955
355 1999
356 394
356 635
356 1096
356 1482
356 1499
356 1521
356 1551
357 565
357 639
357 797
357 965
357 1126
357 1561
357 1731
358 362
358 532
358 844
358 883
358 929
358 1087
358 1176
358 1219
358 1683
358 1711
358 1714
358 1822
358 1866
358 1896
359 476
359 527
359 781
359 927
359 1016
359 1279
359 1385
359 1543
359 1758
359 1954
359 1965
360 414
360 555
360 676
360 680
360 791
360 1567
360 1654
360 1787
360 1941
361 480
361 494
361 571
361 1102
361 1595
361 1917
362 455
362 512
362 740
362 777
362 903
362 1147
362 1337
362 1515
363 480
363 987
363 1022
363 1410
363 1778
364 871
364 1046
364 1069
364 1370
364 1695
364 1798
365 466
365 769
365 774
365 786
365 1136
365 1159
365 1373
365 1839
366 409
366 549
366 569
366 712
366 888
366 951
366 955
366 1091
366 1389
366 1401
366 1454
366 1505
366 1830
366 1851
367 419
367 558
367 745
367 1227
367 1301
367 1530
368 532
368 566
368 1019
368 1294
368 1305
368 1477
368 1583
368 1618
368 1622
368 1733
368 1900
369 540
369 736
369 967
369 1217
369 1505
369 1739
369 1781
369 1805
369 1854
370 765
370 1050
370 1051
370 1189
370 1552
370 1650
370 1842
370 1883
371 1201
371 1740
371 1834
372 594
372 733
372 841
372 1004
372 1110
372 1129
372 1543
372 1680
372 1937
372 1940
373 476
373 584
373 903
373 1075
374 413
374 585
374 977
374 1503
374 1582
374 1827
375 618
375 756
375 1177
375 1379
375 1582
375 1593
375 1966
376 991
376 1011
376 1238
376 1280
376 1372
376 1388
376 1460
377 428
377 539
377 1025
377 1386
377 1593
377 1650
377 1966
378 389
378 502
378 524
378 605
378 641
378 676
378 1373
378 1584
378 1733
379 580
379 671
379 757
379 1232
379 1383
379 1473
379 1938
380 596
380 784
380 961
380 1355
380 1702
380 1953
381 408
381 1045
381 1299
381 1483
381 1657
382 456
382 470
382 476
382 1188
382 1366
382 1405
382 1894
382 1911
382 1927
383 389
383 405
383 540
383 609
383 699
383 805
383 819
383 1144
384 605
384 685
384 734
384 834
384 869
384 983
384 987
384 1099
384 1541
384 1770
385 475
385 597
385 784
385 790
385 864
385 1260
385 1452
385 1688
386 647
386 694
386 940
386 1214
386 1859
386 1945
387 698
387 1047
387 1212
387 1271
387 1294
387 1482
387 1804
387 1979
388 1326
388 1648
388 1747
389 786
389 1024
389 1289
389 1445
389 1468
389 1876
389 1953
390 666
390 668
390 1127
390 1168
390 1409
390 1662
390 1764
390 1777
391 743
391 931
391 958
391 1429
391 1463
391 1543
391 1902
392 547
392 613
392 1085
392 1197
392 1271
392 1358
392 1864
392 1943
393 413
393 955
393 985
393 1779
394 514
394 619
394 1143
394 1429
394 1471
394 1609
394 1689
394 1746
394 1841
395 403
395 529
395 1172
395 1241
395 1402
395 1537
395 1550
395 1576
395 1679
396 694
396 1461
396 1866
396 1976
397 542
397 625
397 638
397 670
397 691
397 746
397 1452
397 1795
397 1831
397 1991
397 1996
398 576
398 603
398 628
398 1092
398 1248
398 1628
398 1658
398 1735
399 539
399 732
399 1052
399 1119
399 1170
399 1256
400 439
400 709
400 1025
400 1132
400 1437
400 1583
400 1825
400 1883
400 1947
400 1966
401 548
401 549
401 930
401 1017
401 1400
401 1535
402 504
402 805
402 1564
402 1750
402 1827
402 1905
403 485
403 855
403 867
403 917
403 1058
403 1420
403 1621
403 1739
404 753
404 1772
404 1917
405 409
405 766
405 845
405 1036
405 1366
405 1409
406 515
406 529
406 763
406 1214
406 1383
406 1389
406 1560
406 1714
406 1748
407 782
407 830
407 950
407 1158
407 1897
407 1968
408 677
408 679
408 1441
408 1737
408 1949
409 470
409 882
409 1011
409 1237
409 1483
409 1498
409 1600
409 1700
409 1745
409 1817
410 473
410 567
410 837
410 1165
410 1582
410 1963
411 615
411 905
411 998
411 1436
411 1495
411 1650
412 537
412 734
412 802
412 910
412 1189
412 1208
412 1243
412 1364
412 1605
412 1671
412 1846
412 1854
413 616
413 688
413 892
413 1101
413 1116
414 540
414 570
414 726
414 947
414 1101
414 1220
414 1305
415 553
415 590
415 757
415 774
415 1073
415 1118
415 1857
415 1863
415 1966
416 450
416 571
416 1653
416 1682
416 1896
416 1983
417 544
417 761
417 1197
417 1337
417 1602
417 1617
417 1634
418 544
418 658
418 1294
418 1527
418 1621
418 1684
419 567
419 640
419 647
419 1292
419 1519
419 1887
420 561
420 1326
420 1402
420 1971
421 530
422 450
422 535
422 849
422 897
422 1062
422 1135
422 1263
422 1346
422 1400
422 1829
423 671
423 831
423 859
423 900
423 991
423 1025
423 1123
423 1391
423 1414
423 1703
424 860
424 1121
424 1159
424 1302
424 1378
424 1735
425 943
425 1038
425 1540
426 555
426 609
426 616
426 823
426 889
426 1189
426 1343
426 1427
426 1625
426 1763
427 640
427 711
427 1400
428 479
428 631
428 712
428 1170
428 1232
428 1550
428 1573
428 1738
428 1880
428 1981
429 445
429 495
429 520
429 560
429 597
429 843
429 938
429 1144
429 1493
429 1713
429 1731
429 1806
429 1889
430 864
430 1385
430 1433
430 1475
430 1570
431 556
431 829
431 957
431 1266
432 938
432 1543
432 1629
433 527
433 1143
433 1374
433 1820
433 1948
433 1970
434 481
434 512
434 711
434 1282
434 1514
434 1639
435 581
435 636
435 713
435 761
435 895
435 1324
435 1611
435 1855
435 1871
435 1956
436 575
436 1480
436 1838
436 1933
437 526
437 586
437 683
437 725
437 1180
437 1226
437 1743
437 1838
437 1970
438 1468
438 1706
439 537
439 656
439 1013
439 1239
439 1380
439 1435
440 623
440 825
440 893
440 953
440 966
440 1485
440 1944
440 1957
441 664
441 701
441 720
441 778
441 870
441 978
441 1878
441 1980
442 580
442 788
442 1334
442 1672
442 1977
443 529
443 727
443 762
443 846
443 1067
443 1357
444 690
444 1556
444 1673
444 1783
444 1861
445 702
445 1284
445 1792
446 578
446 880
446 1344
446 1416
446 1506
446 1521
446 1579
446 1699
446 1825
446 1900
447 740
447 970
447 1167
447 1520
447 1678
448 597
448 763
448 888
448 1010
448 1349
449 1059
449 1098
449 1100
449 1662
449 1670
449 1691
449 1882
450 530
450 570
450 607
450 949
450 988
450 1105
450 1161
450 1179
450 1465
451 457
451 527
451 594
451 904
451 1160
451 1540
451 1611
451 1770
451 1796
451 1958
452 473
452 1039
452 1232
452 1369
452 1607
452 1705
452 1999
453 512
453 857
453 907
454 728
454 845
454 885
454 915
454 1098
454 1978
455 485
455 736
455 1182
455 1370
455 1455
456 621
456 1010
456 1041
456 1235
456 1603
457 775
457 814
457 1196
457 1240
457 1431
457 1670
457 1717
457 1996
458 489
458 636
458 842
459 599
459 706
459 1361
459 1649
459 1875
459 1964
460 678
460 1375
460 1460
460 1591
460 1615
460 1677
460 1963
461 512
461 899
461 1126
461 1130
461 1162
461 1242
461 1408
461 1446
461 1531
462 552
462 753
462 1023
462 1072
463 470
463 474
463 560
463 962
463 1144
463 1398
463 1794
463 1836
463 1961
464 510
464 530
464 542
464 759
464 1052
464 1447
464 1526
464 1635
465 576
465 622
465 1706
465 1851
466 641
466 860
466 1226
466 1417
466 1446
466 1476
466 1501
467 473
467 568
467 593
467 932
467 1173
467 1199
467 1337
467 1539
468 594
468 804
468 866
468 1198
468 1497
469 618
469 929
469 1253
469 1437
469 1582
469 1767
469 1964
470 610
470 1084
470 1099
470 1744
471 1105
471 1120
471 1620
471 1799
472 620
472 953
472 1275
472 1783
473 507
473 614
473 1347
473 1618
473 1791
473 1942
473 1986
474 1026
474 1058
474 1435
474 1706
474 1774
475 734
475 810
475 1163
476 924
476 1289
476 1329
476 1828
476 1848
477 569
477 663
477 970
477 1074
477 1124
477 1175
477 1321
477 1879
478 724
478 786
478 1224
478 1725
478 1789
479 832
479 1184
479 1498
479 1643
479 1779
479 1810
479 1998
480 1279
480 1560
480 1571
480 1815
480 1851
480 1928
481 508
481 704
481 873
481 888
481 947
481 1064
481 1209
481 1332
481 1543
481 1550
481 1588
481 1607
482 771
482 819
482 1303
482 1316
482 1570
482 1883
483 739
483 1141
483 1204
483 1453
484 506
484 812
484 1258
484 1464
484 1680
484 1717
484 1843
485 850
485 867
485 1323
485 1570
485 1879
485 1976
486 563
486 1015
486 1507
486 1646
486 1850
486 1862
486 1931
487 718
487 976
487 1035
487 1046
487 1186
487 1377
487 1579
487 1873
487 1986
487 1993
488 580
488 914
488 1200
488 1350
488 1392
488 1675
488 1825
489 589
489 1058
489 1108
489 1439
490 592
490 1016
490 1132
490 1428
490 1568
490 1596
490 1600
490 1871
491 905
491 1186
491 1609
491 1647
492 614
492 700
492 1122
492 1236
492 1238
492 1881
492 1983
493 1175
493 1241
493 1456
494 576
494 736
494 957
494 1204
494 1597
494 1814
495 884
495 1104
495 1153
495 1620
495 1959
496 1125
496 1162
496 1744
497 521
497 1000
497 1181
497 1307
497 1546
497 1792
497 1987
498 692
498 885
498 986
498 1397
498 1564
499 1061
499 1178
499 1385
499 1806
500 1522
500 1659
501 523
501 549
501 1114
501 1118
501 1581
501 1693
501 1739
501 1920
502 819
502 952
502 1039
502 1593
503 506
503 627
503 922
503 1074
503 1620
503 1976
503 1994
504 593
504 655
504 805
504 830
504 1107
504 1195
504 1466
504 1562
504 1575
504 1726
505 797
505 821
505 1279
505 1416
505 1550
505 1592
505 1905
506 567
506 1107
506 1310
506 1558
506 1868
506 1915
507 783
507 790
507 891
507 1100
507 1140
507 1259
507 1630
507 1685
507 1884
508 534
508 722
508 1000
508 1004
508 1195
508 1454
508 1500
509 686
509 756
509 838
509 898
509 1018
509 1373
509 1459
509 1609
509 1683
510 991
510 1394
510 1514
510 1898
511 535
511 781
511 1022
511 1096
511 1194
511 1210
511 1472
511 1865
512 646
512 1147
512 1343
512 1607
513 549
513 956
513 1627
514 812
514 937
514 1054
514 1302
514 1315
514 1342
514 1589
515 985
515 1476
515 1953
516 540
516 631
516 702
516 1039
516 1347
516 1354
516 1529
516 1664
516 1757
516 1765
516 1974
517 542
517 652
517 772
517 1680
517 1729
517 1875
517 1930
518 754
518 1202
518 1294
518 1540
518 1557
518 1615
518 1643
518 1646
518 1849
519 590
519 1517
519 1733
520 1092
520 1330
520 1626
520 1869
520 1890
520 1993
521 567
521 722
521 945
521 1123
521 1305
521 1436
521 1567
521 1659
522 776
522 868
522 1131
522 1338
522 1400
523 542
523 806
523 1285
523 1443
523 1857
524 854
524 855
524 1196
524 1416
524 1589
524 1758
525 608
525 674
525 990
525 1060
525 1094
525 1731
525 1839
526 705
526 729
526 761
526 915
526 1406
526 1449
527 1475
527 1652
527 1675
528 776
528 786
528 1132
528 1161
528 1318
528 1509
528 1522
529 610
529 1149
529 1168
529 1205
529 1269
530 945
530 1033
530 1170
530 1430
530 1431
530 1473
531 720
531 735
531 1782
531 1844
531 1930
531 1967
532 651
532 665
532 691
532 1124
532 1131
532 1200
532 1250
532 1271
532 1429
532 1525
532 1619
532 1954
533 811
533 1538
533 1965
534 589
534 643
534 694
534 952
534 1228
534 1421
534 1436
534 1516
534 1703
534 1956
535 962
535 1147
535 1309
535 1434
536 1527
536 1715
536 1730
537 1171
537 1416
537 1474
537 1829
538 769
538 1265
538 1302
538 1534
538 1664
538 1800
539 610
539 794
539 1189
539 1582
539 1991
540 569
540 827
540 1073
540 1081
540 1181
540 1620
540 1781
540 1906
541 1122
541 1411
541 1855
541 1859
541 1860
541 1898
542 1300
542 1689
543 881
543 1137
543 1305
543 1666
543 1920
543 1936
544 1187
544 1198
544 1612
544 1986
545 844
545 1361
545 1529
545 1807
546 623
546 1743
547 696
547 829
547 943
547 986
547 1227
547 1353
547 1438
547 1979
547 1989
548 649
548 876
548 1271
548 1279
548 1752
549 613
549 856
549 1039
549 1040
549 1409
549 1411
549 1827
550 734
550 1238
550 1619
550 1802
550 1981
551 848
551 884
551 1381
551 1694
551 1735
552 922
552 1410
552 1498
552 1755
553 567
553 599
553 947
553 1309
553 1386
553 1455
554 909
554 1214
554 1549
554 1553
554 1607
554 1831
554 1997
555 559
555 681
555 892
555 1438
555 1701
556 771
556 1068
556 1134
556 1309
556 1736
557 629
557 813
557 893
557 936
557 1385
557 1401
557 1433
557 1590
557 1665
558 590
558 1294
558 1326
559 568
559 708
559 986
559 1523
559 1578
559 1842
560 700
560 733
560 1530
560 1729
560 1898
561 639
561 651
561 700
561 957
561 1414
561 1552
561 1713
562 564
562 1350
562 1647
562 1753
562 1866
563 612
563 872
563 895
563 1045
563 1098
563 1215
563 1781
563 1827
563 1869
564 612
564 1013
564 1837
564 1976
564 1991
565 705
565 988
565 1065
565 1124
565 1222
565 1335
565 1527
565 1584
565 1819
565 1868
565 1940
566 687
566 693
566 828
566 1063
566 1067
566 1157
566 1898
567 760
567 1243
567 1357
567 1768
568 712
568 1349
568 1448
568 1771
568 1956
569 767
569 1072
569 1211
569 1284
569 1294
569 1317
569 1554
569 1795
570 620
570 854
570 1905
571 676
571 677
571 792
571 1024
571 1099
571 1284
571 1633
571 1717
571 1834
572 630
572 632
572 684
572 834
572 883
572 958
572 999
572 1067
572 1205
572 1417
572 1906
572 1949
573 647
573 737
573 1265
573 1502
573 1535
573 1708
573 1824
574 603
574 679
574 1357
575 643
575 879
575 1630
575 1829
575 1876
575 1982
576 1288
576 1331
576 1353
576 1934
577 772
577 871
577 894
577 935
577 981
577 986
577 1216
577 1359
577 1753
577 1854
577 1973
578 1176
578 1213
578 1225
578 1601
578 1972
579 1020
579 1089
579 1097
579 1593
580 730
580 768
580 772
580 1009
580 1597
580 1806
580 1911
581 910
581 1113
581 1507
581 1557
582 877
582 1010
582 1293
582 1635
582 1757
583 657
583 762
583 1039
583 1052
583 1094
583 1254
583 1368
583 1564
583 1862
583 1939
584 742
584 866
584 921
584 1129
584 1275
585 609
585 959
585 1267
585 1461
585 1561
585 1740
585 1925
585 1928
586 745
586 836
586 1048
586 1413
586 1529
586 1665
586 1740
586 1938
587 1224
587 1291
587 1311
587 1454
588 690
588 806
588 1394
588 1775
589 1707
590 603
590 616
590 627
590 1261
591 778
591 1209
591 1233
591 1506
591 1636
591 1744
592 978
592 1397
592 1447
592 1797
592 1812
592 1856
593 620
593 634
593 691
593 1164
593 1223
593 1437
593 1562
593 1645
594 1131
594 1132
595 942
595 971
595 1211
595 1617
596 981
597 811
597 817
597 1037
597 1138
597 1626
597 1673
597 1680
597 1925
597 1991
598 676
598 713
598 1440
598 1541
598 1654
598 1715
599 876
599 1457
599 1700
600 701
600 904
600 996
600 1490
600 1551
600 1978
601 1004
601 1116
601 1158
601 1246
601 1636
601 1831
601 1847
602 664
602 873
602 1034
602 1471
602 1799
602 1863
603 603
603 926
603 1654
604 972
604 1179
604 1630
605 1165
605 1315
605 1653
605 1838
605 1874
606 1170
606 1208
606 1226
606 1441
607 689
607 1070
607 1269
607 1354
607 1498
607 1997
608 754
608 790
608 956
608 1535
608 1887
609 690
609 1051
609 1110
609 1345
609 1778
609 1788
610 861
610 1259
610 1556
610 1593
610 1767
611 612
611 1626
611 1963
611 1981
612 640
612 806
613 1130
613 1362
613 1775
613 1939
614 767
614 833
614 923
614 1612
614 1964
615 683
615 707
615 898
615 1436
615 1772
616 1019
616 1070
616 1143
616 1335
616 1413
616 1588
616 1902
617 665
617 1286
617 1341
617 1549
617 1633
618 897
618 1151
619 805
619 899
619 1273
619 1397
619 1398
619 1539
620 622
620 865
620 1619
620 1728
620 1758
621 670
621 1303
621 1696
622 869
622 940
622 1716
622 1905
623 1025
623 1084
623 1654
623 1693
624 637
624 803
624 1131
624 1244
624 1664
624 1793
624 1816
625 724
625 777
625 890
625 1363
625 1389
625 1563
625 1812
625 1834
626 793
626 1008
626 1361
626 1894
627 674
627 688
627 706
627 722
627 1060
627 1773
627 1826
628 1009
628 1215
628 1263
629 820
629 991
629 1209
629 1221
629 1330
629 1551
629 1631
629 1705
630 718
630 948
630 1005
630 1076
630 1169
630 1176
630 1336
630 1433
630 1504
630 1672
630 1782
630 1907
631 1079
631 1112
631 1188
632 665
632 991
632 1083
632 1281
632 1462
632 1475
632 1752
632 1762
633 827
633 873
633 954
633 1021
633 1545
633 1704
633 1933
635 890
635 1241
635 1702
635 1856
635 1891
636 823
636 1586
636 1598
636 1616
636 1709
636 1727
636 1737
636 1964
637 689
637 1091
637 1432
637 1672
637 1767
637 1787
637 1911
638 793
638 912
638 1141
638 1197
638 1251
638 1411
638 1435
639 1062
639 1421
639 1485
639 1673
640 686
640 694
640 1327
640 1445
640 1651
640 1717
640 1756
640 1908
641 1765
642 662
642 702
642 742
642 760
642 955
642 1235
642 1367
642 1645
642 1754
642 1912
643 1470
643 1506
643 1708
644 725
644 937
644 1021
644 1095
644 1278
644 1445
644 1607
644 1978
645 1210
645 1873
646 656
646 1173
646 1542
647 817
647 1090
647 1553
647 1640
647 1782
647 1825
647 1902
647 1982
648 787
648 849
648 861
648 1142
648 1535
648 1653
648 1919
648 1924
649 731
649 861
649 917
649 973
649 1285
649 1310
650 1049
650 1055
650 1350
650 1629
650 1885
650 1895
650 1931
651 684
651 1539
651 1559
651 1679
651 1941
652 896
652 949
652 1128
652 1275
652 1459
652 1711
652 1811
652 1837
653 907
653 1209
653 1325
653 1336
653 1427
653 1753
653 1780
653 1989
654 850
654 1197
654 1300
654 1592
654 1866
654 1914
654 1982
654 1988
655 694
655 1090
655 1166
655 1545
656 803
656 806
656 1070
656 1102
656 1870
656 1976
657 763
657 1011
657 1136
657 1265
657 1699
657 1982
658 721
658 819
658 1599
658 1899
659 977
659 1156
659 1399
659 1514
659 1626
660 811
660 1341
661 1036
661 1055
661 1068
661 1462
661 1620
661 1909
662 1212
662 1274
662 1282
662 1585
662 1917
663 1324
663 1452
663 1491
664 664
664 878
664 972
664 1030
664 1045
664 1093
664 1108
664 1236
664 1589
664 1780
665 952
665 969
665 1043
665 1401
666 912
666 960
666 1071
666 1419
666 1675
667 745
667 1404
667 1722
668 1699
668 1789
668 1876
668 1892
668 1991
669 722
669 784
669 1017
669 1120
669 1180
669 1257
669 1325
669 1339
670 694
670 1024
670 1203
670 1419
670 1844
670 1922
671 698
671 944
671 1165
671 1284
671 1351
671 1808
672 728
672 1134
672 1323
672 1584
672 1665
672 1823
672 1955
673 1035
673 1249
673 1501
673 1734
674 810
674 904
674 1382
674 1674
674 1739
674 1829
674 1831
675 853
675 944
675 1236
675 1296
675 1425
675 1737
675 1937
676 1102
676 1475
676 1494
676 1556
676 1742
677 697
677 827
677 1081
677 1087
678 1072
678 1085
678 1719
679 1151
679 1504
680 788
680 1060
680 1795
680 1801
681 686
681 930
681 1163
681 1219
681 1300
681 1384
681 1398
681 1617
681 1787
681 1848
681 1898
681 1980
682 1537
683 794
683 893
683 905
683 961
683 1111
683 1360
683 1377
683 1587
684 1039
684 1370
684 1557
684 1977
684 1990
685 772
685 976
685 1227
685 1318
685 1988
686 750
686 782
686 867
686 992
686 1033
686 1139
687 733
687 1205
687 1365
687 1478
687 1640
687 1641
687 1723
687 1946
688 1287
688 1597
688 1640
689 905
689 920
689 1333
689 1530
689 1864
689 1995
690 1281
690 1790
690 1904
691 754
691 784
691 877
691 1609
691 1954
692 996
692 1675
692 1854
693 712
693 751
693 805
693 1599
693 1624
693 1641
693 1662
693 1689
693 1948
694 716
694 759
694 1180
694 1300
694 1904
695 848
695 982
695 992
695 1198
696 712
696 798
696 822
696 901
696 1554
697 700
697 987
697 1376
697 1456
697 1521
698 833
698 1038
698 1640
698 1751
699 886
699 926
699 1232
699 1430
699 1443
699 1544
699 1750
700 1009
700 1274
700 1388
701 826
701 840
701 891
701 1152
701 1897
701 1994
702 1446
702 1465
702 1553
702 1661
703 1562
703 1975
704 747
704 883
704 1008
704 1014
704 1204
704 1502
704 1593
704 1917
705 883
705 890
705 1076
705 1376
705 1601
705 1819
705 1852
706 714
706 717
706 736
706 840
706 1548
706 1676
706 1890
707 828
707 1196
707 1222
707 1351
707 1422
707 1675
707 1821
707 1953
707 1960
708 921
708 956
708 1195
708 1730
708 1777
708 1877
708 1963
709 987
709 988
709 1009
709 1525
709 1588
709 1711
709 1895
710 752
710 820
710 860
710 1017
710 1195
710 1211
711 848
711 1368
711 1431
711 1818
712 970
712 1182
712 1623
712 1728
713 1165
713 1422
713 1571
713 1611
713 1764
713 1797
714 726
714 880
714 909
714 1010
714 1031
714 1107
714 1423
714 1729
714 1938
715 1293
715 1343
715 1553
715 1844
716 845
716 1236
716 1389
716 1411
716 1451
716 1761
717 1009
717 1483
717 1517
717 1567
717 1724
718 773
718 876
718 949
718 1298
718 1632
718 1672
718 1852
719 1439
719 1575
720 802
720 931
720 1413
720 1421
721 963
721 1067
721 1239
721 1267
721 1268
721 1922
721 1952
722 848
722 1734
722 1801
722 1864
722 1992
723 730
723 738
723 861
723 1041
723 1756
724 724
724 877
724 1036
724 1659
724 1806
724 1903
724 1971
725 1091
725 1172
725 1209
725 1370
725 1460
725 1831
725 1887
725 1911
726 1526
726 1819
726 1885
726 1903
727 846
727 1095
727 1375
727 1744
728 835
728 1831
729 805
729 1512
729 1750
730 768
730 1040
730 1301
730 1381
730 1671
730 1981
731 740
731 954
731 1138
731 1390
731 1753
731 1791
732 894
732 1192
732 1282
732 1351
732 1441
732 1889
732 1967
733 915
733 994
733 1060
733 1465
733 1687
733 1831
734 1398
734 1432
734 1517
734 1527
734 1615
735 1065
735 1101
735 1469
735 1739
735 1885
736 1014
736 1105
736 1454
736 1710
736 1860
736 1926
737 787
737 1091
737 1230
737 1635
737 1862
738 751
738 1108
738 1202
738 1300
738 1632
738 1691
738 1915
739 990
739 1106
739 1786
739 1832
740 799
740 920
740 1733
741 742
741 1216
741 1616
741 1795
742 939
742 955
742 1350
743 910
743 1197
743 1411
743 1476
743 1495
743 1576
743 1664
744 949
744 1085
744 1334
744 1548
744 1549
744 1632
744 1842
744 1906
744 1966
745 968
745 1087
745 1150
745 1652
745 1672
745 1922
746 909
746 1274
746 1467
746 1531
746 1625
747 832
747 980
747 1293
747 1339
747 1614
748 1069
748 1161
748 1243
748 1256
748 1338
748 1364
749 999
749 1078
749 1470
749 1842
750 908
751 1036
751 1041
751 1232
751 1327
751 1439
751 1689
752 1129
752 1837
753 1116
753 1938
754 997
754 1148
754 1304
754 1849
755 816
755 1033
755 1164
755 1295
755 1583
755 1953
756 954
756 1504
756 1632
756 1828
756 1829
757 900
757 1026
757 1240
757 1316
757 1725
758 820
758 828
758 884
758 1095
758 1101
758 1239
758 1522
759 759
759 776
759 978
759 1084
759 1147
759 1231
759 1383
759 1544
759 1640
759 1801
759 1929
760 885
760 1048
760 1182
760 1913
761 811
761 1022
761 1106
761 1257
762 1111
762 1202
762 1242
762 1247
762 1351
762 1383
762 1389
762 1576
762 1678
762 1745
762 1790
762 1826
763 877
763 907
763 1351
763 1365
763 1599
763 1783
763 1800
764 966
764 1099
764 1125
764 1383
764 1710
764 1999
765 1118
765 1237
765 1469
765 1810
765 1925
765 1988
766 856
766 1028
766 1728
767 849
767 1305
767 1413
767 1432
767 1501
767 1507
768 795
768 1264
768 1353
768 1365
768 1432
768 1901
768 1997
769 1439
769 1490
769 1745
769 1904
769 1944
770 771
770 890
770 1297
770 1663
770 1785
770 1879
770 1931
770 1954
771 949
771 1036
771 1121
771 1755
771 1820
772 1205
772 1569
772 1588
772 1602
772 1824
773 1054
773 1160
773 1503
773 1634
773 1852
773 1914
773 1957
774 783
774 851
774 1126
774 1302
774 1448
775 1302
775 1310
775 1411
775 1733
775 1758
775 1770
775 1839
775 1887
775 1973
776 1040
776 1101
776 1490
776 1502
776 1819
776 1863
776 1905
776 1961
777 955
777 1258
777 1324
777 1549
778 901
778 1399
778 1717
778 1855
778 1918
779 1140
780 803
780 962
780 1490
780 1823
781 1254
781 1476
781 1503
781 1541
781 1822
782 894
782 1129
782 1294
782 1354
782 1554
782 1573
782 1850
782 1932
783 896
783 1056
783 1613
783 1615
784 895
784 991
784 1171
784 1367
784 1432
784 1434
784 1460
784 1527
784 1758
785 993
785 1722
785 1734
785 1888
786 955
786 1067
786 1278
786 1350
786 1841
786 1957
787 1437
787 1569
787 1644
787 1702
787 1884
787 1963
788 1023
788 1100
788 1173
788 1438
789 864
789 1363
789 1493
789 1520
789 1552
789 1567
789 1907
790 917
790 1149
790 1567
791 880
791 1412
791 1638
791 1705
792 1029
792 1302
792 1765
792 1833
792 1859
793 800
793 958
793 1017
793 1165
793 1230
793 1284
793 1431
793 1678
793 1715
793 1738
793 1835
793 1854
794 1059
794 1405
795 1184
795 1941
796 1387
796 1508
796 1767
797 1126
797 1375
797 1536
797 1860
798 851
798 1098
798 1257
798 1375
798 1707
799 1165
799 1177
799 1330
799 1574
799 1829
800 919
800 1579
800 1893
800 1913
801 1324
801 1326
801 1340
801 1380
801 1642
801 1702
801 1916
801 1966
802 1026
802 1384
802 1402
802 1405
802 1629
803 843
803 1145
803 1577
804 967
804 1057
804 1707
804 1748
805 918
805 1083
805 1150
805 1411
805 1553
806 1108
806 1342
806 1547
806 1551
806 1599
806 1621
806 1993
807 1059
807 1460
807 1462
807 1529
807 1782
808 939
808 1419
808 1453
808 1513
808 1762
809 968
809 1732
809 1893
810 810
810 987
810 1787
811 989
811 1022
811 1487
811 1894
812 1239
812 1360
812 1369
813 1013
813 1034
813 1154
813 1363
813 1546
814 847
814 1022
814 1061
814 1139
814 1467
814 1647
814 1710
815 1612
815 1722
815 1884
815 1967
816 1028
816 1488
817 1181
817 1372
817 1505
818 847
818 930
818 1651
819 952
819 1539
819 1611
819 1964
820 1216
820 1234
820 1403
820 1541
820 1562
821 1334
821 1574
821 1722
822 832
822 1012
822 1044
822 1255
822 1272
822 1490
822 1778
822 1812
822 1982
823 1025
823 1259
823 1423
823 1777
823 1916
823 1972
823 1993
824 1004
824 1142
824 1927
824 1999
825 1027
825 1664
825 1763
825 1792
826 978
826 1149
826 1215
826 1222
826 1382
826 1533
826 1537
826 1560
826 1736
827 849
827 910
827 976
827 1376
827 1477
827 1818
828 1806
828 1966
829 963
829 971
829 1030
829 1293
829 1951
830 1033
830 1139
830 1306
830 1402
830 1504
830 1674
830 1837
830 1954
831 980
831 1117
831 1661
832 1278
832 1376
832 1521
832 1569
832 1653
832 1861
833 965
833 1219
833 1249
833 1360
833 1536
833 1596
833 1620
833 1649
833 1893
834 1120
834 1337
834 1615
834 1633
834 1692
834 1694
835 1144
835 1599
835 1806
836 1091
836 1219
836 1392
836 1393
836 1590
836 1618
836 1745
836 1811
836 1981
837 990
837 1006
837 1164
837 1269
837 1281
837 1446
837 1531
837 1623
837 1904
838 970
838 1017
838 1049
838 1116
838 1427
838 1898
839 1887
840 923
840 937
840 1674
840 1781
840 1903
840 1928
841 1023
841 1089
841 1214
841 1292
841 1314
841 1847
842 895
842 1258
842 1400
842 1496
842 1991
843 1243
843 1555
843 1730
843 1768
843 1834
844 1240
844 1282
844 1502
844 1614
845 871
845 1082
845 1157
845 1340
845 1390
845 1489
845 1634
845 1749
845 1797
846 1437
846 1673
846 1682
846 1737
846 1902
846 1919
847 1517
848 1192
848 1968
849 1097
849 1398
849 1503
849 1994
850 890
850 1618
850 1689
850 1902
851 1229
851 1448
851 1661
851 1920
852 1055
852 1746
852 1885
852 1893
853 993
853 1211
853 1323
853 1878
853 1898
853 1960
853 1980
854 1583
854 1726
855 1831
856 1793
856 1834
857 1171
857 1459
857 1541
857 1547
857 1978
858 1128
858 1548
858 1617
859 912
859 1224
860 1365
860 1385
860 1403
861 989
861 1198
861 1235
861 1245
861 1277
861 1536
861 1871
862 985
862 1967
863 1090
863 1100
863 1611
863 1889
864 1054
865 867
865 1183
865 1303
865 1463
865 1706
865 1754
865 1867
866 890
866 927
866 1155
866 1567
866 1993
867 1044
867 1095
867 1107
867 1232
867 1404
867 1816
868 1069
868 1091
868 1295
868 1812
869 994
869 1288
869 1323
869 1324
869 1415
869 1438
869 1520
869 1655
869 1896
870 1020
870 1361
870 1601
870 1612
871 1333
871 1495
871 1904
871 1929
872 906
872 1316
872 1934
873 893
873 948
873 1461
873 1947
873 1985
874 1184
874 1393
874 1540
874 1694
874 1755
874 1789
874 1928
875 1175
876 1010
876 1940
877 884
877 1029
877 1097
877 1225
877 1249
877 1260
877 1319
877 1417
877 1854
877 1894
878 952
878 1143
878 1194
878 1227
878 1407
878 1508
878 1509
878 1922
878 1981
879 925
879 981
879 1007
879 1698
879 1754
880 957
880 1359
881 941
881 1093
881 1119
881 1274
881 1520
881 1619
882 1040
882 1066
882 1210
882 1319
882 1535
882 1710
882 1814
882 1822
882 1904
883 1189
883 1439
883 1830
884 1259
884 1278
884 1449
884 1724
884 1945
885 1002
885 1758
885 1809
885 1821
886 1482
886 1721
886 1961
887 1097
887 1233
887 1623
888 1236
888 1449
888 1541
889 1254
889 1994
890 1102
890 1194
890 1372
890 1618
890 1658
890 1713
890 1820
891 1272
892 1152
892 1189
892 1214
892 1233
892 1282
892 1360
892 1434
892 1901
893 1309
893 1420
893 1446
893 1516
893 1939
894 1019
894 1212
894 1358
894 1409
894 1698
895 1009
895 1653
895 1688
895 1713
895 1892
896 1274
896 1294
896 1485
897 1106
897 1112
897 1157
897 1406
897 1961
898 986
898 1750
898 1991
899 979
899 1105
899 1279
899 1881
900 1336
900 1359
900 1666
900 1717
901 978
901 1268
901 1782
901 1851
901 1993
902 1253
902 1414
902 1581
902 1731
903 1039
903 1079
903 1277
903 1647
903 1670
903 1744
903 1813
904 1230
904 1231
904 1254
904 1366
904 1422
904 1794
904 1808
904 1826
905 1161
905 1486
905 1681
905 1920
906 1279
906 1449
906 1682
907 1335
907 1369
907 1670
907 1966
908 1386
908 1861
908 1890
908 1925
909 1412
910 1013
911 970
911 1458
911 1467
911 1532
911 1604
912 1205
912 1270
912 1281
912 1528
912 1600
913 1520
913 1631
913 1665
913 1756
913 1909
914 1077
914 1128
914 1159
914 1537
914 1689
914 1876
915 940
915 1080
915 1257
915 1760
916 1183
916 1285
916 1844
917 1192
917 1641
918 1517
918 1592
918 1998
919 1157
919 1186
919 1388
919 1582
919 1824
919 1937
920 946
920 1057
920 1402
920 1750
920 1833
921 950
921 1199
921 1250
921 1471
921 1485
922 1021
922 1158
922 1238
922 1617
922 1711
922 1773
923 1266
923 1276
923 1359
923 1501
924 1205
924 1377
925 1081
925 1814
926 1084
926 1332
926 1504
926 1583
926 1607
927 987
927 1031
927 1082
927 1123
927 1396
927 1805
928 1285
928 1883
929 1729
930 931
930 1527
930 1880
931 1571
931 1942
932 1606
933 939
933 1224
933 1323
933 1379
933 1380
933 1821
933 1862
934 1018
934 1095
934 1207
934 1786
934 1908
935 945
935 1130
935 1146
935 1599
935 1789
936 1452
936 1455
936 1473
937 1219
937 1246
937 1368
937 1466
937 1487
937 1559
937 1686
937 1910
938 945
938 950
938 1080
938 1156
938 1310
938 1394
938 1531
938 1774
938 1956
939 1068
939 1227
939 1304
939 1403
939 1540
939 1545
939 1572
939 1799
940 1007
940 1047
940 1147
940 1161
940 1901
941 957
941 1190
941 1460
941 1677
942 1840
943 959
943 1137
943 1380
943 1428
943 1666
943 1943
943 1989
945 1100
945 1593
946 1071
946 1406
946 1555
946 1605
946 1797
946 1851
946 1911
947 1066
947 1112
947 1351
947 1441
948 1165
948 1517
948 1578
949 1189
949 1773
950 1078
950 1356
950 1380
950 1845
950 1992
951 1337
952 1086
952 1321
952 1466
953 1057
953 1083
953 1973
954 1068
954 1134
954 1153
954 1348
954 1509
954 1638
954 1699
954 1904
955 1217
955 1291
955 1350
955 1366
955 1822
956 983
956 1024
956 1120
956 1123
956 1186
956 1313
956 1354
956 1494
956 1528
956 1727
957 981
957 1031
957 1619
957 1917
958 1025
958 1142
958 1247
958 1263
958 1317
958 1338
958 1920
959 1158
959 1165
959 1233
959 1396
959 1940
960 1527
960 1705
960 1855
960 1999
961 1334
961 1492
961 1497
961 1615
961 1987
962 1574
963 1771
964 1564
964 1879
965 1200
965 1230
965 1259
965 1280
965 1409
965 1834
965 1971
966 1326
966 1545
966 1814
967 1500
967 1588
967 1951
967 1985
968 1444
968 1476
968 1652
968 1793
969 1110
969 1124
969 1396
969 1594
969 1667
970 1010
970 1017
970 1264
970 1471
970 1755
970 1961
971 1043
971 1106
971 1802
972 1413
972 1480
972 1669
972 1700
972 1739
972 1917
973 1135
973 1667
974 1018
974 1269
975 1199
975 1793
976 1013
976 1041
976 1044
976 1281
976 1355
977 1005
977 1157
977 1171
977 1328
977 1867
977 1916
978 1054
978 1087
978 1366
978 1989
979 1142
979 1917
979 1931
980 1108
980 1285
980 1372
980 1502
980 1949
981 1309
981 1484
981 1777
981 1866
982 1365
983 1431
983 1698
983 1801
983 1985
984 1613
984 1847
984 1907
985 1003
985 1035
985 1264
985 1345
985 1348
986 1258
986 1329
987 1152
987 1474
987 1700
988 1019
988 1198
988 1343
988 1517
988 1535
988 1565
988 1828
988 1916
988 1996
989 1020
990 1139
990 1413
991 1169
991 1182
991 1335
991 1473
992 1119
992 1310
992 1354
992 1934
993 1492
993 1963
994 1089
994 1146
994 1290
994 1387
994 1807
994 1844
995 1217
995 1581
995 1939
995 1974
996 1010
996 1062
996 1322
996 1767
996 1791
996 1834
996 1971
997 1056
997 1159
997 1258
997 1323
997 1340
997 1919
997 1986
998 1041
998 1234
998 1319
998 1336
998 1586
998 1906
999 1162
999 1182
999 1321
999 1496
999 1851
999 1855
1000 1151
1000 1798
1000 1903
1001 1123
1001 1208
1001 1361
1001 1924
1002 1122
1002 1143
1002 1226
1002 1319
1002 1681
1002 1893
1002 1909
1003 1412
1003 1525
1003 1548
1003 1626
1003 1923
1003 1970
1004 1142
1004 1528
1004 1867
1005 1679
1005 1960
1006 1020
1006 1628
1006 1663
1007 1084
1007 1133
1007 1914
1007 1959
1007 1969
1007 1983
1009 1012
1009 1263
1009 1400
1009 1934
1009 1955
1010 1292
1010 1917
1011 1024
1011 1152
1011 1252
1011 1459
1011 1639
1011 1665
1011 1724
1011 1867
1012 1059
1012 1074
1012 1122
1012 1360
1012 1454
1012 1777
1012 1795
1012 1823
1013 1044
1013 1192
1013 1344
1013 1550
1013 1682
1014 1542
1014 1843
1014 1964
1015 1416
1015 1695
1015 1816
1016 1319
1016 1893
1017 1558
1017 1667
1017 1999
1018 1693
1018 1753
1018 1925
1019 1341
1019 1788
1020 1290
1020 1474
1020 1775
1020 1961
1020 1970
1021 1027
1021 1263
1021 1401
1022 1722
1022 1789
1022 1910
1023 1062
1023 1299
1023 1948
1023 1995
1024 1300
1024 1316
1024 1802
1025 1043
1025 1178
1025 1378
1025 1491
1025 1585
1025 1771
1026 1057
1026 1313
1026 1964
1026 1966
1027 1193
1027 1280
1027 1411
1027 1689
1027 1797
1027 1944
1028 1340
1028 1654
1028 1950
1029 1051
1029 1106
1029 1176
1029 1423
1029 1635
1029 1900
1030 1297
1030 1998
1031 1080
1031 1562
1032 1466
1032 1970
1033 1078
1033 1219
1033 1716
1034 1044
1034 1109
1034 1169
1034 1183
1034 1592
1034 1918
1035 1074
1035 1326
1035 1413
1036 1200
1036 1232
1036 1235
1036 1974
1037 1151
1037 1341
1037 1705
1037 1938
1038 1168
1038 1394
1038 1534
1038 1653
1038 1671
1038 1938
1039 1039
1039 1433
1039 1555
1039 1692
1040 1097
1040 1487
1040 1774
1040 1882
1040 1901
1041 1162
1041 1691
1041 1836
1041 1859
1042 1336
1043 1245
1043 1251
1043 1278
1043 1425
1043 1522
1043 1748
1043 1756
1043 1808
1044 1961
1045 1198
1045 1643
1045 1824
1046 1132
1046 1180
1046 1201
1046 1295
1046 1300
1046 1380
1046 1398
1046 1582
1046 1756
1047 1343
1047 1428
1047 1859
1047 1890
1048 1255
1048 1334
1048 1552
1048 1604
1048 1738
1048 1843
1048 1850
1049 1106
1049 1145
1049 1299
1049 1330
1049 1576
1049 1635
1049 1714
1049 1864
1049 1954
1049 1965
1050 1173
1050 1604
1050 1952
1051 1125
1051 1772
1051 1833
1051 1842
1052 1851
1052 1872
1052 1890
1053 1097
1053 1135
1053 1674
1053 1802
1053 1877
1053 1886
1053 1910
1054 1114
1054 1168
1054 1284
1054 1819
1054 1843
1055 1100
1055 1234
1055 1265
1055 1396
1055 1604
1055 1792
1056 1060
1056 1323
1056 1432
1056 1434
1056 1544
1056 1574
1056 1996
1057 1388
1057 1972
1058 1092
1058 1148
1058 1512
1058 1659
1059 1101
1059 1337
1059 1363
1059 1635
1059 1879
1059 1997
1060 1395
1060 1498
1060 1499
1060 1550
1060 1894
1061 1143
1061 1230
1061 1330
1061 1510
1061 1955
1061 1972
1062 1386
1062 1433
1062 1647
1062 1856
1062 1868
1063 1364
1063 1510
1063 1774
1063 1780
1064 1162
1064 1253
1064 1420
1064 1509
1064 1608
1065 1487
1065 1582
1065 1697
1066 1441
1066 1778
1067 1356
1067 1592
1068 1132
1068 1191
1068 1862
1068 1886
1068 1938
1069 1388
1069 1838
1069 1915
1070 1336
1070 1636
1070 1944
1071 1109
1071 1275
1071 1716
1072 1193
1072 1266
1072 1463
1072 1493
1072 1930
1073 1197
1073 1272
1073 1399
1073 1547
1073 1747
1074 1092
1074 1197
1074 1482
1074 1806
1075 1199
1075 1609
1075 1744
1075 1748
1075 1867
1075 1891
1075 1908
1076 1415
1076 1538
1076 1583
1077 1127
1077 1367
1077 1397
1077 1474
1077 1711
1077 1949
1078 1163
1078 1703
1078 1885
1078 1933
1079 1338
1079 1365
1079 1491
1079 1557
1079 1605
1079 1926
1080 1604
1081 1302
1081 1342
1081 1701
1081 1702
1082 1290
1082 1440
1082 1646
1083 1540
1084 1292
1084 1840
1085 1166
1085 1303
1085 1687
1086 1146
1086 1306
1086 1694
1086 1727
1086 1769
1086 1800
1086 1862
1086 1888
1086 1921
1086 1990
1087 1741
1088 1527
1088 1599
1088 1652
1089 1131
1089 1189
1089 1264
1089 1394
1089 1664
1090 1098
1092 1254
1092 1468
1092 1483
1092 1502
1092 1575
1092 1637
1092 1715
1092 1717
1092 1923
1093 1293
1093 1374
1093 1498
1093 1609
1094 1445
1094 1533
1094 1963
1095 1721
1096 1272
1096 1369
1096 1452
1096 1820
1097 1330
1097 1603
1097 1925
1098 1140
1098 1354
1098 1366
1098 1439
1098 1768
1098 1980
1099 1607
1099 1948
1100 1117
1100 1353
1100 1477
1100 1642
1100 1830
1100 1876
1101 1468
1101 1813
1101 1885
1102 1260
1102 1349
1102 1452
1102 1527
1102 1596
1103 1174
1103 1312
1103 1334
1103 1441
1103 1443
1103 1790
1104 1298
1104 1396
1104 1466
1104 1605
1104 1696
1105 1140
1105 1163
1105 1193
1105 1269
1105 1526
1105 1808
1105 1961
1106 1490
1106 1509
1106 1599
1106 1656
1106 1713
1107 1296
1107 1667
1107 1948
1108 1499
1108 1724
1109 1211
1109 1515
1109 1846
1110 1366
1110 1712
1110 1939
1111 1444
1112 1172
1112 1220
1112 1434
1112 1782
1113 1540
1113 1787
1113 1949
1114 1400
1114 1461
1114 1634
1115 1363
1115 1554
1116 1164
1116 1670
1116 1761
1116 1820
1116 1950
1117 1148
1117 1553
1117 1593
1117 1766
1117 1805
1118 1351
1118 1471
1118 1506
1118 1666
1119 1283
1119 1690
1119 1890
1120 1312
1120 1319
1120 1648
1121 1158
1121 1227
1122 1224
1122 1608
1123 1188
1123 1924
1124 1176
1125 1138
1125 1230
1125 1754
1125 1800
1125 1933
1126 1438
1126 1522
1126 1835
1126 1986
1127 1413
1127 1500
1127 1519
1127 1590
1127 1628
1128 1725
1129 1141
1129 1241
1129 1344
1129 1473
1129 1672
1130 1214
1130 1637
1130 1779
1131 1452
1131 1745
1131 1854
1132 1154
1132 1178
1132 1334
1132 1605
1132 1746
1132 1772
1132 1805
1132 1814
1132 1979
1133 1538
1133 1589
1133 1751
1133 1804
1133 1865
1134 1646
1134 1788
1135 1222
1135 1358
1135 1457
1136 1191
1136 1864
1136 1964
1137 1317
1137 1462
1137 1767
1138 1317
1138 1630
1138 1980
1139 1292
1140 1491
1140 1553
1140 1851
1141 1175
1141 1189
1141 1247
1141 1583
1141 1684
1141 1828
1141 1988
1142 1180
1142 1230
1142 1678
1142 1706
1143 1664
1143 1699
1143 1902
1143 1995
1144 1647
1144 1742
1145 1218
1145 1450
1145 1470
1145 1611
1145 1763
1145 1972
1146 1349
1146 1535
1146 1889
1147 1274
1147 1556
1147 1838
1147 1909
1148 1216
1148 1651
1148 1687
1148 1779
1148 1873
1149 1153
1149 1495
1149 1698
1149 1861
1149 1903
1150 1838
1150 1876
1151 1370
1151 1891
1151 1920
1152 1279
1152 1318
1152 1391
1152 1648
1153 1365
1153 1446
1153 1561
1153 1740
1153 1781
1153 1857
1153 1990
1154 1548
1155 1305
1155 1412
1155 1443
1155 1637
1155 1704
1155 1774
1155 1853
1155 1972
1156 1229
1156 1288
1156 1459
1156 1622
1157 1180
1157 1242
1157 1467
1157 1687
1157 1721
1158 1594
1158 1712
1159 1470
1159 1497
1159 1604
1159 1904
1159 1941
1160 1407
1160 1630
1161 1400
1161 1451
1161 1462
1161 1540
1161 1603
1161 1970
1162 1167
1162 1216
1162 1846
1162 1855
1163 1371
1163 1444
1163 1864
1164 1244
1164 1253
1164 1314
1164 1435
1164 1805
1164 1942
1165 1721
1165 1769
1165 1774
1165 1975
1166 1531
1166 1705
1166 1780
1167 1210
1167 1307
1167 1318
1167 1356
1167 1860
1168 1739
1169 1357
1169 1558
1169 1563
1170 1505
1170 1595
1170 1616
1170 1646
1171 1293
1171 1724
1171 1746
1171 1815
1172 1337
1172 1669
1172 1995
1174 1961
1175 1499
1175 1571
1175 1808
1176 1606
1176 1778
1176 1787
1177 1315
1177 1425
1177 1627
1177 1773
1177 1862
1177 1949
1178 1338
1178 1514
1178 1751
1178 1995
1179 1553
1179 1860
1180 1454
1180 1897
1180 1979
1181 1494
1181 1692
1181 1728
1182 1386
1182 1503
1182 1560
1182 1771
1182 1920
1183 1488
1183 1745
1183 1797
1183 1854
1183 1881
1184 1355
1184 1608
1184 1743
1185 1236
1185 1421
1185 1446
1186 1350
1187 1457
1187 1519
1187 1559
1187 1589
1187 1675
1187 1741
1187 1828
1187 1941
1188 1281
1188 1499
1189 1349
1189 1440
1189 1897
1189 1934
1190 1489
1190 1577
1190 1854
1191 1409
1191 1476
1191 1793
1191 1892
1191 1945
1192 1365
1192 1524
1192 1617
1192 1681
1193 1307
1193 1331
1193 1998
1194 1304
1194 1446
1194 1751
1195 1242
1195 1287
1195 1611
1195 1926
1196 1270
1196 1474
1196 1484
1198 1428
1198 1597
1199 1366
1200 1372
1200 1541
1200 1731
1200 1874
1201 1329
1201 1364
1201 1643
1201 1761
1201 1763
1201 1838
1202 1709
1203 1252
1203 1472
1203 1824
1204 1281
1204 1570
1204 1736
1204 1984
1205 1346
1205 1356
1205 1555
1205 1655
1205 1676
1205 1750
1205 1972
1206 1243
1206 1281
1206 1450
1206 1597
1207 1253
1207 1388
1207 1497
1207 1669
1207 1780
1207 1867
1207 1959
1208 1272
1208 1865
1208 1982
1209 1244
1209 1247
1209 1253
1209 1342
1209 1348
1209 1402
1209 1895
1210 1708
1210 1927
1211 1917
1211 1986
1212 1447
1213 1425
1213 1690
1213 1767
1213 1897
1214 1442
1214 1702
1215 1882
1215 1895
1216 1287
1216 1443
1216 1702
1216 1969
1217 1650
1218 1319
1218 1647
1218 1831
1219 1230
1219 1384
1219 1747
1219 1908
1220 1660
1220 1749
1220 1962
1222 1760
1222 1915
1223 1341
1223 1580
1223 1754
1224 1242
1224 1328
1224 1493
1224 1571
1224 1598
1224 1600
1224 1676
1225 1919
1225 1939
1225 1962
1226 1247
1226 1372
1226 1654
1226 1703
1226 1781
1227 1365
1228 1365
1228 1521
1228 1655
1228 1709
1229 1358
1229 1360
1229 1453
1229 1862
1229 1899
1230 1699
1230 1728
1230 1969
1230 1982
1231 1499
1231 1536
1231 1557
1231 1935
1232 1368
1232 1603
1232 1744
1233 1486
1233 1825
1233 1862
1235 1277
1235 1310
1235 1399
1235 1765
1235 1830
1235 1896
1236 1348
1237 1480
1237 1514
1237 1630
1237 1664
1237 1732
1237 1750
1238 1333
1238 1339
1238 1389
1238 1542
1238 1675
1239 1761
1240 1528
1241 1274
1241 1455
1241 1519
1241 1545
1241 1554
1241 1721
1242 1383
1242 1430
1242 1575
1242 1914
1243 1395
1244 1653
1244 1784
1244 1823
1244 1855
1244 1933
1244 1956
1245 1590
1245 1620
1245 1873
1246 1342
1246 1450
1246 1462
1246 1778
1247 1339
1247 1554
1247 1743
1248 1396
1248 1531
1248 1694
1249 1315
1249 1489
1249 1550
1249 1951
1250 1413
1250 1483
1251 1284
1251 1303
1251 1608
1251 1612
1251 1769
1252 1360
1252 1419
1252 1959
1253 1441
1253 1586
1253 1595
1253 1699
1253 1932
1254 1254
1254 1313
1254 1737
1255 1406
1255 1564
1255 1607
1255 1636
1255 1667
1257 1375
1257 1869
1258 1386
1258 1854
1258 1939
1258 1984
1259 1422
1259 1592
1259 1795
1259 1831
1260 1531
1260 1536
1260 1954
1260 1958
1261 1342
1261 1393
1261 1817
1261 1931
1262 1503
1262 1628
1262 1868
1263 1316
1263 1966
1264 1389
1264 1444
1264 1539
1264 1549
1264 1875
1265 1378
1265 1561
1265 1850
1265 1931
1266 1714
1266 1747
1266 1825
1266 1877
1267 1406
1268 1345
1268 1360
1268 1466
1268 1551
1269 1588
1270 1454
1272 1443
1272 1883
1273 1626
1273 1707
1273 1722
1274 1662
1274 1759
1274 1844
1275 1481
1276 1321
1276 1404
1276 1439
1276 1724
1277 1514
1277 1663
1277 1736
1278 1321
1278 1647
1278 1978
1279 1654
1279 1664
1279 1805
1279 1988
1280 1443
1280 1596
1280 1781
1280 1861
1281 1433
1281 1670
1282 1403
1282 1737
1282 1909
1283 1497
1284 1681
1284 1892
1285 1520
1285 1682
1285 1759
1285 1775
1285 1945
1286 1667
1287 1313
1287 1371
1287 1570
1287 1728
1288 1315
1288 1373
1288 1423
1289 1394
1289 1589
1289 1592
1289 1793
1289 1951
1290 1439
1290 1462
1290 1630
1290 1866
1291 1694
1292 1937
1293 1644
1294 1413
1294 1502
1294 1529
1294 1886
1295 1369
1295 1821
1295 1857
1296 1379
1296 1523
1297 1521
1297 1606
1297 1712
1297 1834
1297 1838
1297 1937
1298 1398
1298 1401
1298 1700
1299 1412
1299 1591
1300 1738
1300 1871
1301 1330
1301 1602
1301 1613
1302 1435
1302 1441
1302 1458
1302 1459
1302 1536
1303 1390
1303 1425
1303 1467
1303 1500
1303 1567
1303 1667
1303 1677
1303 1839
1303 1901
1304 1455
1304 1804
1304 1852
1304 1984
1305 1333
1305 1425
1305 1747
1306 1591
1306 1866
1306 1887
1306 1925
1307 1337
1307 1342
1307 1430
1307 1895
1308 1695
1308 1745
1309 1787
1309 1912
1310 1915
1311 1318
1311 1730
1311 1768
1311 1891
1312 1321
1312 1582
1312 1597
1312 1633
1312 1744
1312 1847
1313 1530
1313 1598
1313 1627
1313 1914
1314 1578
1315 1804
1316 1354
1316 1515
1316 1586
1316 1814
1316 1951
1317 1532
1317 1696
1317 1891
1317 1956
1318 1343
1318 1655
1319 1581
1319 1823
1320 1421
1320 1473
1320 1775
1321 1423
1321 1472
1321 1870
1321 1954
1322 1758
1322 1946
1323 1346
1323 1604
1323 1643
1323 1768
1323 1802
1324 1477
1325 1349
1325 1561
1325 1624
1326 1749
1327 1467
1327 1539
1327 1619
1327 1677
1328 1344
1328 1750
1329 1479
1329 1534
1329 1546
1330 1553
1330 1834
1330 1919
1331 1408
1331 1418
1331 1517
1331 1577
1331 1638
1331 1755
1332 1451
1332 1542
1332 1997
1333 1368
1333 1421
1334 1666
1335 1398
1335 1437
1335 1478
1335 1748
1336 1977
1337 1637
1337 1732
1337 1957
1338 1719
1338 1799
1339 1589
1339 1930
1340 1379
1340 1390
1340 1589
1342 1710
1342 1874
1343 1400
1343 1530
1343 1826
1343 1886
1343 1940
1344 1529
1344 1957
1345 1430
1346 1473
1347 1691
1348 1387
1348 1645
1348 1723
1349 1907
1349 1922
1350 1441
1350 1548
1351 1404
1351 1929
1352 1561
1352 1967
1353 1677
1353 1747
1353 1751
1354 1392
1354 1417
1354 1568
1354 1600
1354 1646
1354 1723
1354 1767
1354 1804
1356 1561
1356 1694
1357 1366
1357 1435
1358 1565
1358 1581
1358 1742
1358 1867
1359 1641
1359 1817
1359 1940
1360 1779
1360 1860
1361 1694
1361 1705
1361 1868
1362 1371
1362 1387
1362 1486
1362 1560
1362 1575
1362 1653
1362 1869
1362 1986
1363 1682
1363 1886
1363 1980
1364 1397
1364 1478
1364 1542
1364 1784
1365 1495
1365 1638
1365 1730
1365 1896
1366 1429
1366 1444
1366 1632
1367 1740
1367 1759
1367 1764
1368 1441
1368 1528
1368 1539
1368 1613
1369 1571
1369 1868
1370 1479
1370 1866
1371 1684
1371 1870
1371 1993
1372 1429
1373 1387
1373 1504
1373 1534
1373 1632
1373 1952
1374 1882
1374 1940
1375 1549
1376 1806
1377 1492
1377 1823
1377 1900
1378 1450
1378 1715
1378 1858
1378 1875
1379 1547
1379 1665
1379 1767
1380 1457
1380 1686
1380 1907
1381 1505
1381 1855
1382 1700
1383 1432
1383 1566
1383 1729
1383 1823
1383 1976
1384 1471
1384 1694
1384 1799
1384 1967
1385 1610
1385 1848
1385 1857
1385 1938
1386 1388
1386 1721
1386 1989
1387 1834
1387 1982
1388 1544
1388 1680
1389 1623
1389 1762
1391 1677
1391 1691
1391 1760
1392 1475
1392 1617
1392 1677
1392 1684
1392 1721
1393 1476
1393 1551
1393 1944
1394 1436
1394 1480
1394 1494
1395 1430
1395 1544
1395 1622
1395 1696
1395 1788
1395 1811
1397 1444
1397 1902
1398 1533
1398 1775
1399 1501
1399 1522
1399 1739
1401 1481
1401 1617
1401 1717
1402 1490
1402 1501
1403 1694
1404 1462
1405 1436
1405 1666
1405 1894
1406 1556
1406 1704
1407 1432
1407 1442
1408 1565
1409 1561
1409 1656
1409 1667
1409 1794
1410 1680
1411 1466
1412 1659
1412 1861
1413 1478
1413 1545
1413 1662
1413 1886
1413 1918
1414 1422
1415 1738
1415 1765
1415 1842
1416 1651
1416 1755
1416 1813
1416 1814
1416 1815
1416 1990
1417 1581
1417 1624
1417 1858
1417 1867
1417 1913
1418 1811
1418 1868
1419 1506
1419 1865
1420 1569
1420 1682
1420 1757
1420 1788
1421 1476
1421 1904
1422 1604
1422 1617
1422 1701
1422 1745
1423 1783
1423 1952
1424 1723
1425 1542
1425 1719
1426 1546
1426 1556
1426 1791
1426 1977
1427 1474
1428 1446
1428 1563
1428 1739
1428 1898
1428 1928
1429 1683
1430 1805
1431 1892
1432 1622
1432 1827
1433 1729
1434 1701
1434 1889
1435 1546
1435 1683
1436 1830
1436 1927
1437 1749
1438 1822
1439 1558
1439 1830
1439 1916
1440 1561
1440 1765
1441 1540
1441 1821
1442 1898
1442 1899
1443 1489
1444 1469
1444 1476
1444 1722
1444 1845
1445 1466
1445 1716
1445 1783
1445 1826
1445 1949
1446 1841
1446 1991
1446 1993
1447 1556
1447 1964
1448 1451
1448 1479
1449 1640
1449 1675
1450 1683
1450 1967
1452 1690
1452 1738
1452 1740
1452 1834
1453 1742
1453 1969
1454 1622
1454 1757
1454 1821
1455 1619
1456 1792
1457 1556
1458 1902
1459 1866
1460 1942
1461 1585
1462 1464
1462 1600
1462 1623
1462 1704
1462 1782
1462 1787
1462 1865
1463 1659
1463 1693
1463 1817
1464 1755
1464 1811
1464 1966
1465 1901
1465 1921
1466 1506
1466 1536
1466 1634
1469 1816
1469 1999
1470 1780
1470 1815
1470 1868
1471 1624
1471 1843
1471 1976
1472 1716
1472 1968
1472 1970
1473 1817
1473 1839
1473 1845
1474 1850
1474 1877
1475 1912
1475 1913
1476 1476
1476 1560
1477 1615
1477 1742
1477 1792
1478 1903
1479 1614
1479 1626
1479 1913
1480 1614
1481 1708
1481 1902
1482 1494
1482 1873
1483 1701
1484 1630
1484 1726
1484 1805
1484 1991
1485 1626
1485 1909
1485 1995
1486 1544
1486 1712
1487 1725
1487 1800
1488 1666
1488 1884
1488 1894
1490 1774
1490 1934
1491 1681
1491 1804
1491 1825
1491 1877
1492 1638
1492 1764
1494 1626
1494 1706
1494 1873
1494 1900
1497 1863
1498 1616
1498 1712
1499 1852
1499 1952
1500 1649
1500 1653
1500 1799
1500 1839
1500 1980
1501 1574
1501 1676
1501 1707
1501 1729
1502 1845
1502 1928
1503 1604
1503 1644
1504 1609
1504 1930
1505 1689
1506 1526
1507 1601
1507 1603
1507 1977
1507 1992
1508 1561
1508 1859
1508 1870
1509 1886
1509 1916
1509 1981
1511 1535
1512 1668
1512 1688
1513 1588
1513 1946
1513 1985
1514 1526
1514 1565
1514 1676
1514 1699
1515 1586
1515 1723
1515 1782
1516 1604
1516 1839
1516 1922
1516 1933
1517 1539
1517 1824
1517 1836
1518 1740
1518 1910
1518 1998
1519 1603
1519 1881
1519 1999
1520 1555
1522 1786
1522 1909
1523 1582
1524 1619
1524 1844
1524 1960
1524 1982
1525 1609
1525 1796
1525 1943
1526 1536
1526 1571
1526 1734
1526 1745
1527 1613
1528 1986
1529 1599
1530 1700
1530 1761
1530 1802
1530 1917
1531 1666
1531 1909
1532 1597
1532 1824
1533 1971
1534 1617
1534 1800
1534 1908
1535 1796
1535 1797
1536 1728
1536 1986
1539 1611
1540 1591
1541 1983
1542 1589
1542 1775
1543 1674
1543 1790
1545 1640
1545 1685
1545 1751
1547 1638
1547 1847
1548 1977
1549 1658
1549 1785
1549 1818
1549 1822
1551 1603
1551 1713
1551 1857
1552 1704
1552 1773
1553 1599
1553 1626
1554 1895
1555 1600
1555 1767
1556 1575
1556 1584
1556 1637
1556 1799
1556 1868
1556 1992
1557 1721
1557 1819
1557 1952
1557 1989
1557 1991
1558 1718
1560 1574
1560 1585
1560 1631
1562 1658
1562 1807
1563 1609
1563 1982
1564 1851
1565 1835
1565 1845
1566 1570
1566 1624
1566 1654
1566 1826
1566 1831
1566 1858
1566 1882
1566 1955
1567 1702
1567 1808
1568 1777
1569 1921
1571 1685
1571 1692
1572 1871
1572 1946
1573 1861
1574 1639
1574 1655
1575 1622
1576 1615
1576 1668
1576 1687
1577 1696
1577 1937
1578 1700
1578 1952
1579 1607
1579 1631
1579 1665
1579 1952
1581 1606
1581 1824
1581 1956
1582 1736
1582 1761
1582 1826
1582 1986
1582 1998
1583 1678
1583 1742
1583 1838
1583 1843
1585 1802
1586 1891
1587 1617
1587 1949
1588 1758
1588 1834
1589 1599
1590 1655
1591 1837
1591 1899
1591 1940
1592 1631
1593 1657
1594 1991
1595 1624
1596 1975
1597 1739
1597 1900
1598 1640
1598 1687
1598 1852
1599 1623
1599 1677
1599 1721
1599 1820
1600 1666
1600 1726
1601 1868
1602 1737
1602 1812
1602 1918
1603 1618
1603 1717
1603 1725
1603 1908
1604 1704
1604 1754
1604 1969
1605 1718
1605 1793
1606 1790
1606 1901
1608 1614
1608 1828
1608 1843
1610 1811
1610 1908
1610 1982
1611 1832
1611 1962
1612 1862
1614 1646
1614 1730
1614 1746
1616 1624
1616 1706
1616 1833
1617 1852
1618 1858
1618 1914
1619 1646
1619 1866
1619 1997
1620 1628
1620 1668
1620 1811
1621 1858
1622 1771
1624 1941
1627 1630
1627 1965
1628 1691
1628 1904
1629 1715
1629 1724
1629 1823
1630 1639
1630 1960
1630 1984
1631 1717
1635 1909
1637 1764
1637 1858
1637 1949
1640 1858
1641 1777
1641 1796
1641 1982
1643 1670
1644 1679
1644 1736
1644 1900
1645 1757
1647 1753
1647 1949
1648 1843
1649 1918
1650 1743
1651 1675
1651 1820
1652 1846
1652 1891
1652 1993
1653 1838
1653 1930
1655 1825
1655 1979
1656 1897
1656 1982
1657 1737
1658 1701
1658 1737
1658 1940
1659 1712
1660 1797
1663 1682
1665 1672
1666 1729
1666 1798
1667 1685
1667 1846
1668 1953
1670 1867
1671 1752
1671 1976
1672 1753
1672 1820
1673 1992
1674 1713
1674 1805
1674 1954
1675 1681
1676 1695
1676 1706
1676 1990
1677 1758
1679 1876
1679 1981
1683 1997
1685 1744
1685 1817
1686 1998
1687 1689
1687 1908
1688 1733
1688 1791
1689 1695
1690 1738
1691 1717
1691 1861
1691 1886
1691 1891
1691 1932
1692 1839
1692 1910
1694 1704
1694 1754
1694 1854
1694 1995
1696 1721
1696 1849
1697 1705
1697 1868
1697 1882
1700 1761
1700 1865
1701 1747
1701 1837
1701 1986
1705 1994
1706 1800
1706 1915
1707 1802
1707 1881
1708 1758
1708 1808
1708 1941
1710 1712
1710 1731
1710 1932
1710 1990
1712 1845
1713 1730
1713 1738
1713 1861
1716 1965
1718 1720
1718 1804
1718 1884
1718 1921
1721 1740
1721 1766
1721 1822
1722 1766
1722 1822
1723 1831
1724 1864
1725 1883
1726 1819
1726 1961
1727 1804
1729 1847
1731 1894
1731 1956
1732 1764
1733 1904
1734 1749
1734 1787
1734 1885
1736 1877
1737 1783
1738 1785
1740 1974
1742 1758
1744 1787
1744 1902
1745 1785
1745 1810
1745 1939
1746 1908
1746 1989
1749 1936
1751 1810
1751 1944
1752 1984
1752 1987
1754 1759
1754 1873
1755 1764
1756 1971
1757 1851
1757 1859
1759 1837
1761 1846
1761 1861
1762 1846
1762 1917
1763 1928
1764 1920
1765 1989
1766 1854
1769 1833
1771 1798
1772 1857
1772 1944
1773 1808
1773 1865
1774 1806
1774 1825
1775 1805
1775 1816
1775 1890
1775 1954
1775 1978
1778 1878
1780 1805
1780 1817
1780 1849
1782 1928
1786 1882
1786 1973
1787 1792
1788 1926
1789 1847
1790 1804
1790 1852
1791 1838
1791 1950
1792 1808
1795 1997
1797 1821
1798 1826
1798 1903
1799 1808
1800 1833
1800 1912
1802 1858
1805 1851
1805 1979
1806 1818
1810 1921
1811 1907
1812 1850
1812 1951
1813 1913
1813 1997
1815 1829
1817 1844
1817 1888
1817 1914
1817 1962
1818 1835
1819 1874
1819 1898
1822 1956
1823 1840
1823 1934
1827 1942
1828 1984
1832 1938
1833 1994
1835 1943
1836 1879
1837 1898
1838 1840
1841 1953
1842 1906
1842 1932
1844 1905
1845 1845
1845 1949
1846 1858
1846 1864
1851 1856
1851 1907
1851 1998
1853 1979
1861 1891
1861 1972
1867 1898
1874 1906
1875 1915
1876 1936
1878 1993
1879 1887
1879 1892
1881 1983
1882 1954
1883 1904
1883 1928
1885 1902
1892 1929
1893 1952
1894 1995
1898 1934
1904 1915
1907 1935
1910 1926
1915 1990
1919 1954
1924 1991
1926 1952
1928 1951
1931 1952
1932 1940
1933 1989
1935 1986
1936 1963
1938 1996
1939 1980
1942 1975
1960 1966
1974 1996
