2000
0 705
0 941
0 1226
1 153
1 393
1 653
1 984
2 389
2 1512
2 1650
2 1715
2 1775
3 727
3 983
3 1051
3 1753
4 951
4 1017
4 1182
4 1382
4 1822
5 256
5 266
5 1834
6 62
6 291
6 1517
6 1970
6 1987
7 254
7 471
7 611
7 1356
7 1883
8 620
8 785
8 1221
9 856
9 1139
9 1520
9 1910
10 482
10 628
10 839
11 341
11 938
11 1359
12 280
12 588
12 1093
12 1100
12 1301
12 1749
12 1845
13 724
14 411
14 1442
14 1458
14 1501
14 1523
15 1345
15 1374
16 311
16 534
16 1268
16 1508
16 1681
17 1563
17 1833
17 1839
18 390
18 476
18 522
18 796
18 842
18 859
19 120
19 377
19 1956
20 370
20 564
20 1312
20 1559
21 55
21 529
21 847
21 1178
21 1291
21 1564
21 1654
22 182
22 224
22 740
22 1735
22 1975
23 1280
23 1863
23 1955
24 927
24 1234
25 119
25 192
25 713
26 335
26 1988
27 1637
27 1845
28 288
28 498
28 745
28 1055
28 1292
28 1603
28 1692
29 80
29 353
29 1129
29 1434
29 1467
29 1496
29 1601
29 1641
29 1657
29 1877
29 1982
30 186
30 1064
30 1246
31 803
31 1055
31 1151
31 1299
31 1621
31 1669
31 1753
32 1608
32 1637
33 394
33 505
33 1342
33 1673
33 1986
34 204
34 721
34 810
34 1636
35 278
35 761
35 1089
35 1524
36 167
36 278
37 1789
37 1906
38 170
38 211
38 248
38 386
38 720
38 746
39 544
39 557
39 1946
40 170
40 718
40 1101
40 1202
40 1256
40 1411
40 1621
40 1946
41 170
41 430
41 556
41 733
41 760
41 1102
41 1309
41 1686
41 1705
41 1765
42 111
42 792
42 1410
42 1500
43 1561
43 1887
44 189
44 726
44 1225
44 1453
44 1704
45 487
45 578
45 636
45 1125
45 1172
45 1637
46 980
46 1032
46 1942
46 1968
47 686
47 811
47 1133
48 962
48 1112
48 1277
48 1480
48 1496
48 1519
48 1768
49 154
49 614
49 1388
50 366
50 1454
50 1991
51 89
51 112
51 526
51 733
51 1520
52 84
52 738
52 943
52 1838
52 1966
53 182
53 536
53 1578
54 61
54 303
54 388
54 735
54 1227
54 1634
54 1665
54 1726
55 470
55 623
56 1287
57 231
57 770
57 1218
58 364
58 435
58 1606
58 1730
59 346
59 1253
59 1649
59 1680
60 1336
60 1555
61 388
61 805
61 1166
61 1449
61 1955
62 1072
62 1309
63 646
63 1827
64 101
64 109
64 385
64 406
64 465
64 515
64 1810
65 172
65 348
65 926
65 1209
65 1568
65 1809
66 1357
66 1496
67 343
67 720
67 912
67 954
67 1389
67 1602
68 264
69 210
69 374
69 539
69 966
69 1487
69 1514
69 1824
70 387
70 1063
70 1514
71 228
71 467
71 784
71 946
71 1100
71 1519
71 1579
71 1637
71 1707
72 441
72 455
72 602
72 802
72 827
72 923
72 1484
73 85
73 636
73 1214
73 1281
73 1561
74 1922
75 763
75 771
75 1434
75 1931
76 416
76 825
76 865
77 259
77 508
77 522
78 674
78 825
78 1255
79 969
79 1392
80 462
80 486
80 905
80 1367
80 1445
80 1610
80 1955
80 1961
81 1360
81 1528
83 156
83 685
83 890
83 1794
84 1397
85 209
85 561
85 1652
85 1912
86 134
86 143
86 1753
87 271
87 338
87 1131
87 1467
88 1057
88 1212
88 1798
88 1991
89 683
90 1233
90 1331
90 1748
91 650
91 1778
92 175
92 179
92 951
92 1409
93 981
93 1274
93 1990
94 115
94 1759
95 304
95 417
95 600
95 642
95 1956
96 1308
97 196
97 199
97 630
97 1610
98 197
98 904
98 1897
99 423
99 1001
99 1207
99 1343
100 182
100 257
100 808
100 1294
100 1357
100 1556
101 1239
101 1416
102 515
102 516
102 1398
102 1886
103 121
103 712
103 816
103 880
103 1566
104 613
104 1555
104 1593
104 1663
104 1915
105 370
105 439
105 796
105 1212
105 1346
105 1388
105 1426
106 238
106 499
106 668
106 1343
106 1483
107 634
107 1397
107 1777
107 1899
108 521
108 1124
108 1179
108 1268
108 1330
109 523
109 1276
109 1534
109 1772
110 115
110 266
110 1793
110 1835
111 270
111 282
111 1513
112 637
112 839
113 163
113 758
113 784
113 1095
113 1145
113 1188
113 1551
114 953
114 1007
114 1065
114 1535
114 1625
114 1666
114 1780
115 125
115 268
115 337
115 374
115 512
115 1763
116 1500
116 1921
117 431
117 1562
118 731
118 939
118 1864
119 267
119 1073
119 1324
119 1544
120 205
120 628
120 743
120 838
120 933
120 1000
120 1031
120 1991
121 1268
122 479
122 644
122 1387
122 1842
123 1229
123 1500
124 531
124 543
124 1182
124 1296
125 391
126 272
126 274
127 1456
128 1002
128 1056
128 1376
129 1745
130 143
130 290
130 1182
130 1340
130 1663
130 1723
130 1799
131 242
131 297
131 416
131 1335
132 244
132 526
132 1052
132 1202
132 1360
134 367
134 419
134 1403
135 1102
135 1199
136 1330
136 1730
137 480
137 481
137 520
137 777
137 1447
137 1797
137 1861
137 1922
138 281
139 836
139 1115
139 1636
140 347
140 1091
140 1241
140 1360
140 1387
140 1877
141 556
141 1349
141 1616
141 1626
141 1658
141 1932
142 414
142 914
142 1100
143 269
143 383
143 1134
143 1406
143 1454
144 192
144 546
144 806
144 1158
145 437
145 1247
146 469
146 913
146 988
146 1059
146 1637
146 1822
147 697
147 952
147 961
147 1039
147 1724
148 773
148 1255
148 1985
149 1917
150 231
150 281
150 1308
150 1515
150 1877
150 1939
150 1954
151 356
151 582
151 1088
151 1214
151 1806
151 1909
152 154
152 1009
152 1850
153 1092
153 1203
153 1579
153 1611
153 1625
153 1811
154 933
154 963
154 1101
154 1250
154 1572
155 249
155 890
155 1143
155 1488
156 403
156 691
156 967
156 1037
156 1273
156 1470
156 1500
156 1699
157 405
157 1476
158 633
158 813
158 1155
158 1824
159 228
159 422
159 452
159 1046
159 1122
159 1237
160 368
160 1417
161 767
161 957
161 1261
161 1319
161 1876
161 1989
162 703
162 1057
162 1781
163 249
163 686
163 1462
163 1527
163 1963
164 395
164 1214
164 1382
165 189
165 1179
165 1417
166 598
166 732
166 1726
167 379
168 1571
169 575
169 712
169 793
169 873
169 1058
169 1177
169 1577
169 1795
170 225
170 407
170 1852
171 242
171 854
171 1016
171 1540
172 399
172 1385
172 1556
172 1694
172 1992
173 525
173 551
173 647
173 725
173 1622
174 286
174 426
174 490
174 678
174 879
174 987
175 251
175 455
175 1370
175 1661
175 1836
176 714
176 1483
176 1778
176 1796
176 1861
177 428
177 952
177 1698
177 1821
178 736
178 1189
178 1227
178 1659
179 316
179 399
179 533
179 1836
180 951
180 1283
180 1433
180 1679
180 1839
181 618
181 799
181 1926
182 561
182 1158
182 1186
182 1189
183 609
183 721
183 805
183 826
183 843
183 888
183 1111
183 1207
183 1641
183 1764
184 414
184 990
184 1116
184 1243
184 1501
184 1523
184 1852
185 573
185 918
185 1260
185 1535
186 193
186 790
186 1800
188 1016
188 1070
188 1636
189 548
190 320
190 1267
190 1612
191 835
191 1486
191 1556
191 1904
192 487
192 926
192 1493
192 1588
192 1880
192 1949
193 585
193 713
193 774
193 1336
193 1450
193 1635
193 1849
194 661
194 1975
195 256
195 1770
196 531
196 721
196 877
196 904
196 1021
197 262
197 418
197 1339
197 1963
198 426
198 782
198 896
198 1238
199 1332
199 1875
200 218
200 829
200 1418
201 776
201 1132
201 1294
201 1367
201 1964
202 784
202 1301
202 1467
203 996
205 276
205 283
205 525
205 599
205 905
205 990
205 1424
206 326
206 578
206 687
206 729
206 1174
207 575
207 683
207 992
208 1566
208 1880
208 1978
209 1592
209 1665
209 1926
210 223
210 263
210 692
210 1982
211 1176
211 1470
211 1502
212 398
213 306
213 335
213 802
213 1285
213 1551
213 1828
214 325
214 1175
214 1587
214 1684
215 1129
215 1136
215 1261
216 410
216 1738
216 1774
217 799
217 1312
217 1746
217 1779
217 1899
218 1123
218 1668
218 1826
218 1856
219 1412
220 1026
220 1660
220 1763
221 276
221 289
221 310
221 1348
222 351
222 802
222 1276
222 1510
222 1522
223 352
223 567
223 692
223 902
223 1467
223 1765
224 561
224 1224
225 496
225 711
225 1255
225 1900
226 681
226 1182
226 1307
226 1622
226 1674
226 1794
227 1044
227 1169
227 1248
227 1404
228 290
228 701
228 1444
229 1497
230 433
230 493
230 838
230 881
230 983
230 1404
230 1555
230 1734
230 1770
230 1781
231 467
231 1741
231 1789
231 1792
231 1946
232 1484
232 1506
232 1531
233 346
233 397
233 1597
234 426
234 439
234 1512
234 1737
234 1875
235 465
235 620
235 1513
235 1811
236 1122
236 1210
237 941
237 953
237 1039
237 1943
238 480
238 613
238 710
238 860
238 1759
239 305
239 513
239 589
239 806
239 1304
240 630
240 1645
240 1952
241 241
241 550
241 1074
241 1114
242 820
242 975
242 1070
242 1454
242 1691
242 1897
243 550
243 1032
243 1982
244 294
244 1306
244 1617
244 1930
246 279
246 800
246 1222
247 1044
247 1664
248 590
248 1133
248 1422
248 1558
249 300
249 723
249 1271
249 1375
250 348
250 1191
250 1662
251 1524
252 1053
252 1143
252 1325
253 1018
254 1142
254 1402
254 1438
254 1453
254 1785
254 1794
255 718
255 839
255 1218
255 1359
256 487
256 1676
257 604
257 924
257 1503
257 1554
257 1721
257 1912
258 787
258 1407
258 1736
259 821
259 889
259 1392
259 1461
260 1083
260 1824
261 581
261 583
261 818
261 1239
261 1500
262 285
262 351
262 766
262 1053
262 1353
262 1372
262 1850
263 597
263 776
263 1053
263 1629
264 468
264 766
264 798
264 1069
264 1392
264 1789
265 789
265 1061
265 1199
266 313
266 431
266 506
266 535
266 549
266 1298
267 288
267 375
267 476
267 825
267 1042
267 1122
267 1168
267 1526
268 1719
268 1876
269 1356
269 1532
269 1962
270 319
270 879
270 956
270 1612
270 1683
270 1761
271 364
271 399
271 453
271 590
271 718
271 1196
272 968
272 1351
272 1981
273 974
273 1034
273 1358
273 1645
274 304
274 1206
275 313
275 790
275 949
275 1245
275 1509
276 288
276 423
276 796
276 1058
276 1412
276 1433
276 1675
277 298
277 1280
277 1298
278 412
278 1077
278 1233
278 1273
278 1513
278 1820
279 483
279 841
279 1152
279 1218
279 1813
280 1794
281 1891
281 1970
282 461
282 1335
282 1450
282 1494
283 516
283 870
283 1041
283 1066
283 1246
284 521
284 1058
284 1283
284 1448
284 1921
285 1128
285 1460
285 1511
286 699
286 721
286 1485
286 1583
287 963
287 1114
287 1150
287 1394
287 1565
288 817
288 932
288 1508
289 1489
289 1872
290 1019
290 1896
291 674
291 698
291 1346
291 1514
292 764
292 997
292 1189
292 1257
292 1396
292 1603
293 555
293 846
293 1521
293 1728
294 846
294 1485
294 1955
295 808
295 853
296 423
296 474
296 681
296 1844
298 555
298 573
298 721
298 732
299 1477
299 1884
300 635
300 681
300 1233
300 1751
301 643
301 804
301 1637
301 1654
301 1910
302 671
302 826
302 985
302 1192
302 1445
303 1072
304 459
304 660
304 754
304 827
304 1475
304 1901
305 638
305 1014
305 1837
306 1497
306 1542
306 1713
307 504
307 577
307 686
307 812
307 1206
307 1376
307 1770
308 382
308 627
308 1431
309 461
309 546
309 827
309 1974
310 344
310 578
310 657
310 1213
310 1719
310 1751
311 334
311 588
311 954
312 715
312 1075
312 1690
313 1157
313 1516
313 1644
314 335
314 458
314 931
314 939
314 1664
315 897
315 1010
315 1928
316 1751
317 957
317 1646
317 1733
318 420
318 459
318 544
318 1032
318 1153
318 1888
318 1952
319 1955
320 731
320 745
320 1553
321 589
321 766
321 1388
322 849
322 995
323 641
323 766
323 1186
323 1483
323 1854
324 351
324 1001
324 1281
324 1498
324 1525
325 1040
325 1366
325 1719
326 931
326 1040
326 1357
326 1375
327 433
327 837
327 1707
328 391
328 991
328 1308
328 1765
329 466
329 1572
330 442
330 924
330 1203
330 1690
330 1758
331 450
331 694
331 717
331 995
331 1451
331 1652
332 1333
332 1380
332 1610
333 1190
334 769
334 1074
334 1766
335 661
335 1120
335 1195
335 1424
335 1432
335 1591
335 1623
336 431
336 445
336 473
336 476
336 986
336 1660
336 1723
336 1845
337 472
337 798
337 1023
337 1244
338 404
338 578
338 639
338 1061
338 1087
338 1221
338 1321
339 895
339 947
340 375
340 414
340 1342
341 1653
342 1505
343 747
343 916
343 1267
343 1376
343 1722
343 1888
344 805
344 1700
345 818
345 969
345 1240
345 1413
346 897
346 1126
347 1496
347 1550
348 462
348 634
348 664
348 1200
348 1902
348 1985
349 1162
349 1415
350 367
350 1336
350 1832
350 1842
350 1927
351 935
351 1676
352 489
352 1149
352 1853
352 1873
353 496
353 930
353 1112
354 372
354 450
354 542
354 849
354 1030
355 1463
355 1568
355 1859
356 521
356 1289
356 1301
356 1423
356 1698
356 1960
357 456
357 576
357 1657
357 1681
357 1791
359 454
359 575
359 1467
359 1921
360 1000
360 1003
360 1024
360 1154
360 1605
360 1686
360 1735
360 1742
360 1760
361 560
362 403
362 1811
363 671
363 1602
364 600
364 1000
364 1393
365 503
365 1881
366 485
366 703
366 707
366 915
366 1455
366 1478
366 1934
367 369
367 760
367 1717
368 533
368 839
368 1648
369 779
369 1763
370 1517
371 690
371 1681
372 685
373 1045
373 1981
374 933
375 1258
375 1564
376 1172
376 1626
377 621
377 1073
378 623
378 1427
379 1142
379 1274
379 1934
380 1341
380 1448
380 1477
381 463
381 754
381 812
381 946
382 865
382 898
382 1400
382 1454
382 1641
382 1771
382 1773
382 1836
383 456
383 1537
383 1583
384 1432
385 443
385 830
385 1342
385 1481
385 1775
386 543
386 644
386 904
386 1852
387 540
387 728
387 808
387 1295
387 1351
387 1660
387 1666
387 1847
388 828
388 1901
389 1466
389 1973
390 579
390 1242
390 1585
390 1713
390 1874
390 1933
391 1506
392 622
392 1667
392 1672
392 1965
393 1125
394 917
394 926
394 940
395 731
395 1609
395 1747
396 664
396 827
396 1575
396 1658
396 1831
397 548
397 1936
398 653
398 952
398 1027
398 1560
398 1859
399 530
399 655
399 1910
399 1943
400 508
400 1197
400 1330
400 1617
400 1722
400 1883
401 419
401 1305
401 1620
401 1915
402 448
402 871
402 932
402 946
402 1017
402 1213
403 719
403 906
404 448
404 1036
404 1206
404 1520
404 1952
405 1239
406 783
406 1852
406 1898
408 1469
408 1712
408 1792
409 569
409 598
409 1208
409 1776
410 553
411 1070
411 1165
411 1254
411 1832
412 453
412 477
412 569
412 1603
412 1682
413 524
413 538
413 611
413 859
413 1021
413 1086
413 1123
413 1741
413 1786
414 490
414 830
414 1416
415 677
415 1272
416 755
416 1490
417 1173
418 692
418 1084
419 498
419 829
420 932
420 976
420 1264
421 834
421 968
421 1709
422 446
422 451
422 1201
422 1710
423 666
423 1470
424 934
424 1525
424 1529
424 1855
425 1024
425 1143
425 1148
425 1655
425 1986
426 459
427 816
427 1552
427 1591
427 1624
427 1849
428 839
428 844
429 728
429 1043
429 1183
429 1674
430 1091
430 1117
430 1469
430 1492
430 1509
430 1559
430 1961
431 976
431 1236
431 1691
432 461
432 842
432 1166
432 1224
432 1878
433 1314
433 1821
434 834
434 1035
435 1157
436 1783
436 1840
436 1852
437 685
437 1634
437 1987
438 1408
438 1428
439 789
439 1373
439 1623
439 1807
441 929
441 979
441 1094
442 835
442 1004
443 452
443 728
444 583
444 609
445 470
445 803
445 911
445 1119
445 1228
445 1605
445 1686
445 1996
446 1712
447 1345
447 1639
447 1645
447 1715
448 743
448 998
448 1865
449 903
449 1360
449 1440
449 1929
450 837
451 750
452 511
452 794
452 853
452 1537
453 814
453 943
453 1027
453 1260
453 1329
453 1530
453 1655
453 1987
455 658
455 910
455 940
455 1091
455 1427
455 1458
456 1449
457 1003
457 1546
458 531
458 693
458 1395
458 1708
459 1409
459 1789
460 1399
460 1551
460 1655
460 1674
461 1466
461 1625
462 523
462 655
462 717
462 1488
463 1064
463 1339
463 1580
464 986
464 1340
464 1803
465 586
466 1154
466 1256
466 1517
466 1713
467 964
467 1247
467 1980
468 962
468 1037
468 1306
468 1680
469 868
469 956
469 1882
469 1966
470 662
470 824
470 1227
470 1278
470 1436
471 1266
472 752
473 714
473 719
473 797
474 1183
474 1208
474 1642
474 1654
474 1859
475 994
475 1413
475 1763
476 1380
476 1479
477 645
477 1687
477 1738
478 601
478 627
478 735
478 844
478 984
478 1375
478 1472
478 1944
479 1363
480 826
480 1886
480 1993
481 1032
482 693
482 724
482 918
482 1225
482 1900
482 1943
482 1999
483 1493
483 1651
483 1846
483 1976
483 1980
484 1147
484 1173
485 1157
485 1420
485 1906
485 1960
486 952
487 1436
488 972
489 1849
489 1929
490 1148
490 1179
490 1219
490 1940
491 630
491 1581
493 1359
493 1804
494 998
494 1046
495 1049
495 1100
496 934
496 1110
496 1205
496 1573
497 1430
497 1516
498 1480
498 1779
499 807
499 1210
499 1613
500 578
500 858
501 864
501 901
501 1398
502 597
502 845
503 677
503 1112
503 1456
504 881
504 903
504 1387
504 1586
505 757
505 1179
505 1683
505 1762
505 1770
505 1818
505 1840
507 1235
508 648
508 1027
508 1248
508 1353
508 1602
508 1660
508 1707
509 675
509 1051
509 1073
509 1450
509 1860
510 1128
510 1178
510 1370
510 1516
510 1626
511 798
511 987
512 684
512 756
512 1102
512 1402
513 693
514 1676
514 1829
514 1830
514 1868
515 1124
515 1554
515 1556
516 668
516 792
517 803
517 1473
517 1549
518 685
518 826
518 1520
518 1536
519 978
519 1091
519 1173
519 1736
520 565
520 676
520 1836
521 695
522 1282
522 1879
523 1089
524 558
524 1346
525 1059
525 1635
525 1748
525 1957
526 949
526 1074
526 1144
526 1594
526 1612
527 1915
528 604
528 1000
528 1010
528 1176
528 1216
528 1557
528 1870
529 683
529 764
529 1319
529 1465
529 1723
529 1805
530 784
530 944
530 1095
530 1494
530 1989
531 602
531 1321
531 1611
532 1323
532 1579
532 1757
533 1284
533 1914
534 1054
534 1650
534 1943
535 1262
536 777
536 1758
537 807
537 1448
537 1573
537 1638
538 1016
539 1125
539 1618
539 1804
540 1043
540 1054
540 1223
540 1326
540 1789
540 1961
541 932
542 1576
542 1875
543 617
543 1128
543 1296
543 1388
543 1644
543 1731
544 1822
545 1158
545 1225
545 1467
545 1554
545 1660
546 654
546 903
546 1129
546 1605
546 1686
547 778
547 1754
548 939
548 1462
548 1463
548 1582
549 1135
550 821
550 1137
550 1417
550 1933
551 764
551 1390
551 1397
551 1621
552 628
552 687
552 837
552 1273
552 1296
552 1314
552 1483
552 1992
554 677
554 685
554 1382
554 1538
554 1543
554 1544
555 771
555 795
555 918
555 1389
555 1600
555 1674
556 695
556 710
556 955
556 1521
556 1541
556 1678
556 1918
556 1962
557 1118
557 1201
557 1372
558 665
558 1331
558 1782
559 626
559 1077
559 1453
560 566
560 1855
561 688
561 694
561 1264
561 1307
561 1692
562 720
562 816
562 1103
563 1971
564 1007
564 1396
564 1461
564 1548
565 1258
565 1384
565 1700
566 1734
567 923
567 1674
567 1683
567 1990
568 1313
569 768
569 1291
570 952
570 988
570 1659
571 814
571 874
571 1312
571 1727
571 1810
572 1033
572 1690
573 788
573 1197
573 1492
574 1084
574 1110
574 1726
575 1101
575 1444
575 1668
575 1690
576 677
576 1450
577 996
577 1203
577 1235
577 1492
577 1679
578 1150
578 1231
579 595
579 1630
579 1694
579 1700
579 1717
579 1777
580 610
580 719
580 839
580 1040
580 1489
580 1493
581 600
581 996
581 1386
582 718
582 1669
583 607
583 1205
583 1257
583 1332
583 1466
584 1123
584 1370
584 1832
584 1976
585 805
585 1043
585 1098
585 1196
585 1761
585 1799
586 1163
586 1398
586 1751
586 1826
587 789
587 1687
587 1862
588 1175
588 1289
588 1577
588 1981
589 1335
589 1381
589 1613
590 1764
591 850
592 607
592 694
592 1137
592 1164
592 1334
592 1829
593 844
593 944
593 1769
593 1947
595 864
595 1242
595 1801
595 1933
596 869
596 1019
596 1076
596 1677
597 667
597 1284
598 791
598 958
598 1247
598 1513
598 1949
599 627
599 762
599 1317
599 1413
600 1172
600 1371
601 1923
602 925
602 962
602 1040
604 963
604 1442
605 742
605 1151
605 1555
605 1956
606 884
606 1037
606 1139
606 1904
607 760
607 953
607 1121
607 1187
607 1572
607 1812
607 1872
608 630
608 977
608 1391
608 1956
609 834
609 1435
609 1446
609 1452
610 1664
610 1969
611 1186
611 1223
611 1372
611 1440
611 1670
612 868
613 851
613 1100
614 738
614 752
614 911
614 1019
615 776
615 1418
615 1880
616 1181
616 1263
616 1433
616 1738
617 1514
617 1563
618 700
618 920
618 938
618 1132
619 893
620 1157
620 1605
620 1722
620 1730
621 991
621 1069
621 1220
621 1906
622 862
622 983
622 1259
623 805
623 890
623 1064
624 1657
625 1428
625 1524
625 1930
626 879
626 992
626 1106
626 1398
626 1586
626 1808
627 693
627 830
627 1164
627 1251
627 1446
627 1592
628 757
628 1936
629 684
629 1092
629 1129
629 1347
630 1239
630 1540
631 1012
631 1113
631 1208
631 1393
631 1697
632 1181
632 1259
632 1359
633 700
633 1246
633 1731
634 690
634 731
634 898
634 1261
635 1408
636 1559
636 1825
637 1314
637 1692
638 1726
638 1730
639 915
639 983
639 1006
639 1163
639 1280
639 1440
641 694
641 925
641 1809
642 1102
642 1937
643 879
643 1219
643 1295
643 1917
644 999
644 1444
644 1899
645 1336
645 1348
645 1409
645 1520
646 1115
646 1120
647 888
647 957
647 1823
647 1917
648 1457
649 770
649 1728
649 1869
650 1165
650 1167
651 912
651 1068
651 1615
652 1037
652 1544
652 1769
652 1772
653 1646
653 1844
654 684
654 707
654 770
654 1549
655 784
656 941
656 1162
656 1849
657 836
657 1308
657 1442
658 936
658 1131
658 1308
658 1693
658 1715
658 1794
659 1165
659 1554
659 1576
659 1783
660 956
661 1604
661 1794
662 899
663 879
663 1105
663 1887
664 1353
664 1552
664 1675
664 1752
664 1806
665 729
665 950
665 1118
665 1490
665 1834
666 670
666 1540
666 1666
667 1405
667 1601
667 1719
668 1192
668 1459
668 1521
668 1610
668 1637
668 1913
669 814
669 1098
669 1888
671 1672
672 961
672 1147
672 1869
672 1899
673 815
673 1109
673 1853
675 818
675 1365
676 1043
676 1356
676 1759
678 792
678 1204
678 1361
678 1597
678 1899
679 1480
680 1078
680 1761
680 1906
681 690
681 777
681 908
681 1262
681 1343
681 1871
682 1159
682 1234
682 1804
683 1399
683 1445
683 1681
685 713
685 976
685 1160
685 1568
685 1582
686 1004
686 1270
686 1614
687 1448
687 1778
687 1840
688 706
688 736
688 1044
688 1330
689 837
689 875
689 1078
689 1214
689 1615
690 1049
690 1735
691 721
691 1863
691 1956
692 1227
692 1853
693 848
694 969
695 1025
695 1134
695 1402
695 1506
695 1750
696 702
696 1570
696 1791
697 1047
697 1171
698 1427
699 733
699 1426
700 1210
700 1901
701 793
701 1385
702 1562
703 734
703 782
703 1258
704 1105
704 1319
705 945
705 1293
705 1330
705 1437
705 1805
706 1045
706 1520
706 1788
707 944
707 1326
707 1632
708 963
708 1285
708 1531
710 1011
710 1738
711 1973
712 1386
712 1768
713 782
713 783
713 836
713 1217
714 1770
714 1808
715 731
715 790
715 1104
715 1552
716 1629
716 1752
716 1917
717 1499
719 1101
719 1297
719 1417
719 1514
720 807
720 840
720 991
720 1096
720 1456
721 863
722 1057
722 1245
722 1705
723 816
723 1451
723 1757
724 1114
724 1188
725 1349
725 1408
726 1190
726 1505
726 1568
727 1387
728 878
728 1167
728 1696
728 1839
728 1952
729 968
729 1712
731 854
731 973
731 1246
732 1206
732 1515
732 1819
732 1851
733 1650
734 1055
734 1084
734 1293
735 781
735 876
735 927
736 1071
736 1195
736 1199
736 1321
737 1090
737 1686
737 1976
738 1379
738 1445
738 1755
739 1076
739 1475
739 1673
739 1725
740 787
740 961
740 1537
740 1588
740 1651
740 1767
741 1790
742 1561
743 813
743 1519
743 1885
744 1211
744 1369
744 1689
744 1873
745 954
745 1576
746 964
746 1013
746 1502
746 1987
747 823
747 1265
747 1801
747 1811
747 1894
747 1974
748 1371
749 1510
749 1568
750 954
750 1074
750 1867
751 880
752 904
752 1979
753 972
754 1175
754 1375
754 1535
755 904
756 1244
756 1475
757 981
757 1036
757 1714
758 1445
758 1492
759 777
759 1145
759 1717
759 1790
759 1828
760 1579
761 1507
762 1362
762 1513
762 1600
762 1921
764 1121
764 1229
764 1263
764 1545
765 1366
766 843
766 1619
766 1980
767 1489
767 1861
767 1992
768 894
768 1264
768 1681
768 1886
768 1943
769 1327
769 1471
769 1742
770 808
771 983
771 1216
771 1798
771 1848
772 1193
772 1666
773 836
773 868
773 1805
775 1527
776 1225
776 1343
776 1730
777 1227
777 1283
777 1565
778 855
778 949
778 1122
778 1318
778 1480
778 1481
779 1348
780 791
780 1629
780 1649
782 785
783 1582
783 1693
783 1873
784 897
785 821
785 1512
786 874
787 1282
787 1294
787 1482
788 1473
788 1762
789 1875
790 869
790 1883
790 1998
791 1110
791 1852
792 1531
793 1424
793 1592
794 1438
794 1755
795 1906
795 1998
796 1207
796 1465
796 1663
796 1711
798 1182
798 1254
799 1571
799 1678
799 1717
799 1887
800 946
800 1180
800 1576
800 1671
801 1724
801 1889
803 1658
803 1982
804 1048
804 1532
804 1842
805 901
805 1375
805 1428
806 863
806 1729
808 1366
808 1735
808 1834
810 1544
810 1594
811 1793
812 1121
812 1311
812 1436
813 1307
813 1362
814 1022
815 1075
815 1752
816 1774
817 993
817 1466
817 1525
817 1543
817 1986
818 1061
818 1250
818 1515
818 1626
819 1222
820 1364
821 1281
822 1063
822 1793
823 1052
823 1916
824 1080
824 1176
824 1867
825 849
825 1897
827 1831
828 1054
828 1184
828 1278
828 1772
828 1994
829 1052
829 1185
830 1450
830 1717
831 1500
832 1342
832 1353
832 1633
832 1720
832 1874
833 857
833 1240
833 1710
834 996
834 1537
834 1930
835 1002
835 1205
835 1677
836 1870
837 865
837 1032
837 1729
837 1752
837 1790
837 1946
838 871
838 929
838 1626
838 1832
838 1907
839 893
839 894
840 1223
840 1242
840 1481
841 990
841 1257
842 924
843 1386
845 1347
846 1136
846 1148
846 1793
847 854
847 1250
847 1755
847 1897
848 1858
849 974
849 1029
849 1256
849 1478
849 1608
849 1888
850 1802
851 1447
851 1727
851 1816
851 1931
852 1099
852 1147
852 1234
853 882
853 1105
853 1471
854 1553
854 1874
854 1939
855 1593
855 1694
855 1944
856 1342
857 1583
858 1389
858 1494
858 1937
859 961
859 1004
859 1038
860 1343
860 1472
860 1494
860 1588
860 1830
861 1156
861 1367
863 1471
863 1504
863 1685
863 1732
864 1012
864 1394
864 1740
865 941
865 1560
866 1519
866 1899
866 1917
867 1373
868 1501
869 1720
869 1862
870 1131
870 1920
871 1584
872 1141
872 1534
872 1969
874 1086
874 1605
875 1186
875 1728
876 1342
876 1599
876 1694
877 1959
878 992
878 1263
878 1602
879 1439
879 1685
879 1766
879 1988
880 1541
880 1629
880 1957
881 1815
881 1824
882 981
882 1559
883 1367
884 1675
885 1826
886 892
886 1771
887 1519
887 1768
887 1945
888 1029
888 1173
888 1316
889 1969
890 958
890 1033
890 1419
891 925
891 999
891 1069
891 1318
891 1637
892 1039
892 1232
892 1579
893 1084
893 1209
893 1485
893 1654
893 1687
895 932
895 1537
896 1326
896 1603
897 1837
898 1132
898 1254
900 1593
901 1471
901 1934
902 1984
903 905
903 939
903 1193
904 1465
905 1214
905 1522
905 1710
905 1823
906 1799
907 1176
907 1720
908 1153
908 1528
908 1564
909 1010
909 1264
909 1634
909 1779
910 935
910 1583
911 1167
913 1168
914 1007
914 1310
914 1675
914 1849
915 976
915 1800
915 1895
916 1887
916 1991
917 1609
917 1848
918 1766
919 1050
919 1715
920 1749
921 1626
922 1229
922 1326
922 1764
922 1983
924 1039
926 1103
926 1339
926 1834
927 956
927 1501
927 1548
928 1102
928 1792
929 1180
930 1172
930 1496
930 1774
931 973
931 1410
931 1821
934 1281
934 1691
934 1959
935 1130
935 1521
935 1745
936 1861
936 1873
936 1886
937 1493
937 1565
938 945
938 1809
939 1229
939 1709
940 1345
942 1047
942 1048
942 1353
943 1007
943 1309
943 1860
944 1493
944 1562
944 1896
945 1158
945 1272
945 1576
945 1815
946 1332
946 1383
946 1422
946 1833
946 1858
947 1107
947 1158
947 1587
947 1672
951 1281
951 1728
951 1860
953 999
953 1294
953 1440
953 1560
954 1547
954 1954
955 1344
955 1682
956 1422
956 1605
957 1598
957 1653
958 1483
958 1651
959 1250
959 1500
959 1619
960 1792
961 985
961 1440
962 1336
964 1978
965 1521
965 1742
965 1860
966 1765
966 1805
967 1334
967 1724
968 1053
968 1692
968 1733
968 1972
970 1311
970 1330
970 1890
971 1182
972 1405
972 1423
972 1640
972 1928
973 1049
973 1585
973 1901
973 1976
976 1818
977 1058
977 1109
977 1177
977 1641
978 1105
980 1450
981 1140
981 1175
981 1191
981 1507
981 1821
982 1114
982 1213
983 1360
983 1609
983 1759
983 1981
984 1324
984 1647
984 1855
985 1303
986 1926
987 1481
987 1710
987 1796
989 1763
990 1299
990 1978
991 1038
992 1471
992 1997
993 1334
994 1506
995 1804
997 1707
997 1883
998 1012
998 1499
1000 1099
1001 1348
1002 1354
1002 1994
1003 1170
1003 1323
1003 1726
1003 1865
1004 1192
1004 1872
1004 1879
1004 1929
1005 1203
1005 1222
1005 1459
1006 1194
1007 1371
1008 1486
1008 1617
1008 1690
1008 1730
1008 1743
1009 1309
1009 1799
1009 1995
1011 1060
1011 1392
1011 1411
1012 1434
1012 1801
1012 1911
1013 1321
1013 1457
1013 1636
1013 1924
1014 1686
1014 1754
1015 1195
1015 1558
1016 1859
1017 1484
1017 1570
1018 1063
1018 1498
1019 1734
1019 1975
1020 1298
1020 1354
1020 1414
1020 1950
1021 1733
1021 1961
1022 1172
1022 1377
1022 1778
1023 1109
1023 1237
1023 1444
1023 1762
1023 1794
1024 1955
1025 1260
1025 1665
1025 1723
1025 1857
1026 1063
1027 1471
1028 1034
1028 1086
1028 1466
1028 1539
1028 1615
1029 1263
1029 1886
1031 1236
1031 1691
1032 1626
1033 1422
1034 1183
1034 1512
1034 1639
1034 1693
1035 1133
1035 1152
1036 1201
1037 1284
1037 1650
1037 1884
1038 1317
1038 1632
1039 1552
1039 1903
1040 1699
1040 1799
1041 1435
1042 1140
1042 1281
1042 1682
1043 1245
1043 1771
1044 1069
1045 1279
1045 1327
1045 1651
1046 1169
1046 1186
1046 1297
1046 1589
1046 1715
1046 1751
1047 1112
1048 1114
1048 1198
1048 1456
1048 1806
1048 1834
1048 1837
1049 1267
1049 1795
1050 1058
1050 1861
1050 1882
1051 1212
1051 1445
1052 1067
1053 1361
1053 1804
1058 1301
1058 1442
1061 1476
1061 1691
1061 1830
1063 1858
1064 1980
1065 1116
1065 1463
1066 1564
1066 1676
1067 1293
1067 1515
1067 1649
1068 1082
1069 1407
1070 1336
1071 1744
1072 1318
1072 1461
1072 1605
1072 1661
1072 1788
1073 1349
1074 1530
1075 1077
1075 1386
1075 1429
1076 1324
1077 1136
1078 1208
1079 1369
1079 1670
1079 1696
1081 1732
1082 1292
1083 1378
1083 1560
1086 1391
1086 1609
1087 1464
1087 1790
1088 1565
1089 1347
1089 1683
1090 1484
1090 1495
1090 1578
1090 1747
1090 1805
1091 1510
1091 1546
1091 1828
1092 1186
1092 1629
1093 1313
1093 1366
1093 1389
1093 1446
1094 1252
1095 1828
1096 1138
1096 1228
1096 1825
1097 1269
1097 1609
1098 1341
1098 1380
1098 1621
1099 1586
1100 1545
1100 1563
1100 1950
1102 1520
1103 1899
1104 1258
1104 1461
1105 1345
1105 1690
1106 1642
1107 1121
1107 1868
1108 1484
1108 1513
1109 1423
1109 1695
1110 1859
1110 1915
1113 1834
1115 1180
1115 1187
1115 1694
1116 1185
1116 1904
1118 1148
1118 1375
1118 1528
1118 1883
1120 1540
1121 1518
1123 1129
1123 1173
1123 1286
1123 1649
1123 1879
1124 1334
1124 1553
1124 1874
1125 1164
1126 1895
1127 1874
1128 1136
1129 1687
1129 1921
1130 1844
1130 1906
1130 1995
1132 1795
1132 1887
1133 1493
1133 1780
1133 1958
1134 1185
1134 1215
1134 1958
1135 1592
1136 1440
1136 1849
1138 1403
1138 1858
1139 1798
1140 1490
1141 1372
1143 1143
1143 1660
1144 1230
1144 1763
1144 1831
1146 1482
1146 1529
1147 1859
1148 1863
1149 1538
1149 1762
1149 1820
1153 1393
1153 1598
1153 1754
1154 1832
1155 1311
1155 1514
1155 1806
1155 1954
1156 1577
1156 1670
1156 1871
1157 1446
1158 1470
1158 1487
1158 1711
1159 1420
1159 1689
1159 1808
1160 1391
1161 1859
1164 1265
1164 1478
1164 1557
1165 1394
1165 1609
1166 1354
1166 1834
1166 1859
1167 1257
1167 1668
1167 1717
1167 1755
1169 1467
1169 1807
1169 1874
1170 1549
1170 1711
1171 1230
1173 1442
1173 1714
1173 1973
1174 1346
1174 1511
1174 1611
1174 1698
1175 1433
1175 1753
1176 1272
1176 1426
1176 1549
1177 1484
1177 1772
1178 1269
1178 1751
1178 1942
1179 1491
1181 1951
1182 1189
1182 1659
1184 1298
1184 1641
1185 1570
1185 1705
1185 1787
1186 1456
1186 1514
1186 1835
1187 1839
1187 1913
1188 1614
1188 1696
1190 1433
1190 1570
1192 1464
1193 1834
1193 1842
1194 1473
1194 1907
1195 1380
1195 1868
1196 1412
1196 1526
1197 1659
1198 1232
1198 1730
1198 1872
1198 1994
1199 1673
1199 1674
1199 1706
1199 1851
1200 1728
1200 1846
1201 1728
1202 1697
1202 1996
1203 1253
1203 1688
1205 1668
1205 1730
1206 1777
1207 1531
1207 1631
1207 1881
1209 1421
1209 1935
1210 1215
1210 1355
1211 1856
1211 1974
1212 1914
1213 1611
1213 1655
1213 1659
1213 1676
1213 1818
1213 1826
1213 1855
1214 1343
1214 1347
1214 1572
1214 1674
1214 1889
1215 1563
1215 1994
1216 1490
1216 1624
1216 1758
1216 1858
1217 1985
1218 1699
1218 1825
1218 1999
1219 1920
1220 1290
1220 1479
1220 1622
1221 1412
1221 1553
1221 1703
1223 1277
1224 1357
1225 1675
1225 1738
1225 1876
1226 1611
1226 1796
1226 1915
1227 1626
1227 1786
1227 1906
1227 1998
1228 1587
1229 1535
1229 1794
1230 1897
1231 1448
1231 1478
1231 1638
1232 1251
1232 1439
1232 1595
1233 1760
1234 1770
1235 1536
1236 1749
1236 1889
1236 1971
1237 1574
1238 1691
1238 1808
1238 1923
1239 1552
1239 1703
1240 1856
1240 1939
1241 1509
1241 1612
1241 1759
1241 1899
1242 1432
1242 1522
1242 1564
1242 1783
1243 1484
1243 1647
1244 1509
1245 1829
1247 1427
1249 1802
1249 1872
1250 1559
1252 1297
1252 1684
1253 1257
1253 1916
1254 1759
1257 1652
1258 1482
1262 1716
1262 1910
1264 1681
1265 1293
1265 1604
1266 1525
1267 1584
1268 1640
1268 1908
1269 1539
1269 1701
1270 1458
1273 1411
1273 1982
1274 1661
1275 1734
1276 1466
1276 1772
1278 1717
1279 1281
1280 1394
1281 1457
1282 1336
1283 1605
1285 1554
1285 1652
1285 1819
1285 1901
1285 1980
1287 1571
1287 1849
1289 1402
1289 1503
1289 1661
1289 1820
1290 1401
1292 1454
1293 1975
1294 1366
1295 1934
1295 1989
1296 1370
1296 1582
1297 1451
1297 1538
1298 1438
1298 1548
1298 1968
1299 1663
1299 1943
1300 1669
1301 1339
1302 1321
1305 1318
1305 1667
1306 1613
1306 1866
1306 1925
1307 1848
1310 1553
1312 1381
1312 1962
1313 1534
1313 1933
1313 1992
1314 1374
1314 1455
1317 1419
1317 1492
1317 1671
1317 1794
1318 1919
1321 1713
1321 1863
1322 1475
1322 1598
1322 1870
1322 1932
1323 1358
1323 1935
1324 1647
1324 1891
1325 1383
1325 1688
1326 1842
1326 1871
1326 1909
1326 1951
1327 1728
1327 1984
1329 1797
1330 1676
1331 1482
1331 1906
1331 1931
1334 1859
1336 1871
1336 1893
1338 1794
1340 1422
1341 1669
1342 1971
1342 1979
1344 1591
1345 1547
1347 1617
1347 1850
1348 1460
1348 1696
1348 1772
1348 1811
1348 1817
1349 1496
1350 1406
1350 1474
1351 1654
1352 1551
1352 1558
1352 1985
1354 1710
1355 1478
1356 1734
1358 1667
1360 1485
1360 1706
1361 1885
1362 1935
1364 1429
1364 1749
1365 1987
1366 1503
1366 1586
1367 1507
1367 1958
1369 1950
1370 1582
1372 1408
1372 1463
1372 1577
1373 1397
1373 1683
1373 1774
1374 1489
1375 1930
1376 1385
1376 1488
1376 1632
1378 1488
1379 1892
1380 1699
1380 1794
1382 1383
1384 1558
1384 1756
1384 1956
1385 1509
1386 1438
1386 1879
1388 1489
1388 1880
1389 1766
1389 1779
1390 1450
1390 1541
1390 1749
1390 1925
1391 1907
1392 1958
1394 1511
1394 1707
1395 1493
1395 1853
1395 1893
1396 1442
1396 1656
1398 1928
1399 1629
1400 1400
1400 1645
1401 1549
1402 1881
1403 1572
1403 1902
1403 1910
1405 1531
1405 1674
1406 1545
1407 1750
1408 1885
1408 1964
1410 1515
1411 1415
1414 1640
1416 1467
1416 1483
1416 1738
1417 1795
1418 1470
1418 1801
1418 1915
1419 1527
1420 1677
1424 1470
1424 1825
1425 1510
1425 1625
1425 1970
1426 1940
1427 1436
1427 1646
1429 1819
1430 1521
1432 1924
1433 1624
1434 1934
1434 1999
1435 1864
1435 1889
1437 1524
1437 1805
1437 1847
1438 1589
1438 1991
1439 1563
1442 1640
1442 1703
1442 1812
1444 1449
1444 1801
1446 1627
1446 1760
1446 1834
1447 1573
1449 1495
1450 1554
1450 1933
1452 1610
1452 1687
1452 1929
1453 1670
1453 1840
1454 1875
1456 1542
1457 1948
1458 1483
1458 1700
1460 1561
1461 1519
1461 1719
1462 1593
1462 1758
1464 1974
1465 1967
1466 1533
1466 1615
1466 1931
1467 1940
1468 1659
1470 1537
1470 1780
1473 1694
1477 1693
1477 1736
1478 1589
1478 1798
1479 1904
1480 1694
1480 1772
1484 1552
1485 1886
1485 1956
1487 1494
1488 1489
1488 1877
1489 1793
1491 1521
1491 1822
1492 1884
1494 1993
1495 1862
1495 1904
1495 1936
1496 1895
1497 1627
1498 1914
1498 1971
1501 1746
1501 1845
1501 1983
1502 1511
1502 1604
1502 1624
1503 1628
1506 1673
1507 1752
1507 1897
1508 1995
1513 1710
1515 1962
1517 1522
1517 1558
1517 1839
1521 1972
1522 1590
1522 1710
1524 1823
1525 1813
1526 1868
1527 1843
1528 1535
1528 1753
1529 1928
1531 1877
1532 1994
1533 1570
1534 1696
1534 1999
1536 1552
1539 1757
1539 1926
1539 1927
1540 1644
1542 1699
1544 1601
1546 1992
1547 1582
1549 1862
1551 1575
1551 1615
1553 1700
1553 1889
1554 1586
1555 1764
1555 1766
1557 1997
1558 1567
1558 1570
1559 1953
1560 1799
1561 1572
1561 1599
1565 1808
1566 1973
1569 1870
1570 1903
1570 1950
1571 1668
1575 1727
1576 1619
1576 1762
1577 1690
1581 1978
1582 1655
1582 1829
1583 1969
1585 1867
1588 1687
1588 1928
1590 1962
1591 1831
1592 1831
1593 1624
1593 1907
1597 1886
1600 1974
1605 1990
1608 1996
1612 1777
1614 1664
1616 1660
1617 1768
1622 1688
1622 1724
1622 1901
1623 1925
1628 1641
1629 1649
1630 1792
1630 1939
1630 1970
1631 1993
1632 1653
1632 1656
1634 1975
1638 1965
1639 1664
1639 1836
1639 1945
1640 1702
1640 1865
1640 1894
1641 1862
1641 1892
1642 1974
1642 1976
1643 1966
1644 1975
1647 1897
1648 1728
1651 1797
1653 1945
1655 1658
1657 1858
1661 1757
1661 1943
1661 1997
1662 1687
1662 1690
1663 1941
1665 1981
1669 1750
1669 1785
1670 1951
1671 1902
1672 1688
1672 1721
1672 1878
1673 1723
1673 1794
1673 1800
1677 1779
1680 1874
1681 1817
1682 1754
1683 1898
1683 1951
1688 1839
1690 1714
1690 1896
1691 1702
1691 1723
1691 1994
1692 1929
1693 1913
1693 1920
1693 1928
1696 1774
1696 1834
1696 1850
1701 1777
1701 1986
1702 1752
1702 1805
1704 1782
1704 1853
1705 1789
1707 1992
1708 1925
1709 1863
1712 1740
1713 1785
1718 1928
1720 1800
1721 1838
1730 1916
1732 1899
1734 1870
1737 1891
1742 1743
1744 1955
1744 1988
1746 1840
1746 1945
1746 1962
1750 1752
1751 1873
1754 1892
1755 1803
1756 1756
1757 1798
1757 1917
1758 1965
1759 1774
1760 1860
1760 1905
1761 1897
1765 1917
1765 1979
1766 1773
1766 1776
1768 1837
1769 1773
1773 1856
1774 1918
1774 1974
1775 1806
1778 1787
1783 1857
1785 1979
1786 1862
1788 1863
1791 1822
1791 1999
1798 1911
1800 1833
1800 1975
1801 1863
1801 1905
1803 1990
1804 1920
1804 1965
1805 1848
1805 1926
1806 1898
1808 1859
1811 1945
1812 1976
1813 1871
1813 1966
1816 1940
1817 1926
1819 1889
1824 1912
1825 1828
1827 1855
1827 1949
1827 1976
1831 1846
1833 1869
1834 1998
1835 1848
1837 1841
1839 1923
1839 1933
1840 1886
1846 1880
1847 1911
1850 1991
1851 1943
1855 1993
1860 1979
1865 1937
1871 1942
1872 1888
1872 1893
1873 1971
1877 1915
1885 1928
1890 1892
1892 1892
1896 1916
1899 1952
1899 1954
1901 1996
1906 1921
1915 1978
1943 1993
