2000
0 368
0 769
0 1749
0 1911
0 1993
1 20
1 1221
1 1653
1 1673
1 1753
2 349
2 925
2 1449
2 1740
3 100
3 127
3 466
3 706
3 751
3 1272
3 1351
3 1793
3 1889
4 1850
4 1902
5 188
5 202
5 286
5 419
5 453
5 1026
5 1084
5 1102
6 141
6 895
6 927
6 1706
6 1828
7 55
7 164
7 308
7 328
7 839
7 1138
7 1732
8 289
8 306
8 630
8 724
8 797
8 962
8 1134
8 1538
8 1699
8 1789
9 547
9 1013
10 184
10 1187
10 1443
10 1995
11 49
11 249
11 537
11 1393
12 499
12 807
12 1494
12 1850
12 1894
12 1997
13 136
13 566
13 573
13 716
13 865
13 916
13 1888
14 19
14 386
14 701
14 1314
14 1672
15 124
15 455
15 1128
15 1363
16 479
16 484
16 677
16 1180
16 1381
16 1402
17 44
17 321
17 1009
17 1626
17 1876
18 391
18 813
18 848
18 889
19 307
19 609
19 824
19 1184
19 1687
20 400
20 1215
20 1929
21 1064
21 1281
21 1657
21 1955
21 1960
22 839
22 1015
22 1132
22 1674
23 103
23 124
23 271
23 517
23 1214
23 1867
23 1956
24 529
24 707
24 800
24 1082
24 1199
24 1357
24 1362
24 1611
25 562
25 845
25 1209
25 1746
25 1798
25 1971
26 565
26 816
26 817
26 939
26 987
26 1302
27 814
27 1149
27 1400
27 1567
27 1713
28 287
28 426
28 812
28 851
28 1419
28 1507
28 1978
29 55
29 563
29 1373
29 1986
30 345
30 629
30 734
30 812
30 1429
30 1461
31 523
31 1077
31 1305
31 1945
32 536
32 1079
32 1903
33 1008
33 1360
33 1389
33 1481
33 1987
34 93
34 218
34 449
34 825
34 835
34 1485
34 1984
35 610
35 1054
35 1148
35 1392
35 1817
36 407
36 479
36 552
36 577
36 653
36 1484
36 1641
36 1997
37 140
37 145
37 223
37 236
37 741
37 755
37 858
37 1444
37 1653
37 1685
37 1878
38 1105
38 1938
39 515
39 1312
39 1339
39 1565
39 1818
39 1892
39 1951
40 355
40 1494
41 351
41 527
41 919
41 1418
41 1872
42 619
42 834
42 1197
43 1165
44 973
44 1900
44 1942
45 81
45 479
45 648
45 663
45 1079
45 1470
45 1481
46 218
47 270
47 1023
47 1648
48 1429
48 1431
49 802
49 804
49 941
49 1251
49 1381
49 1482
50 128
50 153
50 773
50 835
50 1246
50 1825
51 756
52 310
52 455
52 831
52 1395
52 1681
52 1828
52 1835
53 203
53 926
53 1132
53 1264
53 1346
53 1617
53 1699
54 645
54 1217
54 1255
54 1579
54 1767
55 1004
56 161
56 190
56 240
56 808
56 998
56 1309
56 1533
56 1611
56 1712
57 991
57 1361
57 1847
57 1851
58 151
58 462
58 1971
58 1972
59 105
59 1233
59 1621
59 1792
60 342
60 594
60 701
60 1366
60 1588
60 1876
60 1877
61 1069
61 1177
61 1716
62 711
62 874
62 1686
63 75
63 762
64 668
64 1137
64 1160
64 1264
64 1439
64 1564
64 1974
65 695
65 1021
65 1285
66 1201
66 1382
66 1736
67 416
67 482
67 871
67 946
67 1033
67 1611
67 1732
68 86
68 135
68 494
68 936
68 961
68 1003
68 1088
68 1210
68 1367
68 1506
68 1878
68 1911
69 901
69 1548
69 1653
69 1904
70 83
70 870
70 1561
70 1857
71 132
71 404
71 1562
71 1581
71 1711
71 1739
71 1858
72 315
72 490
73 471
73 578
73 890
74 320
74 460
74 523
74 546
74 612
74 711
74 1507
74 1678
74 1740
74 1992
75 524
75 554
75 1007
75 1327
75 1397
75 1954
76 400
76 764
76 932
76 1023
76 1415
76 1599
77 292
77 638
77 1349
78 491
78 1004
78 1774
79 359
79 536
79 639
79 682
79 725
79 1006
80 109
80 776
80 792
80 1316
80 1489
81 705
81 1506
81 1937
82 124
82 282
82 334
82 962
84 375
84 571
84 1223
84 1240
84 1601
84 1909
85 395
85 401
85 1741
85 1852
86 507
86 862
86 1074
87 144
87 635
87 1655
87 1818
87 1985
88 1805
88 1882
89 1252
89 1374
89 1953
89 1972
90 210
90 594
90 654
90 995
90 1463
90 1650
91 604
91 1344
91 1524
92 548
92 740
92 993
92 1099
92 1312
92 1783
93 130
93 436
93 910
93 1561
93 1744
94 327
94 1605
94 1866
95 130
95 254
95 561
95 801
95 840
95 971
95 1043
95 1443
95 1559
95 1738
95 1771
96 1850
97 152
97 880
97 885
98 706
98 839
98 975
99 562
99 714
99 931
99 995
99 1518
99 1769
100 732
100 1334
100 1635
101 134
101 142
101 871
101 1020
102 184
102 218
102 345
102 495
102 624
102 1164
102 1190
102 1922
103 208
103 500
103 624
104 109
104 215
104 373
104 584
104 1211
104 1300
104 1471
104 1593
104 1979
105 143
105 167
105 207
105 230
105 361
105 776
105 1529
105 1586
105 1606
105 1799
106 149
106 498
106 775
106 975
106 1046
106 1255
106 1795
107 637
107 1198
107 1379
108 831
108 1141
108 1367
108 1440
108 1506
108 1839
109 238
109 485
109 558
109 1003
109 1777
110 285
110 808
110 1067
110 1286
110 1448
110 1522
110 1953
110 1989
111 907
111 1687
112 727
112 916
112 1091
112 1659
112 1708
113 357
113 585
113 1283
113 1586
114 696
114 857
114 885
115 176
115 206
115 1486
115 1655
115 1991
116 592
116 868
116 1191
116 1942
117 617
117 789
117 1134
117 1419
117 1625
118 289
118 609
118 683
118 852
118 1224
118 1636
118 1667
119 585
119 1178
119 1542
119 1584
120 468
120 1087
120 1192
120 1195
120 1204
120 1292
120 1413
120 1829
120 1980
121 204
121 584
121 758
121 883
121 1087
122 505
122 540
122 565
122 836
122 875
122 1559
122 1571
123 640
124 327
124 331
124 622
124 1737
124 1876
124 1964
125 520
125 1311
125 1318
125 1403
125 1495
126 676
126 839
126 1489
127 172
127 229
127 621
127 670
127 902
127 1618
128 259
128 1438
128 1953
129 1512
129 1784
129 1853
130 1701
130 1787
131 216
131 779
131 1014
131 1514
131 1570
132 222
132 373
132 426
132 929
132 970
132 1673
132 1922
132 1951
133 295
133 752
133 1015
133 1237
133 1348
133 1381
133 1565
133 1637
133 1830
133 1993
134 245
134 416
134 638
134 1380
134 1405
135 904
135 1130
135 1745
136 618
136 811
136 1105
136 1396
136 1684
137 193
137 947
137 1057
137 1153
137 1252
137 1513
138 568
138 1956
139 522
139 577
139 590
139 606
139 1278
139 1712
140 950
140 1124
140 1235
140 1385
140 1496
140 1659
140 1840
140 1916
141 428
141 1300
141 1366
141 1939
142 426
142 706
142 1300
142 1412
143 251
143 306
143 333
143 853
143 1002
143 1876
143 1892
144 164
144 681
144 800
144 1831
145 393
145 483
145 915
145 925
145 1248
146 483
146 735
146 987
146 1083
146 1166
146 1341
146 1849
147 181
147 411
147 563
147 678
147 1219
147 1441
147 1875
148 547
148 548
148 1135
148 1234
148 1592
148 1853
148 1985
149 220
149 1100
149 1252
149 1302
149 1317
149 1383
149 1462
149 1624
149 1683
149 1872
150 281
150 1116
150 1568
151 459
151 1079
151 1545
152 254
152 358
152 618
152 768
152 798
152 1390
152 1799
153 633
153 1284
153 1407
153 1947
154 1287
154 1309
154 1316
154 1630
154 1899
154 1923
155 325
155 574
155 802
155 960
155 1215
155 1522
156 370
156 458
156 1188
156 1672
156 1840
157 194
157 209
157 379
157 630
157 979
157 1706
157 1924
158 243
158 491
158 924
158 1215
158 1219
158 1404
158 1574
158 1703
159 280
159 1964
160 415
160 588
160 1136
160 1636
160 1880
161 236
161 249
161 262
161 368
161 725
161 1019
161 1674
163 179
163 264
163 950
163 1145
163 1374
164 170
164 334
164 354
164 466
164 662
164 850
164 1109
164 1419
165 220
165 526
165 890
165 1721
165 1794
166 255
166 1118
166 1257
166 1440
166 1736
166 1841
167 1359
167 1535
167 1617
168 615
168 1189
168 1357
168 1427
168 1651
168 1943
169 610
169 818
169 1007
169 1598
169 1638
169 1656
169 1801
170 315
170 1527
170 1667
170 1787
171 354
171 1215
171 1332
171 1485
171 1595
172 314
172 1169
172 1170
172 1983
174 526
174 1701
174 1909
175 228
175 452
175 602
175 1681
175 1707
175 1879
176 311
176 318
176 341
176 1126
177 201
177 260
177 656
177 711
177 1273
177 1460
178 875
178 1222
178 1514
179 685
179 1273
179 1704
180 284
180 576
180 1204
180 1447
180 1868
181 1685
181 1766
182 186
182 791
182 813
182 953
182 1600
183 221
183 539
183 887
183 1134
183 1539
183 1826
184 528
184 1256
185 431
185 926
185 1061
185 1662
186 300
186 518
186 922
186 1113
186 1727
187 1283
187 1442
187 1781
188 1190
188 1623
188 1833
188 1973
189 652
189 1503
189 1750
190 463
190 565
190 1398
190 1426
191 520
191 1233
191 1288
192 702
192 792
192 1166
192 1546
192 1904
193 492
193 705
193 1429
193 1734
193 1835
194 438
194 1271
194 1305
194 1509
194 1584
194 1645
195 1985
196 363
196 370
196 796
196 1120
196 1140
196 1257
196 1374
196 1446
196 1481
196 1713
196 1769
196 1789
196 1996
197 405
197 1013
197 1215
197 1804
198 1085
198 1259
198 1431
198 1752
198 1847
198 1911
199 355
199 818
199 1372
199 1441
199 1645
200 542
200 1366
200 1421
201 835
201 1448
201 1797
202 1092
202 1562
202 1915
203 578
203 749
203 959
203 1137
203 1382
204 359
204 566
204 742
204 897
204 948
204 1318
204 1595
204 1620
205 431
205 453
205 899
205 1750
206 993
206 1035
206 1293
206 1327
207 335
207 423
207 596
207 931
207 1481
207 1656
207 1853
207 1990
208 213
208 367
208 742
209 711
209 931
209 1457
209 1677
210 474
210 999
210 1064
210 1075
210 1513
210 1692
211 591
211 808
211 1260
212 772
212 1018
213 1097
213 1480
213 1665
214 328
214 673
214 1012
215 243
215 310
215 453
215 824
215 1612
215 1706
215 1964
216 492
216 553
216 603
216 1133
216 1335
216 1813
216 1927
217 677
217 742
217 1959
217 1967
218 420
218 1152
218 1711
219 399
219 664
219 960
219 1103
219 1338
219 1628
219 1863
219 1900
220 434
220 664
220 1228
220 1302
220 1633
220 1887
221 290
221 408
221 808
221 1214
221 1654
221 1865
221 1893
221 1896
221 1978
222 620
222 712
222 889
222 964
222 1288
222 1350
222 1841
223 779
223 921
223 1111
223 1185
223 1546
225 325
226 235
226 459
226 639
226 841
226 1211
227 496
227 1388
228 1489
228 1821
228 1900
229 1103
230 674
230 734
230 1487
230 1564
230 1626
231 735
231 880
231 1318
232 429
232 616
232 709
232 1444
233 430
233 556
233 727
233 1245
233 1458
233 1463
233 1968
234 443
234 981
234 1380
234 1522
234 1534
234 1574
234 1724
234 1762
235 951
235 1474
235 1948
236 283
236 1377
236 1490
236 1741
237 432
237 651
237 905
237 1230
238 1902
238 1903
238 1958
239 893
239 1997
240 422
240 1055
240 1396
240 1856
241 483
241 1053
241 1658
241 1990
242 470
242 483
242 1274
242 1395
243 1189
243 1317
243 1362
243 1661
243 1863
244 317
244 1686
245 478
245 791
245 1578
246 594
246 1140
247 1358
248 1534
249 379
249 683
249 1297
249 1593
250 401
250 686
250 1602
251 583
252 963
252 1585
252 1800
253 273
253 931
253 1689
253 1923
254 516
254 1021
254 1357
254 1630
254 1635
254 1785
255 981
255 1096
255 1884
256 350
256 767
256 846
256 1349
256 1738
257 402
257 477
257 571
257 703
257 904
257 1199
258 281
258 627
258 1401
258 1988
259 1816
259 1912
259 1955
260 471
260 494
260 859
260 1171
260 1596
260 1904
261 1019
262 363
262 370
262 922
262 1681
263 1253
263 1502
263 1632
263 1992
264 313
264 1416
264 1719
265 278
265 539
265 725
265 1471
266 791
266 818
266 1491
267 330
267 360
267 500
267 550
267 892
267 1572
268 761
268 1685
269 621
269 1150
269 1482
269 1819
270 656
270 672
270 1192
271 537
271 559
271 638
271 858
271 1092
271 1670
271 1806
272 649
272 822
272 1359
272 1527
272 1547
272 1654
273 360
273 502
273 718
273 1029
273 1310
274 423
274 445
274 735
274 855
274 931
274 1561
274 1708
275 313
275 376
275 1004
275 1207
275 1340
275 1724
275 1845
276 771
276 1338
276 1431
276 1756
277 518
277 627
277 719
277 775
277 924
277 1052
277 1614
278 664
278 931
278 991
279 284
279 887
279 1131
279 1385
279 1481
280 392
280 466
280 525
280 798
280 963
280 1169
280 1366
280 1730
280 1861
281 416
281 1077
281 1647
281 1945
281 1957
282 1063
282 1186
283 646
283 808
283 948
283 1962
284 1059
284 1147
285 534
285 580
285 1508
286 890
286 991
286 1385
286 1681
287 481
287 544
288 922
288 979
288 1961
289 550
289 1051
289 1583
289 1760
290 545
290 705
290 1788
290 1813
290 1997
291 495
291 807
291 978
291 1745
291 1948
292 296
292 783
292 1158
292 1384
292 1790
293 1403
293 1454
294 412
294 515
294 669
294 1066
294 1137
294 1170
294 1756
294 1780
295 472
295 488
295 579
295 936
295 1146
295 1241
295 1265
295 1293
295 1296
295 1310
295 1599
296 520
296 1044
296 1104
296 1444
296 1533
296 1599
296 1723
296 1967
297 339
297 445
297 1121
297 1443
298 1223
298 1282
298 1343
299 424
299 1227
299 1334
299 1388
299 1430
299 1567
299 1712
299 1827
299 1871
300 358
300 978
300 1432
300 1978
301 1214
302 647
302 660
302 1329
302 1947
302 1951
303 406
303 1107
304 537
304 1391
304 1558
304 1659
305 760
305 980
305 1119
305 1589
306 326
306 1188
306 1387
306 1944
307 594
307 773
308 761
308 868
308 1003
309 488
309 579
309 1199
309 1212
309 1650
309 1741
310 660
311 316
311 681
311 1784
312 784
312 1064
312 1590
312 1717
313 688
313 1318
313 1726
313 1875
314 970
314 1121
314 1779
315 992
315 1085
315 1161
316 513
316 561
316 829
316 1164
316 1421
316 1961
317 844
317 1236
317 1530
317 1846
318 635
318 1288
318 1768
318 1780
319 338
319 351
319 448
319 666
319 766
319 856
319 1300
319 1467
320 503
320 852
320 1366
320 1783
320 1879
321 984
321 1262
321 1528
321 1566
321 1923
322 522
322 559
322 723
322 1140
322 1394
322 1761
322 1973
323 1553
324 407
324 421
324 811
324 1939
325 735
325 825
325 1388
325 1704
325 1725
325 1903
326 1344
327 825
327 1209
327 1278
327 1340
327 1359
328 331
328 963
329 393
329 881
329 1645
329 1933
330 429
330 570
330 1031
330 1218
330 1819
330 1828
331 1066
331 1285
332 938
332 1089
332 1248
332 1355
332 1640
332 1777
332 1792
333 672
333 721
333 965
333 1095
333 1173
333 1417
333 1558
334 886
335 551
335 592
335 717
335 981
335 1090
335 1236
336 561
336 911
336 980
336 1052
336 1093
337 924
338 879
338 939
338 1304
339 969
339 1057
340 444
340 796
340 1320
340 1666
341 366
341 1468
341 1915
342 891
342 1794
342 1879
343 456
343 468
343 472
343 511
343 660
343 1549
343 1616
343 1980
344 1130
344 1332
344 1621
344 1636
345 826
345 906
345 1830
346 719
346 792
346 1796
346 1948
347 750
347 1028
347 1547
348 914
348 1048
349 437
349 1210
349 1559
349 1814
350 547
350 676
350 1041
350 1261
350 1404
350 1466
351 706
351 869
351 1361
353 570
353 813
353 945
353 1396
353 1555
353 1774
354 598
354 679
355 629
355 990
355 1309
355 1765
355 1900
356 451
356 653
356 1172
356 1730
356 1778
356 1871
356 1946
357 674
357 994
357 1569
358 422
358 1172
359 810
359 951
359 974
359 1637
359 1754
360 922
360 1392
361 1102
361 1112
361 1228
362 544
362 1351
362 1711
363 826
363 1566
363 1742
364 461
364 511
364 1071
364 1105
364 1330
364 1506
364 1568
364 1767
365 630
365 1177
365 1503
366 441
366 1253
366 1496
366 1761
366 1878
367 753
367 816
367 929
367 1224
367 1621
368 642
368 1574
369 1513
369 1515
370 713
370 1069
370 1182
370 1858
371 725
371 1879
372 1434
372 1624
372 1835
373 609
373 739
373 802
373 970
373 975
373 1320
373 1798
373 1830
374 762
374 1260
374 1335
375 794
375 1955
376 468
376 1490
376 1569
376 1748
377 732
377 798
377 834
377 984
377 1267
378 560
378 780
378 1034
378 1291
378 1393
378 1930
379 1101
379 1587
380 828
380 888
380 1278
380 1542
380 1603
380 1604
380 1809
381 859
381 1424
381 1603
381 1947
381 1949
382 711
382 1466
382 1898
383 840
383 1510
383 1597
383 1699
383 1735
383 1956
384 491
384 1324
384 1943
385 630
385 1034
385 1219
385 1470
386 736
386 869
386 1615
387 393
387 411
387 652
387 906
387 1004
387 1200
387 1767
388 1287
388 1301
388 1563
388 1819
389 900
389 1464
389 1765
389 1864
390 678
390 724
390 964
391 800
391 818
391 880
391 1144
391 1354
391 1816
391 1844
391 1847
392 906
392 951
393 706
393 797
393 905
393 942
393 1028
393 1034
393 1036
393 1079
394 1009
394 1911
395 758
395 1029
396 419
396 447
396 691
396 1322
396 1593
396 1673
397 535
398 680
398 1212
399 819
399 895
399 1074
400 478
400 854
400 1435
400 1689
400 1772
400 1946
401 1012
401 1445
401 1508
401 1584
401 1836
401 1971
402 430
402 472
402 663
402 1386
402 1596
402 1605
402 1924
403 616
403 1198
403 1401
403 1666
404 798
404 1050
405 514
405 647
405 1317
405 1988
406 907
406 1439
406 1801
407 802
407 1362
407 1626
407 1878
408 759
408 1074
408 1256
408 1408
408 1466
408 1978
409 1268
410 502
410 757
410 1341
410 1636
410 1836
411 773
411 821
411 1085
411 1583
411 1772
411 1800
411 1803
411 1916
412 1408
412 1599
413 1796
414 446
414 962
414 1547
414 1659
414 1946
415 1015
415 1293
416 912
416 1203
416 1786
417 497
417 1003
417 1182
418 695
418 1148
418 1746
418 1757
419 1953
420 435
420 1161
420 1929
420 1982
421 805
421 1660
422 1567
422 1722
422 1796
422 1910
423 1068
423 1271
423 1361
424 878
426 741
426 1927
427 1006
428 1146
428 1204
428 1490
428 1597
428 1620
428 1632
429 540
429 571
430 624
430 647
430 1173
430 1357
430 1650
430 1764
430 1805
431 463
431 469
431 819
431 1393
432 936
432 1517
432 1549
432 1721
432 1828
433 522
433 717
433 733
433 1584
433 1626
433 1865
434 1336
434 1367
434 1551
434 1588
434 1749
435 1462
436 912
436 1145
436 1428
437 521
437 1608
437 1763
437 1882
437 1905
437 1927
438 455
438 555
438 729
438 1080
438 1371
438 1549
440 779
440 1043
440 1720
440 1820
441 658
441 707
441 837
441 1460
441 1622
441 1721
441 1804
441 1885
441 1923
441 1994
442 671
442 860
442 875
442 1498
442 1971
443 1176
443 1332
443 1552
444 623
444 1132
445 977
445 1085
445 1345
445 1698
446 699
446 1835
446 1935
447 585
448 1228
448 1478
448 1570
448 1614
448 1665
449 834
449 1308
449 1467
451 1573
453 836
453 893
453 1346
454 1990
455 813
455 849
455 1235
455 1572
456 879
456 981
457 1800
457 1990
458 1303
459 611
459 679
459 726
459 727
459 1426
459 1437
459 1921
460 894
460 1211
461 555
461 1112
461 1203
461 1586
462 968
462 1499
463 1364
463 1472
463 1654
463 1984
464 788
464 1694
464 1868
465 969
465 1244
465 1245
465 1569
466 789
466 1186
466 1999
467 1308
467 1668
468 796
468 1935
468 1970
469 586
469 685
469 1074
469 1760
470 686
470 1192
470 1636
471 623
471 1389
471 1541
471 1607
471 1915
472 911
472 1430
472 1498
472 1679
473 740
473 1137
473 1964
474 481
474 613
474 691
474 1120
474 1230
475 763
475 880
475 977
475 984
475 1114
475 1644
475 1866
475 1995
476 590
476 998
476 1286
476 1293
476 1619
476 1839
477 493
477 767
477 888
477 1569
477 1910
477 1946
478 788
478 1382
478 1867
478 1983
479 1411
479 1537
479 1555
479 1780
480 653
480 793
481 678
481 719
481 965
481 1215
481 1255
481 1344
481 1881
482 510
482 568
482 701
482 1131
482 1149
482 1927
482 1946
483 1191
483 1994
484 624
484 1467
484 1513
485 1225
485 1382
485 1408
485 1556
485 1653
485 1701
485 1711
486 1544
487 750
487 1109
487 1647
488 645
488 867
488 980
488 1771
489 1198
489 1711
489 1816
490 538
490 875
490 1342
490 1916
491 743
492 496
492 571
492 590
492 1136
492 1301
492 1364
492 1447
492 1627
492 1739
493 1087
493 1192
493 1226
493 1273
493 1870
494 517
494 943
494 1143
494 1205
495 839
495 882
495 1165
495 1231
495 1262
495 1284
495 1436
495 1496
495 1874
495 1983
496 802
496 872
496 922
496 1259
496 1375
496 1402
496 1463
496 1767
496 1886
497 627
497 754
497 763
497 832
497 1422
497 1553
497 1997
498 837
498 1017
498 1101
498 1828
500 907
500 1136
500 1429
500 1805
501 721
501 1228
501 1931
502 741
502 1062
503 984
503 1638
504 516
504 910
504 1342
504 1763
504 1988
505 707
505 894
505 928
505 968
505 1483
505 1669
506 551
507 507
507 1213
507 1612
508 770
508 841
508 1551
509 599
509 1664
510 1616
510 1773
510 1788
511 946
511 1158
511 1366
512 1069
512 1166
512 1970
514 1773
515 612
515 1054
515 1462
517 831
517 879
517 961
517 1076
517 1191
517 1444
517 1553
517 1690
518 544
518 1319
518 1610
518 1780
519 624
519 721
519 1256
519 1374
520 1070
520 1348
520 1686
521 562
521 859
521 1100
521 1515
522 723
522 809
522 1945
523 886
523 1167
523 1170
523 1441
523 1580
523 1926
523 1927
523 1977
524 832
524 1376
524 1615
525 669
525 908
525 1024
525 1489
526 741
526 926
526 1009
526 1101
526 1250
526 1871
527 729
527 765
527 930
527 1474
527 1782
527 1849
530 554
530 725
530 747
530 890
531 543
531 775
531 1136
531 1396
531 1530
531 1583
532 588
533 1214
533 1851
534 1026
535 874
536 629
536 646
536 731
536 753
536 858
537 842
537 928
537 954
537 1579
537 1733
537 1873
538 672
538 676
538 837
538 1017
538 1732
538 1808
539 551
539 801
539 903
539 932
539 1125
539 1170
539 1215
539 1254
539 1421
539 1544
539 1734
539 1793
540 584
540 939
540 1382
540 1674
541 1565
542 741
542 834
542 886
542 1314
542 1473
543 773
543 1852
544 1424
544 1791
545 1080
545 1090
545 1580
546 661
546 734
546 844
546 862
546 1052
546 1226
547 991
547 1575
547 1668
548 687
548 1505
549 696
549 885
549 1092
549 1271
549 1573
549 1977
550 1231
550 1258
550 1482
550 1753
551 743
552 870
552 1267
552 1285
552 1384
553 625
553 651
553 846
553 927
553 1920
554 863
554 1095
554 1830
554 1909
555 634
555 1009
555 1820
556 719
556 1136
556 1743
557 810
557 1639
557 1854
557 1899
558 1622
558 1736
558 1775
559 857
559 1206
559 1377
560 795
560 1475
560 1827
561 804
561 957
561 1218
561 1407
562 582
562 1140
562 1242
562 1370
563 730
563 1107
563 1398
563 1466
563 1532
563 1826
564 774
564 964
564 1251
564 1605
565 597
565 1416
565 1530
565 1733
566 1197
566 1239
566 1281
566 1505
566 1911
568 574
568 806
568 988
568 1189
568 1197
568 1392
568 1486
568 1536
569 1086
569 1332
569 1389
569 1461
569 1978
571 600
571 1127
571 1266
571 1431
572 1546
573 621
573 697
573 1357
573 1750
574 1844
575 843
575 1479
575 1852
576 1359
576 1686
577 819
577 1150
577 1196
578 651
578 1005
578 1015
578 1096
578 1243
578 1436
579 1168
579 1761
580 736
580 1873
581 906
581 1606
582 1053
582 1255
582 1725
583 620
583 705
583 1984
584 629
584 1128
585 668
585 823
585 1214
585 1377
586 1593
586 1952
587 686
587 746
587 1197
587 1816
588 658
588 1064
588 1487
588 1841
588 1961
589 1549
589 1743
590 766
590 964
590 1564
591 1005
591 1051
591 1522
591 1728
591 1781
592 925
592 945
592 1422
592 1525
592 1707
593 771
593 1122
593 1381
593 1440
593 1661
594 739
594 789
594 1741
595 735
595 873
595 935
595 1028
595 1121
595 1153
595 1187
595 1203
595 1264
595 1989
596 836
596 1317
597 905
597 939
597 1459
597 1747
597 1959
598 1322
598 1621
598 1740
598 1787
598 1981
599 638
599 913
599 922
599 1075
599 1455
600 673
600 726
600 916
600 1046
600 1096
600 1197
600 1253
600 1322
601 1067
601 1491
601 1536
601 1817
601 1821
602 1715
603 885
603 1614
604 1082
604 1462
604 1489
605 948
606 720
606 797
606 1084
606 1137
606 1752
607 1364
607 1404
607 1451
608 1720
609 1010
609 1834
610 618
610 988
610 1056
610 1286
610 1762
611 731
611 909
611 1762
612 801
612 1158
612 1768
613 1174
613 1527
613 1832
614 1514
614 1592
614 1711
615 957
615 1129
615 1755
616 814
616 932
616 993
616 1232
617 1533
617 1622
617 1807
617 1940
617 1972
619 664
619 1225
619 1535
619 1575
619 1912
620 671
620 839
621 906
621 991
621 1102
621 1146
621 1804
622 701
622 803
622 1153
622 1883
622 1895
622 1986
623 1112
624 735
624 802
624 876
624 1269
624 1805
624 1832
625 1201
625 1569
625 1868
626 673
626 961
626 1811
626 1936
627 1371
627 1548
627 1724
628 673
628 959
628 1768
629 1427
629 1686
629 1846
630 1992
631 763
631 765
631 817
631 1951
632 1015
632 1741
633 1383
633 1887
634 929
634 981
635 1054
635 1420
635 1637
635 1645
636 666
636 738
636 1059
636 1394
636 1701
637 752
637 1127
637 1303
637 1516
637 1630
637 1649
637 1664
637 1934
638 1263
638 1531
638 1884
639 1613
639 1842
640 779
640 833
640 1086
640 1129
640 1293
640 1378
640 1627
640 1781
641 1485
641 1508
641 1698
642 931
642 1175
642 1579
644 1084
645 1462
646 882
646 890
646 1717
647 1518
647 1688
647 1881
647 1899
648 763
648 1340
648 1514
648 1821
649 664
649 680
649 1099
649 1571
649 1613
649 1701
649 1813
650 877
650 1448
650 1494
650 1597
651 833
651 1535
651 1668
651 1997
652 853
652 1265
652 1963
653 1092
653 1556
653 1577
654 755
654 824
654 1738
655 1490
655 1551
655 1770
656 977
657 870
657 926
657 1517
657 1738
658 869
658 1486
658 1499
658 1651
658 1786
658 1973
659 696
659 871
659 953
659 1086
660 797
660 949
660 1460
660 1470
660 1493
660 1608
660 1862
661 692
661 697
661 926
661 1925
662 790
662 894
662 1373
662 1996
663 1008
664 1735
665 1151
665 1470
665 1994
666 1111
666 1915
667 707
667 1087
668 1947
669 845
670 1682
670 1993
671 1419
671 1518
671 1536
671 1700
671 1888
672 909
672 1021
673 850
673 1005
673 1056
673 1224
673 1960
674 1685
674 1703
674 1709
675 769
675 1953
676 778
676 854
676 1010
676 1035
676 1296
677 1656
677 1815
678 1022
678 1180
678 1446
678 1473
678 1793
678 1950
678 1963
679 1207
679 1892
680 779
680 782
680 1335
681 1365
681 1549
682 685
682 1524
682 1996
683 1058
683 1135
683 1206
683 1399
683 1800
684 852
684 881
685 834
685 1211
687 1270
687 1296
688 817
688 1003
688 1040
688 1540
688 1895
689 816
689 1182
689 1840
690 766
690 1029
690 1157
691 737
691 819
691 1922
692 1512
693 1325
693 1370
693 1486
693 1563
694 1360
694 1776
696 722
696 769
696 1400
696 1485
696 1524
697 935
697 1687
697 1772
698 1156
698 1439
699 931
699 1518
699 1688
701 1668
701 1859
702 1015
702 1173
702 1398
702 1772
703 715
703 927
703 1763
703 1798
704 1693
704 1704
705 1812
706 1308
706 1559
706 1946
707 790
707 1296
707 1470
707 1969
708 726
708 1215
708 1564
708 1927
709 713
709 1386
709 1518
710 786
711 719
711 1402
711 1607
711 1831
712 944
712 1340
712 1902
713 1044
713 1370
713 1993
714 1378
714 1391
714 1797
715 1844
716 1337
716 1646
716 1905
717 1237
717 1709
717 1849
717 1913
718 893
718 1223
718 1482
718 1531
719 1880
720 976
720 1470
720 1664
720 1701
721 1307
721 1423
721 1540
722 1026
722 1102
723 1165
723 1472
723 1936
724 1033
724 1691
725 844
725 1415
725 1737
725 1806
726 921
726 1472
726 1816
726 1889
726 1957
727 801
727 1055
727 1186
727 1240
727 1680
728 1477
728 1540
729 903
729 1076
729 1084
729 1555
729 1585
730 1226
730 1919
731 1299
732 963
732 1181
732 1187
733 1894
734 784
734 1040
734 1589
734 1623
734 1930
735 1756
736 1066
736 1327
737 1231
737 1540
737 1939
737 1996
738 1353
738 1870
738 1884
738 1955
740 1787
740 1912
741 1473
741 1876
741 1936
741 1959
742 829
742 955
742 1329
743 1349
743 1693
744 1988
745 788
746 989
746 1293
746 1509
747 779
747 859
747 1233
747 1735
747 1756
747 1854
747 1888
748 1056
748 1142
749 966
749 977
749 1226
750 1195
750 1640
751 794
751 854
751 1848
752 1086
752 1396
753 993
753 1305
753 1606
753 1954
753 1993
754 861
754 1066
754 1304
754 1426
754 1558
754 1957
755 920
755 1361
757 1545
757 1739
757 1843
757 1931
758 769
758 1000
758 1768
758 1874
758 1900
759 1238
759 1391
759 1582
759 1830
761 774
761 775
761 1225
761 1348
761 1778
761 1935
762 826
762 835
762 971
762 1179
762 1404
762 1877
763 919
763 1044
763 1399
763 1645
763 1840
763 1940
764 770
764 1431
764 1770
765 1118
765 1904
766 858
766 927
766 1360
767 819
767 1122
767 1607
767 1724
767 1887
768 807
768 817
768 1097
768 1160
769 976
769 1245
769 1396
769 1453
769 1659
770 822
771 924
771 1616
772 1036
773 1019
773 1236
773 1922
774 1388
774 1420
774 1491
774 1534
774 1822
774 1985
775 1100
775 1229
775 1830
776 1530
776 1576
777 1638
777 1814
777 1930
778 852
778 1742
779 1304
779 1344
779 1660
780 1061
780 1158
780 1258
780 1429
781 1284
782 992
782 1696
782 1828
782 1893
783 791
783 804
783 1049
783 1887
784 973
785 1694
785 1804
786 1268
786 1399
786 1450
786 1789
786 1906
787 908
787 944
787 1870
788 1221
788 1538
788 1932
789 1526
790 825
790 1248
790 1981
791 1406
791 1672
792 1590
792 1693
793 1297
793 1535
793 1575
794 931
794 948
794 1044
794 1529
794 1745
795 1823
796 804
796 1989
797 1584
797 1712
798 893
798 1006
799 839
799 1734
800 853
800 927
800 983
800 1400
800 1967
801 1145
802 890
802 1266
802 1591
803 918
803 1753
804 1004
805 880
805 1047
805 1079
805 1392
805 1676
806 1562
807 1758
808 813
808 1426
808 1796
809 1101
809 1388
809 1699
809 1968
810 936
810 1302
811 1709
811 1745
812 960
812 1130
812 1233
812 1351
812 1565
812 1664
813 907
813 934
813 1061
813 1265
813 1323
814 1518
814 1635
814 1861
815 1154
816 1027
816 1133
816 1548
817 1181
817 1420
817 1784
818 1297
818 1958
820 1192
820 1663
821 1501
821 1776
821 1946
822 1532
822 1892
823 1201
824 918
824 1457
824 1617
824 1837
825 1677
825 1799
825 1853
825 1998
826 1091
826 1626
826 1682
827 1021
827 1345
827 1405
827 1526
828 1100
828 1231
828 1828
829 876
829 997
829 1387
829 1391
829 1600
830 1301
830 1375
830 1421
830 1701
830 1726
831 856
831 1056
831 1179
831 1836
832 1042
832 1415
832 1670
832 1915
833 963
833 1140
833 1529
833 1619
834 1163
834 1883
835 1004
835 1053
835 1111
835 1394
835 1487
836 928
836 1448
836 1693
836 1969
836 1986
837 841
837 961
837 1568
838 1026
838 1144
838 1458
838 1578
838 1608
838 1882
839 1326
839 1392
840 990
840 1135
840 1356
840 1534
841 1784
843 1215
843 1305
843 1684
844 1139
844 1481
844 1488
845 949
845 963
845 1234
845 1588
846 869
846 1003
846 1416
847 881
848 995
848 1027
848 1487
848 1724
848 1870
849 1948
850 1517
850 1760
850 1847
851 1798
851 1921
852 1510
852 1530
852 1856
852 1860
853 853
854 1395
854 1523
855 905
855 1295
856 1375
857 964
857 1341
857 1514
857 1713
858 1346
859 1826
860 1695
860 1905
861 1118
861 1435
861 1934
862 941
862 979
862 1155
862 1454
862 1644
862 1741
863 949
863 953
863 1132
863 1801
864 1112
864 1130
865 1174
865 1290
865 1770
866 919
866 1243
867 1523
867 1587
867 1766
867 1799
867 1879
869 1659
869 1874
870 1262
871 1407
871 1717
872 1294
872 1785
873 1259
873 1324
874 913
874 1275
874 1485
874 1920
876 997
876 1288
876 1534
877 958
877 1027
877 1029
877 1139
877 1319
877 1789
878 1103
878 1105
878 1149
878 1912
879 1242
879 1955
879 1959
880 897
880 942
880 1127
881 1431
881 1618
881 1950
882 1011
882 1163
884 1073
884 1763
885 1351
885 1558
885 1699
886 1067
886 1075
887 1860
888 1795
888 1814
889 1495
890 1030
890 1651
890 1710
890 1717
890 1836
891 897
891 1198
893 959
893 1323
894 966
894 1418
895 1304
896 1133
896 1209
896 1397
896 1661
897 1051
897 1134
897 1168
897 1387
897 1506
897 1697
898 1065
898 1407
898 1942
899 1037
899 1726
900 915
900 1222
900 1605
901 932
901 1745
901 1936
901 1954
902 1547
902 1577
902 1742
902 1918
903 1569
903 1744
904 1153
904 1334
904 1418
904 1895
904 1919
905 1151
905 1692
906 946
906 992
906 1349
906 1633
907 1245
907 1251
907 1425
907 1454
907 1540
907 1543
907 1942
908 1570
908 1712
909 945
909 1074
909 1577
910 1183
912 928
913 1997
914 1207
915 1503
915 1599
915 1722
915 1763
916 1374
917 1046
917 1069
917 1160
917 1999
918 1268
918 1301
918 1466
918 1723
918 1732
918 1889
918 1895
919 1523
919 1527
919 1714
920 997
920 1351
920 1609
921 1124
921 1339
921 1354
921 1403
921 1597
922 1372
922 1700
923 1197
923 1477
923 1670
923 1680
923 1846
923 1928
924 1349
924 1420
924 1569
925 1874
925 1895
926 1148
926 1620
926 1816
927 1243
927 1392
927 1673
928 1364
928 1428
928 1784
928 1881
928 1974
929 1477
929 1860
930 1211
930 1557
931 1192
931 1319
931 1445
931 1678
931 1890
932 1393
932 1995
933 1138
933 1636
934 1472
934 1731
935 943
935 1234
935 1250
935 1294
935 1542
935 1936
936 1264
936 1371
936 1632
937 1094
939 1469
939 1494
940 1191
940 1374
941 1025
941 1726
942 1142
942 1692
942 1700
942 1951
943 1508
943 1801
944 1665
944 1829
945 1694
945 1955
946 974
947 1404
947 1571
947 1613
947 1860
948 1438
948 1650
949 1519
950 1222
950 1797
951 1133
951 1238
951 1425
952 1127
952 1687
952 1990
953 1012
953 1546
954 1208
954 1345
955 1220
955 1264
955 1344
955 1799
955 1926
955 1969
956 1298
956 1842
957 1104
958 982
958 1958
959 992
959 1412
959 1804
960 978
960 1024
960 1625
960 1647
960 1667
960 1684
960 1728
962 1973
963 1639
964 1089
964 1121
964 1654
965 1163
966 1248
966 1266
966 1451
968 1681
968 1805
968 1961
969 983
969 1595
969 1686
970 981
970 1326
970 1694
971 1477
971 1907
972 1159
972 1277
972 1346
972 1400
972 1615
972 1705
972 1995
973 1243
973 1377
973 1675
973 1713
974 1062
974 1155
974 1225
974 1907
975 1248
975 1550
975 1607
977 1450
977 1453
978 981
978 1840
979 1443
980 1449
981 997
981 1573
981 1597
981 1638
982 1948
983 1017
983 1154
983 1496
984 1431
984 1618
984 1892
984 1945
984 1960
984 1980
985 1011
986 986
986 1114
986 1236
986 1735
987 1343
987 1821
988 1121
988 1488
989 1174
989 1322
989 1786
990 1388
990 1420
991 1983
992 1099
992 1844
992 1968
993 1047
994 1271
994 1328
994 1431
994 1449
994 1694
994 1805
994 1882
994 1966
995 1585
995 1774
996 1521
996 1581
997 1711
998 1363
998 1544
998 1629
999 1154
999 1517
999 1738
999 1799
999 1807
1000 1019
1000 1252
1000 1349
1000 1523
1001 1530
1002 1294
1002 1989
1003 1526
1003 1647
1004 1393
1004 1939
1004 1965
1005 1824
1005 1844
1005 1905
1006 1013
1006 1044
1006 1750
1006 1848
1007 1142
1008 1309
1009 1143
1009 1189
1009 1260
1009 1478
1009 1708
1009 1783
1009 1844
1009 1990
1010 1098
1010 1329
1010 1530
1010 1597
1011 1012
1011 1105
1011 1623
1012 1605
1012 1667
1012 1935
1015 1075
1015 1198
1016 1708
1016 1863
1017 1102
1017 1120
1017 1180
1017 1583
1018 1076
1018 1775
1018 1985
1019 1078
1019 1128
1019 1882
1020 1590
1020 1973
1021 1727
1021 1758
1021 1933
1022 1024
1022 1532
1023 1105
1023 1343
1023 1806
1023 1905
1024 1371
1024 1514
1024 1673
1024 1976
1025 1727
1026 1133
1026 1416
1026 1453
1026 1517
1027 1084
1027 1287
1027 1332
1028 1730
1030 1306
1030 1880
1031 1195
1031 1403
1031 1754
1032 1737
1033 1190
1033 1365
1033 1795
1034 1062
1035 1052
1035 1109
1035 1117
1035 1650
1035 1843
1035 1921
1036 1062
1037 1229
1037 1253
1037 1444
1038 1541
1038 1617
1038 1729
1038 1912
1039 1279
1039 1744
1040 1171
1040 1345
1040 1705
1040 1755
1041 1060
1041 1955
1042 1195
1043 1399
1045 1497
1045 1885
1045 1993
1046 1092
1046 1321
1046 1504
1046 1791
1047 1080
1047 1381
1047 1407
1047 1510
1047 1752
1047 1885
1049 1436
1049 1886
1050 1520
1051 1547
1053 1281
1053 1450
1053 1770
1054 1133
1054 1205
1054 1283
1054 1673
1056 1834
1058 1470
1058 1902
1059 1559
1060 1274
1060 1302
1060 1389
1060 1417
1060 1848
1061 1224
1061 1289
1061 1337
1061 1528
1061 1553
1061 1657
1062 1062
1062 1898
1063 1424
1063 1681
1063 1867
1064 1794
1065 1403
1065 1525
1065 1691
1067 1769
1069 1072
1069 1352
1069 1388
1069 1427
1069 1586
1070 1216
1070 1219
1071 1715
1071 1763
1071 1776
1071 1860
1071 1883
1071 1941
1072 1142
1072 1349
1072 1433
1072 1744
1073 1079
1074 1544
1075 1123
1075 1148
1075 1280
1075 1767
1076 1320
1076 1438
1076 1686
1077 1717
1077 1794
1077 1931
1078 1813
1080 1408
1081 1517
1081 1583
1082 1312
1082 1957
1083 1726
1084 1147
1084 1191
1084 1290
1084 1322
1084 1526
1084 1800
1085 1923
1086 1113
1086 1709
1086 1816
1087 1267
1087 1543
1088 1171
1089 1514
1089 1635
1090 1496
1090 1761
1091 1565
1092 1227
1092 1544
1093 1172
1093 1529
1093 1856
1093 1957
1094 1247
1094 1434
1094 1449
1094 1551
1094 1764
1095 1524
1095 1840
1096 1305
1096 1381
1096 1478
1096 1810
1097 1448
1098 1163
1098 1335
1099 1564
1099 1780
1100 1170
1100 1466
1101 1214
1102 1306
1105 1831
1105 1975
1105 1987
1106 1145
1106 1319
1106 1595
1106 1858
1107 1341
1107 1715
1108 1653
1108 1771
1111 1978
1112 1114
1112 1663
1113 1156
1113 1425
1113 1785
1113 1795
1115 1180
1115 1603
1116 1393
1116 1620
1117 1941
1119 1758
1119 1784
1119 1798
1120 1454
1120 1980
1121 1140
1121 1298
1121 1577
1121 1701
1122 1172
1122 1465
1123 1583
1123 1775
1124 1424
1124 1689
1125 1944
1126 1289
1126 1310
1126 1330
1126 1703
1127 1154
1127 1837
1127 1838
1128 1602
1129 1196
1129 1250
1129 1336
1131 1689
1132 1468
1132 1855
1133 1139
1133 1290
1133 1352
1134 1919
1136 1188
1136 1331
1136 1451
1136 1588
1136 1618
1137 1281
1137 1414
1138 1439
1138 1444
1138 1491
1140 1480
1140 1679
1140 1733
1140 1983
1141 1277
1141 1458
1141 1917
1142 1224
1142 1454
1143 1209
1143 1391
1143 1562
1143 1735
1143 1803
1143 1955
1144 1392
1146 1239
1146 1320
1146 1869
1147 1646
1148 1706
1148 1976
1149 1363
1149 1803
1150 1947
1153 1941
1154 1182
1154 1512
1154 1643
1155 1287
1155 1483
1155 1856
1156 1671
1157 1334
1157 1515
1157 1656
1158 1404
1159 1308
1159 1775
1159 1835
1160 1174
1160 1770
1161 1574
1161 1800
1161 1852
1162 1513
1163 1357
1163 1630
1163 1788
1164 1379
1164 1403
1166 1458
1166 1671
1166 1733
1167 1184
1167 1824
1168 1358
1169 1821
1169 1837
1169 1892
1170 1666
1171 1776
1171 1839
1173 1220
1173 1534
1173 1913
1174 1554
1175 1593
1175 1949
1176 1187
1176 1325
1176 1370
1176 1592
1176 1718
1176 1830
1176 1935
1177 1464
1177 1540
1177 1609
1178 1284
1178 1883
1179 1921
1180 1776
1181 1578
1181 1668
1181 1981
1182 1303
1183 1987
1185 1788
1189 1762
1189 1988
1190 1219
1190 1605
1190 1720
1192 1644
1192 1702
1193 1778
1193 1923
1194 1561
1194 1696
1195 1405
1195 1710
1195 1714
1195 1792
1195 1805
1195 1925
1196 1349
1196 1633
1196 1662
1197 1503
1198 1386
1198 1742
1198 1768
1198 1800
1199 1219
1199 1507
1200 1301
1200 1318
1200 1795
1201 1443
1201 1670
1202 1375
1202 1558
1202 1612
1203 1234
1205 1207
1206 1211
1206 1441
1208 1476
1208 1481
1208 1482
1208 1750
1208 1852
1208 1982
1209 1536
1209 1874
1209 1908
1210 1260
1210 1392
1210 1903
1211 1340
1211 1452
1211 1538
1211 1949
1213 1663
1214 1234
1214 1845
1214 1854
1215 1238
1215 1427
1215 1428
1216 1229
1216 1625
1216 1888
1217 1820
1218 1527
1218 1701
1219 1382
1219 1513
1220 1623
1221 1579
1221 1748
1221 1898
1222 1378
1222 1624
1223 1639
1224 1382
1224 1743
1224 1845
1224 1853
1225 1275
1225 1283
1225 1352
1225 1554
1225 1968
1226 1937
1227 1572
1227 1881
1228 1816
1228 1992
1229 1409
1230 1247
1230 1490
1230 1865
1231 1805
1234 1364
1235 1595
1236 1338
1237 1687
1237 1855
1238 1514
1238 1807
1238 1850
1239 1869
1241 1878
1242 1353
1242 1860
1244 1392
1244 1573
1245 1325
1245 1522
1246 1803
1246 1877
1246 1906
1246 1943
1249 1748
1250 1308
1250 1312
1250 1592
1250 1917
1251 1277
1251 1280
1251 1582
1252 1499
1252 1501
1252 1522
1253 1423
1253 1975
1255 1902
1255 1937
1256 1314
1256 1421
1256 1751
1257 1340
1258 1720
1258 1788
1259 1819
1260 1715
1260 1908
1260 1998
1261 1534
1261 1571
1261 1775
1262 1442
1263 1782
1263 1851
1264 1854
1264 1959
1265 1478
1266 1660
1267 1308
1267 1546
1267 1773
1267 1811
1268 1342
1269 1544
1271 1730
1271 1755
1271 1762
1272 1725
1273 1278
1273 1940
1274 1758
1275 1423
1275 1725
1275 1946
1276 1290
1276 1557
1276 1823
1277 1474
1278 1499
1279 1623
1279 1636
1280 1453
1280 1507
1280 1779
1281 1564
1281 1798
1283 1464
1283 1499
1283 1712
1283 1922
1284 1801
1285 1293
1285 1641
1286 1587
1286 1592
1286 1654
1287 1837
1289 1615
1289 1937
1290 1343
1290 1898
1291 1321
1292 1659
1293 1518
1293 1917
1294 1547
1294 1663
1297 1421
1297 1502
1297 1586
1297 1714
1297 1984
1298 1437
1298 1729
1298 1822
1298 1967
1299 1517
1299 1714
1299 1881
1300 1535
1300 1585
1300 1881
1301 1817
1302 1565
1304 1331
1304 1656
1304 1971
1305 1514
1305 1544
1306 1388
1306 1847
1307 1720
1307 1802
1307 1946
1307 1971
1308 1323
1308 1657
1308 1952
1309 1327
1309 1338
1309 1436
1309 1494
1310 1333
1310 1702
1310 1877
1311 1319
1311 1631
1311 1977
1312 1694
1312 1841
1313 1321
1313 1920
1315 1370
1315 1539
1316 1388
1316 1581
1316 1753
1317 1642
1317 1768
1317 1995
1318 1654
1318 1668
1319 1339
1320 1705
1320 1805
1321 1490
1322 1782
1323 1460
1323 1988
1326 1691
1326 1915
1326 1955
1327 1641
1327 1960
1328 1335
1328 1601
1329 1508
1330 1407
1330 1597
1330 1788
1331 1685
1335 1901
1337 1453
1337 1492
1337 1814
1337 1851
1338 1348
1338 1473
1338 1566
1338 1716
1339 1341
1339 1407
1339 1834
1340 1512
1340 1803
1341 1512
1341 1726
1341 1978
1342 1455
1343 1430
1343 1836
1344 1383
1344 1446
1345 1592
1345 1713
1346 1894
1347 1349
1347 1419
1347 1446
1347 1923
1348 1398
1348 1635
1349 1760
1350 1480
1351 1440
1351 1464
1354 1717
1355 1456
1355 1589
1355 1813
1355 1911
1356 1765
1357 1600
1357 1960
1358 1621
1358 1866
1359 1717
1360 1737
1361 1419
1361 1642
1362 1398
1362 1538
1362 1581
1362 1610
1362 1704
1362 1803
1363 1571
1364 1517
1364 1543
1364 1946
1365 1381
1365 1443
1365 1670
1365 1845
1365 1998
1366 1789
1367 1488
1368 1877
1370 1964
1371 1400
1371 1647
1372 1391
1372 1575
1372 1653
1372 1714
1372 1933
1373 1718
1374 1592
1377 1713
1377 1918
1383 1807
1383 1995
1384 1508
1385 1918
1386 1679
1386 1833
1387 1632
1389 1613
1390 1532
1390 1541
1390 1613
1390 1896
1391 1439
1392 1958
1393 1749
1394 1420
1394 1829
1395 1420
1395 1630
1395 1928
1397 1638
1397 1977
1398 1894
1399 1547
1399 1663
1399 1847
1400 1964
1401 1642
1402 1557
1403 1974
1404 1424
1404 1469
1405 1755
1405 1806
1406 1430
1406 1727
1407 1433
1407 1901
1408 1547
1408 1665
1408 1708
1409 1460
1410 1509
1410 1640
1410 1892
1411 1411
1412 1532
1412 1652
1412 1784
1413 1558
1414 1466
1414 1516
1414 1562
1415 1450
1415 1892
1416 1617
1416 1827
1417 1474
1417 1615
1417 1629
1417 1759
1417 1961
1417 1969
1419 1994
1420 1566
1420 1578
1423 1489
1423 1518
1425 1633
1426 1689
1427 1829
1428 1767
1429 1627
1429 1929
1431 1451
1432 1444
1433 1483
1433 1629
1433 1712
1436 1488
1436 1947
1437 1455
1437 1618
1437 1808
1437 1834
1439 1518
1439 1530
1439 1551
1440 1518
1440 1982
1441 1521
1441 1649
1444 1604
1444 1658
1447 1602
1448 1568
1449 1715
1451 1562
1451 1869
1451 1939
1453 1494
1454 1520
1454 1955
1456 1728
1457 1621
1458 1599
1460 1531
1460 1563
1460 1642
1461 1558
1461 1685
1463 1519
1465 1610
1465 1648
1465 1800
1466 1752
1466 1929
1467 1608
1467 1979
1469 1867
1471 1505
1471 1513
1472 1536
1472 1547
1473 1625
1474 1744
1474 1746
1474 1912
1475 1996
1477 1550
1477 1621
1477 1726
1477 1818
1477 1890
1479 1715
1479 1983
1479 1998
1480 1685
1480 1729
1483 1580
1483 1747
1484 1737
1484 1817
1487 1491
1487 1693
1488 1973
1489 1776
1490 1569
1491 1958
1492 1537
1493 1864
1495 1601
1496 1713
1497 1733
1497 1978
1499 1633
1499 1733
1500 1703
1500 1879
1501 1647
1501 1881
1503 1680
1505 1558
1507 1542
1508 1818
1508 1919
1509 1953
1509 1996
1510 1712
1510 1788
1512 1569
1512 1741
1514 1841
1516 1724
1517 1751
1519 1825
1519 1908
1520 1775
1522 1805
1523 1682
1524 1593
1525 1893
1525 1972
1526 1918
1526 1946
1527 1989
1528 1597
1528 1616
1528 1721
1529 1998
1531 1956
1532 1602
1533 1819
1534 1677
1534 1726
1536 1550
1536 1606
1538 1632
1538 1653
1539 1570
1540 1646
1541 1761
1543 1957
1545 1793
1546 1820
1547 1550
1548 1693
1548 1714
1549 1579
1550 1617
1550 1700
1553 1953
1554 1935
1556 1670
1556 1853
1557 1666
1558 1868
1558 1941
1560 1797
1561 1771
1561 1959
1562 1906
1563 1791
1566 1811
1567 1965
1568 1568
1569 1585
1569 1657
1573 1733
1575 1576
1575 1796
1576 1989
1581 1610
1581 1664
1581 1786
1582 1755
1582 1844
1583 1901
1585 1700
1586 1964
1589 1625
1589 1856
1589 1998
1591 1832
1591 1858
1592 1621
1592 1782
1594 1630
1594 1720
1594 1973
1597 1953
1598 1598
1598 1977
1601 1680
1602 1825
1602 1974
1604 1607
1604 1829
1604 1858
1606 1736
1608 1626
1608 1997
1609 1678
1609 1837
1610 1741
1611 1819
1612 1709
1613 1634
1613 1920
1616 1803
1618 1857
1619 1715
1621 1778
1622 1806
1623 1702
1623 1998
1625 1738
1626 1630
1627 1653
1627 1996
1630 1890
1634 1882
1636 1737
1640 1722
1640 1751
1640 1756
1642 1902
1643 1871
1643 1955
1644 1681
1645 1795
1646 1696
1648 1704
1649 1962
1650 1676
1650 1788
1651 1771
1652 1735
1652 1875
1653 1878
1654 1671
1654 1950
1655 1679
1655 1911
1656 1753
1658 1700
1659 1706
1659 1805
1659 1937
1662 1732
1663 1817
1665 1812
1668 1744
1668 1904
1669 1749
1669 1752
1669 1998
1670 1674
1670 1741
1670 1976
1671 1887
1671 1907
1676 1802
1676 1851
1677 1852
1678 1957
1679 1745
1679 1891
1681 1816
1682 1873
1682 1990
1683 1720
1686 1867
1687 1734
1688 1688
1688 1768
1690 1939
1691 1876
1692 1792
1696 1911
1697 1721
1698 1773
1701 1932
1703 1848
1704 1748
1704 1929
1704 1963
1705 1969
1706 1713
1706 1718
1706 1844
1708 1755
1709 1802
1709 1828
1709 1882
1710 1782
1711 1774
1712 1995
1713 1859
1716 1854
1718 1828
1721 1979
1723 1950
1723 1994
1725 1911
1725 1978
1726 1916
1728 1824
1728 1912
1728 1949
1731 1745
1732 1859
1732 1867
1732 1998
1733 1907
1736 1818
1737 1897
1740 1801
1740 1874
1740 1918
1740 1992
1745 1774
1746 1814
1749 1807
1749 1866
1753 1825
1754 1791
1754 1911
1755 1900
1756 1865
1756 1931
1757 1946
1757 1983
1758 1767
1762 1779
1762 1930
1764 1766
1764 1802
1765 1839
1765 1867
1766 1824
1767 1846
1767 1943
1770 1805
1774 1885
1777 1791
1778 1811
1779 1922
1780 1793
1784 1904
1785 1915
1788 1818
1788 1934
1789 1993
1792 1894
1796 1899
1796 1902
1802 1824
1805 1916
1806 1898
1808 1863
1817 1975
1819 1885
1819 1894
1821 1878
1823 1866
1828 1953
1831 1953
1837 1916
1838 1863
1839 1959
1840 1980
1842 1854
1845 1968
1847 1901
1859 1884
1859 1969
1861 1912
1864 1964
1867 1878
1867 1985
1869 1948
1874 1929
1879 1937
1881 1884
1882 1890
1888 1896
1890 1937
1892 1959
1902 1982
1909 1918
1912 1967
1951 1989
1954 1967
1957 1986
1958 1958
1961 1981
1966 1966
1972 1977
1976 1984
