2000
0 1517
1 1147
1 1773
2 28
2 111
2 393
3 253
3 319
3 1469
3 1773
3 1902
4 1941
4 1956
5 620
5 671
5 836
5 1141
6 1143
6 1286
6 1340
7 1631
7 1642
8 508
8 513
8 1653
9 1020
9 1569
10 1062
10 1499
11 350
12 82
12 351
12 670
12 773
12 909
12 1252
12 1954
13 71
13 77
13 1480
13 1538
14 1470
15 32
15 57
15 536
15 1760
16 80
16 177
16 716
16 753
16 1586
17 771
17 1298
17 1379
17 1588
18 426
18 589
18 717
18 1350
18 1828
19 160
19 741
19 917
19 1086
19 1094
19 1097
19 1334
19 1681
19 1697
20 886
21 628
21 693
21 874
21 1217
22 1258
24 294
24 1250
25 472
26 214
26 266
26 627
26 940
26 1618
27 156
27 470
27 975
27 1022
27 1598
28 898
29 843
29 1289
30 235
30 967
30 1091
30 1580
30 1584
30 1746
30 1753
30 1950
31 1351
31 1574
31 1665
31 1880
31 1904
32 653
32 1272
33 459
34 147
34 272
34 1724
35 374
35 631
35 775
35 1099
37 709
37 891
37 1600
38 482
38 775
38 956
39 244
39 1730
40 1278
40 1298
40 1421
40 1451
40 1488
41 1500
41 1944
42 360
42 392
42 1011
42 1301
42 1681
42 1749
43 68
43 408
43 1967
44 513
44 1184
44 1476
44 1480
44 1700
45 601
45 1586
45 1803
45 1900
46 1941
47 152
47 555
47 1064
47 1139
47 1189
47 1671
48 878
48 1858
50 166
50 1551
51 384
51 455
51 877
51 1287
52 957
52 1814
53 1004
53 1961
54 459
54 967
54 1146
54 1593
56 113
56 209
56 1504
56 1724
57 536
57 1130
57 1151
57 1728
58 1819
58 1949
59 188
59 265
59 895
59 1146
60 250
60 311
60 1238
61 829
61 1457
61 1689
62 1728
62 1790
62 1937
63 394
63 947
64 614
64 815
64 1446
64 1518
64 1559
65 447
65 938
65 971
65 1451
66 114
66 1851
67 204
67 479
67 578
67 849
67 904
67 1666
67 1882
68 412
68 1372
68 1715
68 1750
69 263
69 911
69 1264
70 573
70 1908
71 1233
71 1724
71 1929
72 279
72 1529
73 768
73 850
73 1272
73 1520
74 99
74 1352
74 1469
75 1150
75 1524
75 1564
76 1036
76 1255
77 147
77 164
77 607
77 1862
78 188
78 401
78 1144
78 1831
79 1078
80 607
80 983
81 310
81 1474
82 473
82 873
83 851
83 1078
83 1609
83 1998
84 301
84 1351
86 1044
86 1156
86 1954
87 1508
87 1569
88 132
89 699
89 712
90 263
90 547
90 1059
90 1211
90 1611
90 1718
90 1965
91 248
91 907
91 1047
91 1451
92 269
92 1643
93 532
93 703
93 1560
94 162
94 304
94 942
94 1104
94 1326
95 1357
95 1545
95 1707
95 1845
97 1118
97 1230
97 1546
98 1602
99 143
100 1533
100 1824
101 689
101 1536
102 241
102 474
102 963
102 1337
102 1516
103 1051
103 1096
103 1352
103 1503
104 245
104 249
104 849
104 873
104 901
104 1747
105 212
105 286
105 763
105 1448
106 523
106 795
106 1257
106 1300
106 1547
107 945
107 1113
108 631
108 632
108 778
108 1467
108 1605
109 236
109 347
109 813
109 1243
109 1549
109 1815
110 175
110 445
110 777
110 850
110 1047
110 1171
111 742
111 998
112 543
113 1218
114 263
114 568
114 1125
114 1723
115 592
115 1426
115 1975
116 436
116 1897
117 337
118 189
118 1249
118 1412
118 1820
118 1844
119 265
119 909
119 1776
119 1824
120 257
120 1358
120 1702
121 273
121 337
121 1136
122 864
122 1351
122 1755
122 1841
123 721
123 1798
123 1895
124 283
124 467
124 1002
124 1219
124 1616
126 911
126 1536
127 1923
128 144
128 610
128 805
128 1668
129 220
129 433
129 1123
129 1456
129 1592
130 312
130 1461
131 1181
131 1229
131 1646
131 1821
132 1798
133 742
134 951
134 1178
134 1594
135 440
135 1492
135 1497
136 265
136 945
137 1726
137 1990
138 842
139 433
139 474
139 1539
139 1972
139 1991
140 489
140 1216
140 1839
141 1687
142 595
142 1106
143 548
143 756
144 452
144 1358
144 1525
145 1302
146 1473
147 1629
147 1829
148 422
148 1406
148 1410
149 595
149 641
150 207
150 355
150 708
150 726
150 1268
150 1388
151 836
152 249
152 1188
153 610
153 709
153 1498
154 809
154 1399
154 1902
155 867
155 1032
155 1676
156 1497
157 242
157 308
157 1122
157 1397
158 1364
158 1641
159 691
160 754
160 900
160 1142
161 209
161 415
161 791
162 369
162 1675
163 371
163 1537
164 367
164 1874
165 904
165 1647
165 1869
165 1936
166 280
166 972
166 1651
167 1138
167 1504
168 438
168 563
169 557
169 820
169 1213
170 1561
170 1709
171 302
171 1934
172 261
172 275
172 1965
173 282
173 344
173 970
173 1245
173 1591
174 386
174 622
174 1634
174 1992
175 235
176 772
176 1096
176 1196
176 1756
176 1873
177 762
177 1230
178 1572
178 1643
178 1841
179 1322
179 1329
179 1610
180 879
180 1634
181 463
181 688
181 1097
182 554
182 899
182 1378
183 674
183 852
183 1675
183 1891
185 415
185 1041
185 1905
186 205
186 545
187 474
187 1630
188 351
188 864
188 1759
190 1326
190 1487
191 291
191 871
191 986
191 1135
191 1610
191 1830
192 496
192 807
192 1144
192 1796
193 784
193 1731
194 1506
194 1610
195 1917
196 876
196 1026
197 609
197 871
197 919
198 334
199 686
199 1205
199 1348
200 613
200 902
200 1506
201 216
201 1191
202 1465
202 1844
203 512
203 540
203 596
203 1881
204 497
204 1045
204 1050
204 1159
204 1580
205 1463
205 1863
206 747
206 796
206 1144
207 566
207 773
207 822
207 916
207 1334
208 417
208 680
209 831
209 1682
210 461
210 1355
210 1911
211 296
211 497
211 1138
212 1356
213 1149
215 334
215 350
215 1579
216 785
216 948
216 1057
217 1049
217 1772
217 1921
218 292
218 1305
218 1710
219 1009
219 1195
219 1755
220 399
220 425
220 902
220 1033
220 1099
221 878
222 448
222 1743
223 1177
224 731
224 1289
225 778
225 916
225 1184
226 427
226 515
226 1244
226 1412
228 725
228 1071
228 1210
229 592
229 827
229 878
229 1068
230 882
230 1291
230 1466
230 1881
231 1245
232 574
232 1501
233 682
233 1260
234 1658
235 1175
235 1437
235 1478
236 546
237 1102
237 1662
237 1864
238 619
238 1116
238 1904
239 523
239 761
239 1171
239 1732
240 1194
240 1872
241 1290
242 636
242 1289
243 390
243 551
243 911
244 274
244 1946
245 1018
245 1534
245 1927
247 280
247 670
247 1337
248 1044
248 1052
249 1025
249 1123
249 1812
250 353
250 1033
250 1112
250 1181
250 1973
251 902
251 1591
252 521
252 561
252 1104
254 353
254 506
254 629
254 739
254 1194
254 1886
255 1483
257 342
257 416
257 637
257 789
257 1357
257 1703
258 359
258 1848
259 341
259 783
259 1376
260 341
260 725
260 1783
261 1725
261 1759
262 665
262 1563
262 1752
263 353
263 395
263 415
263 1947
264 312
264 1375
264 1693
264 1781
264 1883
266 391
266 1131
266 1338
266 1339
267 978
267 1310
267 1429
267 1485
267 1533
267 1954
268 1129
268 1499
268 1733
269 1548
269 1626
270 342
270 1791
271 915
271 945
271 957
273 1364
273 1437
274 557
274 1027
274 1572
275 478
275 534
275 1297
275 1661
277 283
277 444
277 498
277 1475
277 1999
279 1400
279 1808
280 386
280 569
280 880
280 1412
280 1941
281 948
282 523
282 1120
282 1575
284 1353
284 1838
284 1925
284 1939
285 504
285 596
285 1218
286 860
286 1429
286 1516
287 395
287 570
287 1537
287 1612
287 1907
287 1911
288 1405
288 1884
289 315
289 424
289 445
289 887
289 1259
290 449
290 1830
291 1782
292 349
292 1675
293 857
293 951
294 1205
295 1186
295 1728
295 1995
296 977
297 904
298 691
298 1148
299 564
299 1313
299 1424
299 1440
300 580
300 883
300 897
300 1812
300 1993
301 484
301 1061
301 1481
302 326
302 476
304 878
304 1400
304 1928
305 446
305 1106
305 1263
306 435
306 443
306 1234
307 1207
307 1645
308 643
308 847
308 1737
309 401
309 1642
310 315
310 751
310 1925
311 1966
312 559
312 1022
312 1240
312 1388
312 1765
313 647
313 907
313 1179
313 1674
313 1747
313 1759
314 1786
315 469
315 1745
316 637
316 1570
317 454
318 471
318 754
319 504
319 1225
319 1666
319 1957
320 470
320 491
320 608
320 1064
320 1302
321 906
321 1892
322 1277
324 426
325 964
325 1019
325 1949
326 933
327 406
327 466
328 684
328 1111
328 1205
328 1434
329 788
330 1209
331 1096
331 1621
332 856
332 992
332 1173
332 1637
332 1655
333 543
333 1669
334 476
334 1237
334 1287
334 1361
335 578
335 600
336 552
336 865
336 1998
338 1176
338 1536
339 1402
339 1691
340 349
340 1786
340 1813
340 1956
340 1986
341 804
341 966
341 1671
342 788
342 1338
343 602
343 970
343 1685
344 661
345 373
345 1727
346 440
346 1296
346 1317
346 1377
347 593
347 722
347 963
347 1558
347 1579
347 1859
349 792
349 1140
350 1799
351 637
351 1079
353 750
354 1772
355 588
355 1805
356 633
356 697
356 996
356 1559
356 1787
358 920
358 1107
358 1235
358 1755
359 625
360 1314
360 1344
362 1852
362 1884
363 413
363 1539
363 1921
364 509
365 690
365 871
366 993
367 606
367 1505
367 1734
367 1902
368 1749
369 899
369 1541
369 1777
370 1400
372 965
372 1050
372 1330
372 1633
373 468
373 1216
375 886
375 1273
376 517
376 1408
376 1652
377 931
377 1041
377 1556
378 423
378 1061
378 1902
379 669
379 995
380 1208
380 1697
381 1425
381 1672
382 574
382 1343
382 1849
383 1205
384 879
384 1600
385 449
385 1646
385 1963
386 408
386 926
386 1071
386 1117
386 1200
386 1333
386 1887
387 826
387 1349
387 1504
388 562
388 1233
388 1593
389 408
389 770
389 799
390 1184
390 1897
391 670
391 1060
391 1187
391 1753
392 442
392 489
392 911
392 1194
392 1503
393 560
393 1428
393 1580
396 1370
396 1740
396 1784
398 1367
400 431
400 619
400 936
400 1070
400 1314
400 1967
401 467
404 1173
404 1194
405 510
405 615
405 829
407 526
407 672
407 1488
407 1753
408 1279
408 1381
409 674
409 1834
410 1662
411 733
411 813
412 566
412 1085
412 1282
412 1332
413 1798
414 578
414 1436
415 1954
416 747
416 1082
417 723
418 877
418 953
418 1360
419 783
419 1179
420 758
420 1926
421 463
421 905
421 1244
421 1507
422 1364
422 1881
423 807
424 1241
424 1710
425 1495
426 1242
427 1246
427 1632
427 1994
428 494
428 996
428 1384
428 1413
429 784
429 1406
429 1429
430 661
430 1065
430 1576
430 1950
431 1277
431 1393
431 1992
432 1442
432 1512
433 604
433 858
433 943
433 1269
433 1688
433 1702
433 1903
434 460
434 1011
434 1371
434 1822
435 700
435 954
435 1526
435 1659
436 439
436 853
436 1780
436 1893
437 909
438 733
438 1378
439 760
439 1085
439 1315
439 1489
439 1983
440 557
440 1522
440 1978
441 460
442 573
442 822
442 1326
442 1365
443 805
443 1837
444 1477
444 1771
445 1282
445 1459
445 1656
445 1661
446 874
446 1348
446 1828
447 906
447 1332
447 1607
448 899
448 1377
450 615
450 817
450 1474
451 1274
452 817
452 1433
452 1993
453 1619
453 1944
454 723
454 1269
454 1740
454 1773
455 728
455 1155
455 1238
455 1934
456 565
456 673
456 1971
457 1378
457 1489
457 1979
458 1504
458 1751
459 682
459 699
459 741
459 1034
459 1576
460 994
460 1232
460 1659
460 1757
460 1923
461 535
461 1769
462 1270
462 1509
463 1180
463 1189
463 1252
463 1382
463 1749
463 1951
464 1511
464 1598
465 631
465 639
465 779
467 1662
468 1468
469 1257
470 755
470 1368
470 1602
471 958
472 737
472 833
472 1516
472 1899
473 954
473 1291
473 1423
474 741
474 1076
474 1359
475 1031
475 1408
476 698
476 762
476 1749
476 1838
477 641
477 1214
477 1348
478 1111
478 1533
479 715
479 800
479 1476
479 1696
480 724
480 1085
480 1896
481 664
481 1450
481 1575
481 1733
481 1744
482 685
482 1102
482 1416
482 1713
483 1019
483 1190
483 1402
483 1522
484 1578
484 1650
484 1838
486 812
486 1720
488 936
488 1198
489 1556
489 1770
489 1875
491 799
491 982
491 1073
491 1545
492 503
492 759
494 1116
497 1202
497 1217
499 1161
500 1241
501 927
501 1044
501 1511
501 1767
502 642
503 764
503 1027
503 1112
503 1171
504 994
505 1627
506 1178
506 1436
507 561
507 685
507 981
507 1095
507 1425
508 1038
509 1068
509 1434
509 1993
510 799
510 839
510 1560
511 708
512 723
513 982
514 756
514 1465
515 643
515 720
515 1621
516 793
516 1121
517 1061
517 1147
517 1316
517 1514
517 1626
517 1651
517 1758
518 739
518 977
518 1368
519 1085
519 1216
520 678
520 956
520 1280
520 1378
521 1430
521 1746
523 768
524 1420
524 1591
524 1593
525 1135
525 1393
526 1860
527 639
527 1472
527 1565
528 1206
529 1147
529 1174
530 631
530 1068
531 914
532 629
532 1697
532 1910
533 887
534 1588
535 1386
535 1707
536 1437
536 1601
537 1051
537 1137
537 1985
538 674
538 1410
538 1857
539 558
539 939
539 1230
539 1406
540 1141
541 916
542 763
542 1367
542 1943
542 1973
543 655
545 598
545 671
545 1246
545 1500
545 1960
547 832
547 1231
547 1258
548 1273
549 867
549 1351
549 1506
549 1847
550 1030
551 825
551 918
552 553
552 801
553 582
553 1628
554 1469
554 1642
555 1221
555 1700
555 1927
556 976
558 1629
558 1939
559 1072
559 1114
559 1147
559 1706
559 1831
560 702
560 1501
561 1182
561 1629
563 899
564 1317
565 782
566 1710
567 1230
568 1027
569 717
569 986
569 1620
570 1035
570 1679
571 1139
571 1897
572 1246
572 1779
573 916
573 1152
573 1315
573 1472
573 1586
574 1115
574 1273
575 1159
575 1650
577 654
577 822
577 1069
577 1396
578 1286
578 1348
579 1410
579 1574
579 1826
580 1278
580 1529
580 1913
581 1075
581 1850
582 732
582 1628
582 1975
584 764
585 1619
586 1751
586 1859
587 922
587 1460
587 1706
587 1878
589 928
589 1210
589 1877
591 1032
591 1546
592 1064
592 1914
592 1993
593 1110
593 1985
594 921
595 1084
596 1016
597 952
597 1637
599 1903
599 1989
600 1247
601 1610
602 1150
602 1697
602 1732
603 994
603 1448
603 1985
603 1997
604 677
604 1724
604 1725
604 1789
605 769
605 1644
605 1715
606 893
607 1477
607 1481
607 1729
609 669
609 1375
609 1845
610 740
610 787
610 945
611 1635
611 1993
612 914
612 1072
612 1605
613 1639
613 1682
614 676
614 800
614 817
614 937
614 1977
615 1236
615 1774
616 1102
617 1328
617 1543
617 1955
618 1316
619 1030
619 1416
619 1882
619 1943
620 988
620 1572
620 1749
620 1915
621 902
621 966
621 1048
621 1326
621 1463
622 1256
622 1273
622 1334
623 1691
624 754
624 1599
624 1988
626 1363
627 687
627 715
627 911
627 1509
628 777
628 1838
629 629
629 1547
630 710
630 1516
631 760
632 937
632 985
632 1455
632 1857
634 669
636 1268
638 723
638 962
638 1521
639 699
640 1110
640 1127
640 1249
640 1536
641 737
641 1606
642 1512
642 1567
643 1810
645 1057
646 1176
646 1283
647 1965
648 954
649 694
650 1129
650 1888
651 776
651 1081
651 1169
652 1067
652 1403
652 1578
653 655
653 951
653 1500
653 1672
654 917
654 996
656 956
657 860
658 945
658 1558
658 1751
659 864
660 829
662 886
662 1679
663 1358
663 1777
663 1788
664 958
665 710
665 1667
666 822
666 1209
667 1871
668 1561
669 924
669 1174
669 1847
670 1447
672 1136
675 1207
675 1266
675 1733
676 741
677 851
677 937
677 1670
678 1111
678 1835
679 854
679 1605
680 1075
680 1669
681 1627
682 1290
682 1727
682 1748
684 711
684 1817
684 1864
684 1976
685 1108
685 1203
686 713
686 1660
686 1697
686 1827
686 1977
687 1219
687 1994
688 728
688 742
688 771
688 1912
690 935
692 1149
693 1128
693 1463
694 697
694 1051
695 740
695 1300
696 1631
697 1509
698 1169
698 1689
699 1055
699 1315
699 1427
699 1631
700 1797
701 1553
701 1621
702 1579
703 793
703 1199
703 1788
706 1054
706 1748
707 773
707 1687
710 1193
711 756
711 1929
712 1388
712 1868
713 811
713 1184
713 1349
715 1226
715 1938
715 1998
716 747
716 1312
717 1474
718 995
718 1134
718 1749
719 1123
719 1567
720 904
720 1128
721 738
721 1728
723 1718
723 1958
724 741
725 897
725 1074
726 885
726 1268
727 1959
728 1255
728 1634
728 1908
729 1287
729 1305
730 778
731 835
731 839
731 1404
731 1913
732 1465
732 1631
733 948
733 1871
735 1154
736 849
736 1207
736 1609
736 1701
738 1853
739 1285
739 1794
739 1902
740 806
740 1020
741 1239
741 1604
741 1839
741 1879
742 1114
742 1913
743 1517
744 1090
744 1706
745 789
745 1060
746 797
746 822
747 1097
747 1770
747 1811
748 1838
749 1463
749 1753
749 1878
750 1107
752 836
752 1089
753 867
753 993
753 1571
754 1528
755 1242
757 1651
757 1973
758 996
758 1815
760 1181
760 1759
761 1380
762 1828
762 1842
763 811
763 1997
765 1008
765 1333
765 1448
766 1149
766 1447
767 925
767 1003
767 1393
768 1097
768 1680
769 892
769 1803
769 1854
770 810
770 1035
770 1218
770 1535
771 916
771 1690
771 1823
772 1068
772 1706
773 1015
773 1123
773 1334
773 1390
775 1837
775 1907
777 1546
778 1322
778 1837
779 969
779 1148
779 1401
779 1559
779 1608
779 1896
780 1387
780 1456
780 1706
780 1721
780 1763
781 1124
781 1183
781 1668
781 1874
781 1888
782 1160
782 1545
783 828
783 1186
784 1040
784 1249
784 1365
784 1535
784 1831
785 816
785 1797
785 1815
786 1042
787 1004
787 1610
788 806
788 1572
788 1794
788 1827
789 808
789 1177
790 1103
790 1148
790 1274
790 1796
790 1947
791 1793
791 1945
792 1969
793 1953
794 816
794 1304
794 1821
795 848
795 1366
795 1888
796 1771
796 1904
797 1340
797 1532
799 1987
800 1466
800 1983
803 1238
803 1622
804 1480
806 1009
806 1638
807 1885
809 1579
809 1743
810 1342
810 1719
810 1968
811 846
811 1927
812 1813
813 988
813 1590
813 1659
813 1836
814 1311
814 1324
816 1141
817 1143
818 1230
818 1995
820 1012
820 1380
820 1514
820 1836
821 1168
821 1604
821 1766
822 1105
823 1074
823 1911
824 961
824 1477
824 1612
825 1600
827 1191
827 1683
828 1864
830 945
830 1024
831 1636
832 1359
833 1192
834 1039
834 1510
834 1616
835 1085
835 1417
836 934
836 999
837 1181
837 1431
837 1639
838 1747
840 1026
840 1214
840 1309
840 1995
841 1635
843 1327
843 1642
844 904
844 1001
844 1119
845 1202
846 1587
847 875
847 1294
848 931
848 1568
849 1014
849 1265
850 1839
851 1018
851 1791
853 1513
855 1250
855 1384
856 1444
857 1999
858 1431
858 1558
859 1379
860 1730
861 884
861 1403
862 1395
862 1769
863 951
863 1436
863 1478
864 1999
865 1703
868 1437
870 930
870 1158
870 1916
871 1245
872 1908
873 1100
873 1432
873 1971
875 1687
875 1877
876 998
876 1539
877 1135
877 1591
878 1260
879 1534
880 1587
881 993
881 1865
882 1239
884 1098
884 1488
884 1778
885 1656
886 1629
886 1722
886 1896
886 1976
888 1883
888 1894
890 1136
890 1231
890 1374
891 1809
892 1569
894 1293
895 1190
895 1769
896 942
896 1606
896 1654
897 1845
898 1545
898 1737
898 1918
899 1311
899 1333
899 1518
900 1911
901 1140
901 1544
902 1655
904 1506
905 1406
907 1177
907 1184
907 1248
908 1932
909 1107
909 1455
909 1555
909 1559
909 1831
910 1148
911 1249
911 1261
911 1627
912 1571
914 1094
914 1234
914 1505
914 1625
914 1875
915 1190
917 1765
918 1288
919 1200
919 1268
919 1977
921 1984
922 1763
922 1873
923 1796
924 1848
925 1046
925 1367
926 1152
926 1196
926 1659
927 1087
928 1269
929 945
929 1406
930 1028
930 1330
931 1044
931 1387
931 1955
932 1363
932 1475
933 1455
934 1325
934 1912
936 1115
937 1360
937 1594
937 1609
938 1311
938 1578
939 1870
940 1226
940 1408
941 1247
941 1375
941 1453
941 1789
942 1409
942 1434
943 1022
943 1309
943 1336
943 1990
945 964
945 1201
945 1372
946 1357
948 1685
948 1829
948 1912
949 1638
950 968
950 1119
950 1275
951 1062
952 1296
952 1452
953 1216
955 1057
955 1381
955 1673
956 1112
956 1791
957 1825
958 1450
959 980
959 1061
959 1350
959 1791
960 1068
960 1572
961 1282
961 1684
962 1894
963 1553
964 1048
964 1187
965 1102
966 1326
966 1634
967 1375
967 1817
968 977
968 1033
968 1939
970 1367
970 1437
970 1908
971 1889
972 1788
972 1946
974 1211
974 1765
975 1792
975 1945
976 1093
977 998
977 1003
977 1256
977 1680
978 1177
978 1422
979 1478
981 1717
981 1881
983 1271
983 1350
984 1649
985 1586
985 1733
987 1275
987 1868
988 1750
988 1814
989 1098
989 1149
989 1280
989 1701
990 1006
990 1218
990 1576
990 1740
991 1167
991 1254
991 1573
992 1116
992 1539
992 1711
993 1120
993 1442
994 1645
995 1595
995 1805
996 1789
997 1240
997 1899
998 1124
998 1261
998 1351
998 1624
998 1784
998 1997
999 1109
1000 1749
1001 1237
1001 1533
1001 1589
1002 1265
1002 1420
1002 1663
1003 1817
1004 1195
1005 1793
1005 1983
1006 1049
1006 1616
1006 1962
1008 1095
1008 1630
1008 1761
1009 1184
1009 1578
1010 1210
1010 1251
1010 1897
1011 1633
1012 1710
1012 1857
1012 1927
1013 1119
1013 1479
1015 1508
1015 1838
1015 1839
1016 1356
1017 1183
1017 1384
1019 1394
1019 1933
1019 1945
1020 1114
1020 1192
1020 1929
1020 1966
1020 1997
1021 1805
1022 1434
1023 1132
1023 1321
1023 1902
1024 1429
1025 1723
1026 1114
1026 1571
1026 1617
1027 1128
1028 1702
1028 1974
1029 1123
1030 1464
1031 1191
1031 1282
1031 1926
1032 1719
1033 1172
1033 1834
1033 1906
1034 1282
1035 1083
1035 1383
1035 1884
1035 1954
1036 1308
1037 1449
1037 1533
1037 1899
1038 1442
1038 1983
1039 1821
1041 1276
1041 1509
1043 1205
1043 1765
1043 1825
1045 1706
1045 1734
1045 1881
1047 1233
1047 1645
1047 1873
1048 1503
1048 1827
1049 1793
1050 1366
1050 1578
1052 1149
1052 1960
1053 1442
1053 1575
1054 1172
1054 1363
1054 1798
1055 1666
1056 1771
1057 1269
1058 1304
1058 1681
1059 1266
1059 1424
1059 1988
1060 1194
1061 1278
1062 1455
1062 1697
1062 1929
1063 1737
1064 1664
1065 1219
1065 1235
1065 1529
1065 1573
1066 1492
1066 1569
1067 1200
1068 1163
1068 1485
1068 1726
1070 1832
1072 1076
1072 1365
1072 1594
1073 1169
1073 1177
1074 1854
1074 1869
1075 1989
1076 1800
1077 1155
1077 1350
1079 1090
1081 1404
1081 1997
1083 1448
1084 1151
1085 1792
1085 1868
1086 1208
1086 1589
1087 1392
1088 1220
1088 1336
1089 1302
1092 1646
1093 1206
1093 1354
1094 1747
1095 1558
1095 1903
1096 1333
1099 1478
1100 1800
1100 1950
1103 1216
1103 1861
1104 1673
1104 1767
1105 1485
1105 1721
1105 1738
1106 1183
1107 1196
1110 1221
1110 1363
1110 1890
1111 1267
1111 1924
1112 1196
1112 1246
1115 1771
1116 1901
1117 1189
1118 1141
1118 1440
1118 1442
1118 1500
1119 1349
1124 1203
1124 1453
1124 1810
1127 1620
1127 1723
1127 1865
1128 1623
1128 1872
1128 1925
1129 1178
1129 1917
1130 1689
1132 1347
1134 1593
1134 1670
1135 1185
1135 1350
1136 1164
1136 1838
1137 1395
1138 1298
1139 1239
1139 1618
1139 1952
1141 1259
1141 1529
1141 1790
1141 1892
1141 1950
1143 1453
1143 1461
1144 1256
1144 1308
1144 1449
1145 1994
1146 1558
1147 1736
1148 1280
1148 1300
1148 1302
1150 1493
1151 1256
1151 1739
1151 1861
1153 1886
1156 1886
1156 1964
1157 1363
1158 1483
1160 1502
1161 1558
1163 1952
1164 1407
1164 1807
1165 1234
1165 1701
1165 1888
1166 1303
1166 1537
1168 1376
1169 1773
1171 1187
1171 1946
1172 1215
1172 1241
1172 1726
1173 1547
1173 1764
1174 1281
1175 1675
1177 1689
1178 1504
1178 1634
1179 1718
1180 1853
1182 1715
1183 1325
1183 1513
1183 1584
1183 1672
1183 1689
1183 1727
1184 1235
1184 1513
1184 1707
1185 1307
1185 1610
1188 1587
1189 1730
1189 1792
1191 1544
1193 1985
1194 1198
1194 1607
1196 1464
1197 1546
1197 1899
1198 1292
1199 1654
1200 1630
1203 1444
1204 1363
1204 1558
1205 1414
1206 1381
1206 1690
1206 1868
1208 1922
1209 1379
1210 1425
1210 1682
1210 1912
1211 1250
1213 1709
1214 1287
1215 1366
1217 1421
1217 1433
1218 1419
1218 1598
1220 1581
1221 1433
1221 1741
1222 1450
1222 1955
1224 1734
1225 1654
1226 1382
1226 1614
1226 1789
1227 1414
1227 1976
1228 1393
1229 1646
1229 1742
1231 1339
1231 1558
1231 1858
1232 1607
1233 1278
1233 1732
1238 1674
1239 1690
1239 1989
1241 1473
1241 1536
1243 1292
1244 1815
1246 1355
1248 1674
1249 1364
1251 1402
1251 1606
1251 1709
1253 1562
1253 1708
1253 1920
1256 1850
1256 1955
1257 1274
1258 1308
1258 1920
1259 1621
1262 1352
1262 1403
1262 1497
1262 1657
1262 1661
1263 1575
1263 1637
1264 1699
1265 1779
1266 1423
1266 1784
1266 1796
1266 1817
1266 1851
1267 1605
1267 1644
1268 1532
1269 1928
1270 1927
1270 1995
1272 1415
1272 1946
1276 1394
1276 1427
1278 1993
1280 1393
1281 1291
1282 1484
1282 1764
1282 1900
1283 1598
1284 1379
1288 1299
1288 1527
1289 1361
1289 1888
1289 1983
1289 1992
1290 1969
1292 1449
1292 1733
1293 1406
1297 1723
1297 1835
1297 1908
1298 1477
1299 1674
1300 1510
1300 1864
1300 1891
1301 1855
1301 1860
1302 1577
1302 1965
1305 1616
1306 1715
1309 1484
1309 1687
1310 1713
1310 1750
1313 1456
1314 1475
1315 1919
1318 1686
1318 1941
1319 1461
1320 1544
1320 1562
1323 1564
1324 1561
1325 1571
1326 1477
1328 1346
1328 1455
1328 1687
1329 1453
1331 1366
1337 1377
1340 1670
1340 1922
1341 1364
1342 1895
1343 1803
1344 1672
1345 1601
1345 1804
1346 1680
1346 1966
1349 1483
1349 1691
1350 1608
1351 1471
1352 1483
1354 1584
1354 1687
1355 1770
1357 1743
1357 1883
1358 1404
1358 1510
1358 1973
1359 1381
1359 1719
1359 1979
1360 1417
1362 1615
1363 1658
1363 1759
1365 1580
1366 1993
1369 1458
1369 1869
1370 1451
1371 1560
1371 1872
1373 1587
1374 1451
1374 1831
1375 1526
1376 1827
1377 1378
1377 1554
1377 1859
1378 1436
1379 1471
1380 1833
1381 1978
1383 1729
1385 1504
1385 1616
1385 1626
1385 1730
1386 1839
1388 1532
1388 1960
1392 1821
1393 1428
1394 1579
1394 1636
1395 1539
1395 1926
1396 1824
1398 1674
1398 1824
1398 1984
1399 1428
1400 1689
1401 1828
1403 1489
1404 1628
1405 1931
1406 1475
1410 1795
1417 1659
1419 1753
1421 1845
1422 1683
1423 1992
1425 1763
1428 1621
1429 1718
1430 1746
1430 1900
1431 1449
1431 1789
1432 1839
1436 1830
1436 1865
1439 1618
1444 1789
1447 1478
1447 1795
1450 1616
1452 1699
1453 1492
1453 1525
1453 1963
1454 1681
1454 1801
1454 1924
1455 1689
1458 1991
1461 1721
1461 1808
1461 1896
1461 1980
1464 1807
1467 1476
1469 1562
1469 1943
1471 1843
1471 1844
1472 1555
1474 1624
1474 1649
1474 1785
1475 1980
1476 1932
1476 1970
1478 1605
1478 1851
1479 1660
1479 1750
1480 1930
1481 1984
1482 1879
1483 1958
1484 1627
1486 1766
1489 1848
1491 1582
1492 1695
1496 1715
1497 1926
1498 1538
1499 1796
1500 1896
1504 1560
1504 1673
1506 1588
1506 1699
1507 1707
1509 1737
1509 1865
1511 1527
1513 1607
1513 1667
1514 1700
1515 1939
1517 1884
1517 1987
1521 1849
1523 1735
1524 1803
1524 1823
1524 1837
1525 1623
1526 1561
1528 1630
1528 1714
1529 1851
1531 1746
1535 1918
1541 1702
1543 1976
1546 1576
1547 1851
1548 1960
1549 1570
1550 1816
1551 1556
1551 1712
1552 1732
1553 1559
1553 1578
1553 1729
1555 1719
1556 1686
1556 1813
1557 1916
1560 1755
1560 1807
1562 1878
1564 1674
1565 1685
1565 1807
1566 1681
1566 1902
1566 1988
1567 1630
1567 1738
1567 1968
1569 1594
1570 1580
1573 1694
1573 1697
1574 1631
1574 1922
1577 1936
1578 1689
1583 1813
1583 1983
1584 1861
1584 1960
1587 1969
1588 1703
1589 1627
1591 1727
1596 1742
1599 1862
1600 1699
1601 1884
1606 1687
1606 1734
1608 1969
1609 1808
1613 1844
1614 1617
1617 1704
1617 1789
1618 1910
1620 1987
1621 1748
1621 1982
1621 1992
1622 1633
1622 1759
1627 1764
1627 1951
1628 1829
1630 1715
1632 1875
1635 1637
1635 1725
1636 1838
1636 1918
1637 1659
1637 1834
1638 1761
1639 1696
1640 1666
1643 1819
1645 1934
1645 1990
1646 1863
1648 1675
1648 1990
1649 1798
1650 1952
1653 1819
1658 1843
1664 1847
1665 1793
1665 1996
1666 1760
1672 1857
1672 1912
1676 1987
1677 1705
1680 1965
1681 1911
1682 1739
1687 1695
1689 1908
1697 1912
1699 1888
1701 1770
1704 1867
1708 1831
1710 1778
1710 1981
1712 1847
1712 1892
1719 1963
1725 1950
1726 1962
1727 1995
1728 1853
1729 1734
1738 1876
1744 1861
1750 1846
1755 1932
1761 1994
1762 1809
1764 1802
1765 1789
1768 1786
1771 1888
1772 1790
1773 1977
1775 1896
1776 1833
1776 1982
1780 1978
1781 1923
1782 1826
1782 1842
1784 1834
1784 1963
1794 1982
1796 1829
1797 1928
1801 1926
1802 1847
1808 1952
1810 1924
1811 1946
1814 1919
1815 1897
1822 1862
1824 1948
1826 1869
1827 1872
1832 1867
1832 1884
1841 1841
1846 1922
1852 1924
1854 1883
1854 1893
1861 1985
1865 1998
1873 1973
1895 1960
1897 1963
1906 1961
1926 1941
1933 1962
1939 1993
1949 1975
