2000
0 1479
1 1142
3 70
3 581
4 948
4 1183
5 1856
5 1927
5 1935
7 873
8 344
8 429
8 668
9 530
9 1713
11 1104
11 1777
13 1481
14 1402
16 1096
17 244
17 1126
18 1080
20 60
20 404
20 585
22 129
22 532
22 1801
24 158
24 266
24 500
24 1380
27 993
27 1683
28 1652
29 820
29 853
29 1188
29 1602
29 1706
30 1579
30 1628
31 1223
31 1242
33 1984
34 1574
34 1869
35 1742
36 363
36 681
36 753
37 107
37 310
37 932
37 1815
38 574
38 1528
39 374
39 1089
40 1514
42 1414
42 1473
43 1414
44 1095
45 496
46 1808
47 627
48 85
48 1106
48 1481
50 591
51 756
51 1156
51 1220
53 1994
55 381
56 102
56 1150
56 1424
56 1693
57 861
57 1441
58 662
58 1912
59 409
59 1573
60 1964
61 1053
62 760
62 937
64 1796
65 1561
65 1705
67 1305
67 1982
68 996
68 1342
69 1356
69 1538
70 523
70 1629
71 786
71 1387
72 218
72 919
74 558
74 1375
75 331
75 1830
76 1417
76 1810
78 265
79 582
79 917
79 1933
80 489
80 1411
81 429
81 506
82 305
82 989
82 1398
83 841
83 1280
83 1654
86 506
86 1523
87 547
87 1800
88 722
88 1876
90 1425
91 565
92 342
92 834
93 364
94 1812
95 595
95 1107
95 1266
95 1530
95 1779
96 334
96 584
96 1979
99 855
100 643
102 1607
103 227
103 449
103 1275
104 1152
108 1841
110 197
110 283
110 1454
113 686
115 1920
118 630
118 1468
118 1744
122 451
123 956
123 1013
124 347
124 1641
126 262
126 590
127 332
127 1127
127 1393
127 1982
128 222
128 1033
130 612
130 1744
133 228
134 154
134 1227
135 398
135 609
135 1726
135 1885
135 1983
136 1497
136 1700
138 1549
138 1914
139 1665
139 1669
140 281
140 539
140 660
141 1945
142 232
144 207
144 867
144 1716
145 250
146 389
146 600
146 1234
147 1977
148 1234
148 1561
148 1629
150 837
151 1702
152 1200
153 997
153 1810
154 1992
155 1995
158 624
158 1756
159 767
159 972
160 363
160 576
162 447
163 1187
165 189
166 1023
167 239
167 1765
168 793
170 1440
170 1905
171 566
172 887
174 964
174 1324
174 1969
175 524
175 1109
175 1691
176 391
178 1845
179 1598
180 487
181 548
182 707
183 684
185 212
185 1705
187 1178
188 480
188 543
188 1420
188 1598
189 383
190 231
190 300
190 689
190 916
190 1652
191 864
192 1666
194 1122
194 1726
194 1898
195 1860
196 1721
197 545
197 736
198 1152
199 1643
200 397
200 1639
202 1281
202 1976
203 1004
203 1434
204 1094
204 1970
205 231
205 889
205 1289
205 1409
206 460
206 847
206 952
207 397
207 639
208 731
208 799
208 1122
208 1643
208 1971
209 1176
209 1216
209 1375
210 718
210 798
211 211
211 401
211 453
213 267
213 468
213 835
214 735
214 1890
215 1088
216 748
216 1657
217 657
219 1799
220 1570
221 444
221 731
221 1159
223 1046
224 671
228 378
228 1091
229 1195
229 1800
230 1926
231 844
231 968
231 1921
232 394
232 529
232 1526
232 1997
233 1932
234 521
234 752
235 1188
236 1716
237 1456
239 1151
240 474
240 1701
241 1593
242 574
242 1581
243 1581
243 1615
244 382
244 964
245 1890
246 457
246 1591
247 1654
248 1444
249 1703
250 372
250 1738
251 1601
252 1797
254 296
254 587
256 356
256 799
256 1709
257 1645
257 1725
258 504
258 964
258 1709
260 280
260 856
260 1246
261 1994
262 727
263 502
263 609
263 1860
265 445
265 1086
267 1412
267 1509
268 700
268 805
269 592
269 798
269 1420
269 1542
269 1724
270 1200
273 1993
277 1486
279 855
279 1262
281 1579
282 716
282 796
282 839
282 1829
283 657
283 1197
284 1292
284 1363
284 1762
285 379
286 1332
287 536
287 575
287 719
287 1807
288 1132
288 1181
289 1845
290 522
290 1665
290 1707
292 634
293 822
294 351
294 895
295 1289
296 1534
297 1713
298 433
298 445
298 1835
300 1030
300 1691
301 663
302 492
302 1866
303 1509
303 1583
304 565
304 1363
305 858
305 892
305 936
306 1963
308 405
309 1440
311 1204
313 1485
313 1561
314 567
314 1279
314 1319
314 1412
315 1912
316 915
316 1962
317 319
317 1748
318 1746
318 1871
319 567
319 1516
319 1969
320 507
323 499
323 623
323 1533
323 1580
324 1135
324 1201
324 1838
325 406
325 496
325 1129
325 1449
325 1456
326 418
326 859
326 1304
328 1832
330 1259
331 902
332 1107
332 1719
333 746
333 1223
334 1122
336 865
336 1601
337 679
338 1653
339 1090
339 1517
340 877
340 1847
340 1905
341 1209
341 1526
342 891
342 1661
342 1742
343 1316
345 349
350 661
350 1199
351 1982
352 1263
352 1909
353 367
354 913
355 1411
355 1601
355 1876
356 1441
356 1557
356 1727
359 1308
359 1774
361 430
362 1447
363 983
366 619
366 1649
367 904
367 1019
367 1393
367 1600
367 1727
368 1375
369 374
370 381
370 662
370 1679
371 402
371 1529
372 532
372 1518
373 574
373 898
373 1503
373 1732
374 1732
377 749
377 972
377 1522
378 1534
378 1764
380 380
380 888
380 1217
381 681
381 1459
382 1243
382 1743
383 866
384 1475
385 679
387 579
387 1249
387 1524
387 1929
389 1085
389 1584
389 1625
389 1702
389 1704
390 1938
391 1373
392 1568
393 1447
393 1572
394 490
394 1769
396 1371
397 1423
397 1512
398 1652
400 851
400 917
400 1605
400 1962
402 1297
403 1532
404 413
404 1726
405 1557
405 1620
405 1918
406 460
407 884
407 1080
407 1163
407 1273
409 1304
410 1253
412 1408
414 501
414 953
415 450
415 1341
417 974
417 1125
418 678
419 1484
420 1231
420 1502
421 471
421 621
424 704
425 728
425 1663
426 1878
426 1936
427 1832
428 1805
429 1942
430 495
431 1113
432 1761
433 490
433 577
433 1300
434 454
434 975
435 446
435 1370
436 1029
437 1060
437 1239
440 1803
441 527
441 1711
442 491
443 1290
444 1299
445 809
445 1848
446 1902
447 1154
448 449
449 1372
450 997
450 1504
450 1590
451 883
452 771
453 1329
454 959
454 1018
454 1402
454 1849
456 698
456 1250
457 1167
457 1347
457 1402
459 1401
459 1675
460 1253
461 461
461 793
461 889
461 1774
462 985
462 1215
466 529
466 578
468 559
469 658
470 1171
470 1236
470 1624
470 1797
471 600
471 764
473 647
474 948
474 978
474 1458
474 1977
475 573
475 775
476 895
477 643
477 1523
478 583
478 1733
479 730
479 1603
479 1816
480 1444
480 1701
482 639
482 939
484 1976
485 1747
485 1780
486 1969
491 545
491 1947
492 581
492 1315
492 1980
494 839
494 1327
495 1234
495 1287
496 1759
497 1220
497 1409
497 1956
498 574
499 1496
499 1954
501 1480
503 505
503 902
503 1604
503 1857
506 1370
507 1052
508 622
508 1444
510 890
511 572
511 662
511 1254
513 541
513 1995
514 539
514 665
514 1018
514 1937
515 1967
516 627
516 1535
516 1807
520 1886
521 1891
524 1060
524 1715
526 1412
527 740
528 1597
529 1243
529 1564
530 559
532 927
532 1170
534 1276
537 693
539 1245
540 1060
540 1498
541 960
541 1506
541 1810
542 1953
542 1984
543 929
543 1026
544 885
544 1164
545 760
545 1654
546 1717
547 1328
547 1618
548 1739
549 1965
550 1104
551 1130
552 700
552 1977
553 1211
555 1163
556 1437
556 1695
556 1703
556 1755
557 719
557 923
557 1080
557 1841
559 1807
561 1357
562 1239
563 1418
563 1724
565 613
566 1463
567 944
567 1988
568 892
569 753
569 1103
570 1673
572 1614
573 1541
575 595
577 732
581 1538
582 1357
582 1829
584 1125
584 1546
588 701
589 1689
591 1451
591 1995
592 1286
595 1518
596 1119
597 1029
597 1235
597 1690
598 763
599 875
599 1960
601 862
601 1312
601 1381
602 1581
604 1284
607 1606
609 1630
610 812
610 1690
611 1569
612 1622
612 1940
613 1919
614 1798
616 810
618 1382
618 1647
622 1538
622 1596
623 1420
623 1495
623 1598
624 1745
627 1026
627 1208
628 633
628 1704
629 904
630 1417
631 700
633 1545
633 1914
634 1914
634 1952
636 800
636 1406
637 1117
637 1771
638 731
639 1221
639 1894
643 854
645 1408
645 1789
646 1036
646 1928
647 1718
648 1208
650 914
651 1237
651 1797
652 1692
653 754
653 807
653 869
653 1315
654 1887
660 998
660 1931
661 1700
662 1353
662 1508
663 725
663 937
663 1209
663 1658
668 900
669 1126
669 1761
671 971
671 1953
672 1406
674 753
674 1168
675 878
675 1113
676 797
676 1398
676 1842
677 1606
678 1287
679 1186
679 1241
682 1925
686 1916
687 1438
687 1894
687 1974
688 887
688 1617
689 1354
690 994
691 1872
692 1547
697 1417
698 945
698 983
699 1140
700 760
700 1393
700 1790
700 1921
701 778
702 907
704 1365
704 1498
705 980
708 984
710 872
710 1085
711 1045
711 1760
712 719
712 1159
712 1342
713 1100
714 1081
715 1158
715 1173
716 1262
717 947
717 1424
719 922
719 1246
720 742
720 1437
722 753
723 1496
725 1172
726 1795
728 924
729 1265
730 1009
730 1539
734 847
734 1344
734 1737
735 1954
736 1746
737 1223
738 841
738 1054
738 1978
738 1987
739 1210
739 1984
740 1257
740 1371
740 1853
741 1023
742 1794
743 775
743 1008
743 1258
745 934
745 1922
746 843
746 1281
747 998
747 1064
749 1924
752 1224
753 1398
755 1936
756 923
756 1876
757 1368
757 1743
758 1957
759 1815
762 1475
763 779
764 1811
765 890
768 896
769 1756
771 1800
772 809
773 1046
779 914
779 1118
779 1451
780 977
780 1232
781 1860
782 1711
783 1154
784 872
786 809
786 944
787 1898
788 1433
788 1596
789 1465
791 987
792 981
796 1895
797 1408
798 1552
800 1230
802 1177
804 1584
805 1777
806 887
811 1171
811 1951
813 1302
815 1011
817 935
818 1675
818 1982
819 1257
819 1691
821 902
821 1998
822 1108
824 1381
825 1678
828 990
829 866
829 1059
829 1814
830 1438
831 1194
831 1488
833 1819
834 1818
836 872
836 1137
836 1348
836 1545
837 1849
837 1977
839 1504
841 1019
842 899
842 1086
842 1483
843 1583
847 1238
848 1301
848 1550
848 1831
848 1947
849 1361
851 1297
851 1739
853 867
853 958
853 1473
853 1485
853 1621
854 1124
856 1533
856 1797
857 1731
859 989
859 1324
859 1474
862 1637
865 1919
867 916
867 1104
868 954
868 1954
869 1940
872 1354
872 1617
872 1743
874 908
875 1106
876 907
878 1544
878 1826
878 1933
879 1091
880 1529
882 1460
883 1986
884 1132
884 1818
885 1847
886 1036
886 1828
887 966
888 1501
891 1006
891 1101
891 1932
892 1102
893 1377
893 1485
894 1779
896 1123
896 1807
898 1461
898 1937
901 958
902 1542
906 1258
906 1830
908 928
908 1261
909 1850
912 1282
914 1840
914 1902
915 1681
916 948
916 1102
917 1520
917 1903
920 1104
920 1312
921 1184
921 1384
921 1411
921 1951
922 1281
923 1040
924 1225
925 1405
925 1607
925 1615
926 1029
926 1274
927 1070
927 1127
929 1184
929 1651
930 1283
930 1563
932 1387
933 1404
934 1251
934 1496
934 1679
934 1710
936 1636
938 1029
939 1201
940 1554
942 1778
943 1691
944 1617
946 1589
947 1048
947 1922
948 1362
948 1726
949 1931
950 1241
951 1979
956 1403
958 997
960 1667
961 1873
963 1956
965 1848
966 1413
967 1458
968 1584
969 1230
969 1890
970 1799
972 1528
976 1235
976 1384
976 1679
977 1075
979 1656
980 1390
982 1197
983 1511
983 1725
984 1252
986 1736
987 1849
988 1945
989 1037
989 1604
990 1020
990 1262
994 1115
995 1080
995 1148
996 1114
996 1147
998 1020
998 1479
999 1105
999 1252
1000 1374
1002 1787
1004 1474
1006 1613
1011 1171
1011 1492
1018 1317
1021 1088
1021 1728
1022 1211
1023 1408
1023 1720
1024 1340
1025 1083
1027 1101
1027 1909
1028 1356
1028 1507
1028 1701
1028 1865
1030 1434
1030 1634
1031 1078
1033 1474
1033 1564
1035 1903
1036 1830
1037 1108
1039 1758
1042 1270
1043 1542
1047 1391
1048 1641
1049 1625
1052 1254
1055 1487
1056 1900
1057 1800
1058 1097
1059 1299
1060 1282
1061 1352
1063 1108
1065 1342
1065 1955
1075 1128
1075 1567
1079 1269
1079 1839
1079 1908
1081 1221
1083 1133
1086 1635
1086 1675
1086 1701
1089 1201
1091 1132
1091 1171
1091 1401
1093 1838
1094 1228
1094 1505
1096 1386
1100 1420
1104 1816
1105 1230
1106 1300
1110 1156
1113 1721
1116 1491
1117 1877
1119 1644
1120 1920
1122 1261
1123 1646
1124 1493
1125 1568
1128 1803
1130 1980
1134 1153
1134 1955
1135 1897
1136 1238
1138 1384
1140 1899
1141 1472
1141 1887
1142 1299
1144 1409
1145 1525
1146 1581
1146 1853
1147 1407
1152 1707
1154 1336
1154 1538
1155 1337
1157 1260
1160 1704
1166 1837
1167 1782
1169 1785
1170 1316
1170 1874
1172 1366
1172 1765
1173 1453
1174 1797
1174 1966
1176 1556
1177 1985
1178 1252
1178 1270
1179 1207
1184 1430
1184 1553
1184 1628
1184 1718
1186 1883
1188 1898
1188 1950
1189 1267
1189 1684
1190 1252
1191 1597
1194 1441
1195 1586
1195 1697
1195 1819
1197 1888
1201 1688
1203 1344
1203 1851
1204 1631
1205 1565
1205 1691
1207 1659
1207 1912
1211 1889
1212 1324
1220 1402
1222 1401
1222 1874
1223 1943
1225 1271
1227 1474
1231 1833
1234 1734
1235 1253
1236 1505
1239 1422
1241 1265
1244 1789
1246 1364
1246 1962
1247 1576
1247 1761
1247 1884
1248 1610
1250 1380
1250 1797
1256 1492
1256 1766
1257 1606
1257 1964
1258 1535
1260 1658
1266 1613
1269 1921
1271 1897
1273 1353
1274 1517
1275 1460
1276 1537
1276 1661
1277 1518
1278 1384
1278 1396
1279 1755
1282 1497
1284 1544
1286 1898
1288 1742
1290 1644
1290 1687
1292 1518
1293 1397
1295 1603
1300 1394
1306 1857
1306 1933
1308 1775
1309 1329
1313 1514
1314 1380
1315 1825
1319 1861
1319 1891
1322 1539
1324 1716
1325 1405
1325 1954
1328 1506
1333 1596
1334 1391
1335 1630
1342 1613
1347 1410
1350 1403
1352 1759
1352 1908
1353 1535
1353 1594
1356 1670
1361 1521
1361 1939
1361 1972
1363 1499
1374 1455
1374 1587
1375 1946
1378 1528
1380 1693
1381 1390
1381 1833
1383 1654
1384 1795
1389 1721
1393 1838
1395 1525
1397 1446
1399 1422
1400 1472
1404 1550
1409 1754
1410 1651
1411 1935
1412 1528
1412 1750
1413 1967
1416 1849
1417 1529
1417 1977
1419 1467
1424 1925
1428 1645
1428 1856
1432 1853
1432 1945
1438 1550
1439 1640
1444 1576
1445 1710
1446 1959
1449 1842
1451 1719
1461 1742
1461 1872
1464 1590
1464 1637
1467 1812
1468 1715
1473 1636
1475 1716
1475 1809
1478 1886
1480 1822
1484 1542
1487 1727
1489 1669
1493 1753
1495 1866
1496 1564
1498 1799
1502 1752
1505 1616
1506 1582
1507 1738
1514 1891
1516 1651
1518 1928
1527 1998
1534 1888
1535 1975
1540 1659
1541 1705
1542 1980
1544 1800
1545 1959
1551 1627
1556 1923
1560 1759
1563 1924
1564 1880
1567 1887
1570 1741
1574 1770
1574 1793
1577 1909
1579 1882
1589 1693
1590 1721
1590 1939
1594 1657
1596 1970
1602 1768
1608 1703
1609 1630
1610 1618
1614 1879
1620 1833
1627 1879
1628 1835
1635 1824
1637 1898
1641 1765
1645 1932
1648 1970
1650 1680
1655 1770
1658 1950
1663 1760
1663 1886
1678 1707
1679 1792
1679 1824
1686 1945
1687 1892
1689 1714
1693 1826
1699 1898
1700 1767
1705 1775
1713 1745
1714 1838
1725 1946
1727 1831
1733 1774
1736 1951
1740 1802
1740 1898
1742 1886
1748 1760
1752 1931
1755 1987
1757 1832
1757 1925
1758 1843
1762 1989
1763 1990
1765 1782
1768 1914
1770 1959
1776 1908
1781 1932
1781 1953
1792 1865
1794 1800
1795 1800
1795 1990
1820 1852
1827 1854
1831 1930
1832 1897
1834 1945
1836 1901
1841 1944
1848 1898
1855 1948
1861 1896
1895 1942
1915 1934
1932 1945
1963 1963
