2000
0 1270
3 1445
10 19
13 1256
17 1698
21 921
21 1161
27 1270
35 500
46 1736
53 1606
55 1841
66 1000
86 307
97 354
103 1689
107 334
111 686
125 1778
140 1335
141 147
155 1925
166 682
173 1303
182 1632
186 1786
189 1596
214 1384
231 1667
233 369
236 578
243 1849
252 1186
255 1597
256 1905
265 426
270 1229
271 783
272 388
280 1084
281 1215
282 969
289 1842
298 376
304 994
310 1590
321 1807
323 1719
330 1512
344 722
344 1360
345 1678
345 1772
352 424
355 1055
363 544
364 1705
373 1751
380 677
384 1432
410 818
412 994
428 1901
431 1723
436 938
437 1037
437 1676
438 1256
438 1474
442 1889
443 648
447 687
447 1526
457 717
458 661
459 1024
460 641
460 814
463 737
469 1885
473 1739
474 1413
475 1484
476 1944
485 654
486 596
487 1301
487 1838
499 1940
507 1298
510 1704
515 1385
518 1248
520 1278
529 1584
545 1952
556 895
556 1023
557 1896
563 1206
593 1723
600 1781
617 1123
628 1481
630 1997
639 926
654 783
661 1182
668 1645
673 1483
684 1380
687 1064
698 1833
699 1563
709 1764
722 1642
731 1000
738 1140
739 842
742 986
749 981
753 1584
766 1024
767 1476
776 1513
833 1090
833 1245
846 1829
858 1107
859 1255
860 1290
882 1589
882 1906
894 991
902 1615
903 1718
929 1093
929 1889
950 1187
954 1769
958 1581
960 1019
981 1343
983 1037
1002 1327
1003 1762
1007 1851
1012 1430
1016 1970
1024 1477
1026 1870
1042 1203
1043 1782
1046 1839
1050 1772
1071 1692
1072 1696
1074 1460
1102 1820
1118 1848
1119 1572
1129 1220
1170 1276
1177 1568
1185 1529
1187 1849
1189 1889
1199 1271
1199 1696
1222 1573
1255 1623
1276 1304
1282 1889
1286 1344
1302 1380
1303 1787
1306 1603
1312 1774
1324 1966
1390 1615
1400 1463
1419 1652
1427 1444
1430 1492
1444 1662
1456 1586
1537 1690
1558 1857
1591 1814
1593 1953
1595 1660
1602 1667
1610 1926
1621 1944
1639 1915
1658 1803
1701 1803
1729 1858
1765 1946
