2000
1 922
3 974
4 355
4 1002
4 1823
5 1006
6 1089
6 1392
7 168
8 1202
9 903
10 1325
11 1883
12 1093
12 1250
13 14
16 138
16 431
22 268
22 614
22 739
23 454
24 1567
25 1854
26 1037
27 1475
28 43
31 1847
33 309
33 1071
34 1920
35 1761
36 1012
37 382
37 1577
38 336
39 718
40 1887
42 1632
45 324
45 499
46 188
48 1552
50 314
50 1571
51 1638
53 1387
55 683
56 1818
58 392
60 138
61 184
61 747
62 1249
62 1703
63 1208
64 721
64 1641
66 904
67 639
68 1189
69 1663
69 1691
69 1694
70 587
70 1027
70 1262
70 1374
71 670
72 1444
73 248
74 346
74 577
75 329
76 104
76 728
76 1949
78 708
78 1025
78 1906
81 421
83 206
84 1819
85 146
85 1274
86 1364
86 1941
88 1655
89 1302
91 1412
92 1077
94 343
94 1683
95 987
95 1089
97 1011
99 625
99 1085
100 830
100 1641
105 789
105 1876
108 1400
109 160
109 1018
110 1324
112 1619
114 1886
115 1881
116 130
116 1229
117 1946
119 764
119 1954
120 1247
121 615
121 1060
122 744
122 1188
123 803
125 1101
126 450
127 792
127 1657
128 984
130 283
132 1811
133 1718
135 579
135 1590
138 1288
139 1306
140 832
141 875
141 1823
142 605
142 1037
143 526
143 1449
144 895
146 1366
147 1977
150 1439
153 1863
155 267
157 1664
157 1689
159 677
160 634
160 642
160 975
160 1041
161 1669
162 931
162 1814
163 668
164 773
166 769
168 630
168 1332
169 1623
171 1521
172 1321
172 1960
173 1404
174 1844
175 1501
175 1673
177 1170
178 1432
180 605
181 918
182 919
182 1051
186 988
186 1376
186 1988
189 1769
191 1692
192 1439
193 272
194 331
194 807
200 864
202 896
202 1707
203 1218
204 436
205 1273
205 1595
206 278
206 1015
207 729
209 963
211 1435
214 226
215 450
218 1334
218 1844
220 903
222 1858
224 457
225 785
226 314
227 298
228 457
229 1564
229 1652
229 1663
230 1620
235 280
235 1628
236 390
236 1001
236 1303
237 544
237 767
238 348
240 974
240 1032
240 1702
242 1755
245 248
245 789
245 1595
247 1281
248 1255
250 574
250 1038
251 813
251 1394
256 1660
260 1099
261 706
261 1908
262 801
263 744
263 1539
263 1844
265 612
265 1620
266 631
267 1179
269 912
270 788
271 1431
271 1615
274 1104
278 1354
278 1893
279 547
280 512
281 653
284 1807
288 414
289 1551
289 1972
290 1378
291 1332
292 1042
293 1683
294 950
295 370
296 696
296 728
297 1636
299 1641
301 883
303 1313
303 1970
304 693
307 587
308 447
310 1337
312 1650
313 1074
314 1516
315 396
315 1897
317 938
317 1059
317 1643
318 658
319 820
320 486
321 1733
321 1863
322 1056
323 350
323 659
323 1265
324 554
324 1195
325 791
326 483
326 786
326 1176
327 732
327 1107
327 1144
327 1946
328 971
329 1524
330 865
330 1511
331 639
332 399
333 1290
333 1905
335 516
335 1835
336 1772
337 1614
338 338
338 837
338 921
339 1955
340 1400
341 499
341 800
342 542
343 1166
346 467
346 621
352 686
354 1705
356 1997
357 1586
361 1431
362 407
362 1512
363 988
363 1634
364 1224
366 1083
371 676
371 746
371 898
374 1104
375 820
376 919
376 1920
377 767
378 1018
380 857
380 948
380 1286
383 1756
385 1560
387 1468
390 1383
391 1318
392 1312
394 1235
396 493
396 592
398 1229
399 742
399 997
400 1978
402 1668
402 1832
402 1917
403 887
403 1414
403 1664
404 628
406 511
406 1407
408 622
409 872
410 576
410 663
410 1406
411 1608
412 782
413 812
414 1296
416 1825
417 643
419 927
424 1691
426 1087
428 1523
429 1359
434 654
434 1846
435 759
435 821
442 1871
443 1861
444 1917
446 945
448 1023
449 677
454 1972
456 473
456 1357
457 1662
458 914
460 1816
463 1103
464 1452
464 1524
465 1025
466 797
469 630
469 1471
471 1314
473 1285
476 812
476 992
477 1321
478 1278
478 1505
479 1698
484 800
486 1409
486 1926
488 793
490 1911
491 851
492 856
493 559
495 1884
496 1665
499 631
504 702
504 704
505 1130
508 1551
509 1355
512 646
513 724
513 1212
516 1849
520 889
521 1141
522 1559
522 1889
524 1073
524 1947
526 583
529 1872
534 1400
536 1902
538 625
539 1828
540 1284
542 1085
544 589
544 941
545 713
545 1567
546 1363
548 1915
552 1766
553 1585
554 1377
555 1347
555 1515
556 704
557 1227
560 1445
562 1562
562 1931
565 822
565 1163
565 1270
566 1703
567 1565
569 869
569 879
572 1396
572 1446
573 1130
575 1255
575 1770
577 700
578 1487
579 1294
580 1224
581 1094
581 1550
581 1961
583 1702
586 1322
586 1799
591 734
591 1700
592 1540
595 848
598 1613
600 891
600 1248
600 1964
602 659
603 1481
609 1093
609 1842
610 1469
613 627
613 776
614 898
614 1336
617 759
617 1157
617 1681
618 774
618 955
620 837
620 1950
622 1697
623 1599
624 1379
624 1830
626 806
627 765
628 641
628 1251
629 1023
629 1102
631 1007
634 1096
635 1427
635 1508
636 1247
638 1249
640 1554
650 1539
652 1930
652 1986
655 728
656 748
657 917
658 1768
660 905
660 1531
661 1836
666 1696
669 1716
670 1845
670 1852
671 679
671 809
673 834
673 1269
676 1559
680 1791
681 1429
682 861
684 935
689 822
690 843
691 969
691 1638
692 1064
693 1813
697 1083
697 1276
697 1455
700 1148
701 1249
703 1121
703 1232
703 1934
704 1640
709 1120
710 1440
710 1990
711 762
711 1750
713 1543
717 1189
720 1543
721 1923
722 1983
723 1391
724 909
724 1513
728 1844
729 1904
734 1425
735 746
736 1655
736 1744
738 1986
738 1990
739 1645
741 1601
744 1102
749 1620
752 881
752 1629
754 1077
755 1111
756 1466
757 932
758 1533
758 1928
760 1413
761 1242
762 1140
763 837
763 1504
764 1046
764 1263
765 1167
766 843
771 1237
772 999
772 1114
774 856
775 1690
776 1823
779 1581
780 1256
781 1239
782 1423
782 1461
782 1698
784 1086
784 1801
784 1899
785 1721
789 972
791 1304
791 1928
792 1243
792 1408
792 1791
792 1793
795 1087
795 1286
796 1075
796 1883
804 1499
805 1409
806 1974
807 1197
807 1704
810 1085
815 1989
817 1675
818 1759
819 927
819 1979
820 1071
823 847
823 1460
825 1358
825 1393
825 1879
826 1371
826 1542
827 978
827 1102
827 1203
827 1308
829 1086
830 941
830 1329
830 1920
833 1019
833 1670
834 938
834 1989
835 1560
843 1321
843 1647
849 1994
850 1776
851 1381
852 1009
852 1869
855 1548
856 1346
858 909
859 969
859 1274
860 1096
860 1211
863 1637
866 1854
867 1054
867 1238
869 1726
870 1027
873 1437
873 1810
874 1172
874 1232
880 1675
882 1164
882 1214
882 1442
883 1579
884 1497
890 1099
890 1108
891 933
896 1352
896 1421
899 1130
899 1667
899 1826
903 1319
903 1555
904 946
910 1837
911 1125
912 1084
913 1976
929 1467
931 1186
932 1459
934 1461
934 1981
936 1489
936 1831
941 1376
944 1151
945 1543
945 1656
947 1335
949 1715
949 1908
951 955
953 1126
959 1771
960 1301
961 1846
963 1455
971 1148
971 1913
974 1198
975 1632
977 1675
979 1099
984 1892
986 1667
986 1932
990 1307
990 1480
992 1806
994 1915
1000 1724
1003 1767
1007 1527
1008 1286
1010 1453
1016 1769
1018 1901
1019 1898
1020 1600
1020 1899
1023 1153
1032 1351
1040 1177
1041 1293
1043 1740
1044 1516
1046 1311
1050 1194
1050 1405
1053 1921
1054 1283
1054 1931
1058 1400
1058 1554
1061 1556
1063 1239
1074 1880
1076 1263
1077 1649
1079 1142
1079 1351
1084 1351
1084 1579
1085 1117
1086 1970
1087 1546
1089 1323
1090 1456
1091 1674
1092 1853
1093 1368
1093 1702
1094 1103
1094 1266
1095 1135
1095 1173
1097 1705
1100 1912
1102 1121
1103 1324
1103 1957
1105 1984
1107 1251
1107 1938
1109 1554
1111 1626
1114 1457
1116 1847
1118 1363
1120 1970
1124 1957
1128 1139
1130 1480
1131 1830
1133 1526
1135 1527
1136 1901
1139 1529
1140 1654
1142 1509
1142 1691
1144 1734
1147 1320
1148 1870
1149 1771
1152 1494
1155 1422
1155 1981
1156 1507
1163 1365
1174 1934
1176 1527
1176 1581
1176 1671
1178 1505
1188 1446
1188 1920
1190 1764
1193 1233
1193 1607
1193 1879
1198 1760
1201 1459
1204 1336
1204 1748
1205 1989
1206 1603
1207 1444
1209 1240
1210 1382
1212 1457
1213 1510
1213 1787
1217 1280
1223 1630
1224 1414
1228 1460
1228 1922
1232 1440
1233 1262
1233 1948
1241 1677
1241 1921
1245 1320
1247 1399
1248 1256
1254 1904
1256 1701
1258 1669
1261 1861
1269 1454
1269 1570
1271 1952
1274 1326
1281 1837
1286 1418
1288 1922
1296 1847
1299 1411
1301 1959
1302 1356
1302 1696
1303 1991
1306 1771
1317 1485
1319 1886
1320 1907
1321 1732
1323 1902
1325 1901
1330 1657
1332 1602
1332 1878
1335 1363
1346 1919
1348 1713
1350 1427
1350 1735
1350 1834
1353 1582
1353 1771
1356 1931
1357 1650
1358 1412
1358 1755
1361 1382
1365 1462
1366 1837
1373 1633
1374 1399
1374 1530
1374 1794
1379 1995
1380 1509
1389 1845
1391 1535
1395 1613
1396 1794
1398 1759
1398 1773
1399 1677
1401 1491
1401 1734
1403 1873
1404 1568
1409 1859
1414 1919
1419 1691
1424 1537
1434 1745
1434 1981
1440 1958
1447 1621
1449 1613
1453 1473
1455 1773
1457 1881
1461 1988
1462 1666
1466 1831
1466 1928
1471 1767
1471 1965
1473 1803
1475 1502
1479 1969
1482 1881
1487 1937
1494 1543
1496 1546
1499 1739
1508 1606
1511 1804
1517 1599
1522 1668
1524 1752
1524 1941
1525 1676
1546 1744
1570 1675
1572 1662
1575 1702
1584 1647
1587 1808
1609 1748
1611 1650
1621 1674
1621 1711
1626 1706
1629 1785
1633 1703
1648 1994
1659 1814
1660 1966
1669 1793
1673 1781
1674 1757
1675 1885
1680 1701
1680 1746
1683 1890
1710 1892
1716 1970
1718 1785
1733 1923
1743 1942
1746 1754
1756 1943
1757 1838
1767 1861
1767 1875
1771 1915
1774 1910
1790 1809
1797 1961
1801 1839
1807 1832
1838 1995
1853 1890
1860 1977
1863 1904
1932 1987
