2000
0 21
0 55
0 94
0 233
0 531
0 816
0 855
0 1512
0 1705
0 1737
0 1792
1 98
1 100
1 422
1 454
1 583
1 687
1 1876
2 196
2 725
2 822
2 889
2 962
2 1004
2 1145
2 1608
3 186
3 188
3 278
3 284
3 568
3 569
3 595
3 834
3 954
3 1116
3 1160
3 1763
3 1775
4 170
4 313
4 386
4 461
4 660
4 712
4 733
4 744
4 812
4 831
4 951
4 959
4 1832
4 1856
4 1870
5 503
5 687
5 711
5 750
5 1074
5 1156
5 1183
5 1193
5 1237
5 1897
6 477
6 642
6 648
6 689
6 700
6 1054
6 1238
6 1415
6 1594
6 1801
7 129
7 151
7 603
7 626
7 1107
7 1192
7 1469
7 1601
7 1724
7 1817
8 62
8 223
8 370
8 626
8 1102
8 1249
8 1512
8 1559
8 1853
8 1888
9 44
9 362
9 381
9 500
9 626
9 802
9 813
10 251
10 273
10 677
10 681
10 756
10 829
10 899
10 918
10 1107
10 1477
10 1594
10 1675
11 140
11 170
11 185
11 469
11 515
11 941
11 974
11 1159
11 1563
11 1979
12 227
12 450
12 503
12 558
12 867
12 1018
12 1520
13 96
13 186
13 227
13 351
13 354
13 696
13 724
13 727
13 1169
13 1287
13 1502
13 1642
13 1654
13 1704
13 1831
13 1883
14 483
14 913
14 1481
14 1646
14 1808
15 286
15 587
15 679
15 849
15 877
15 1104
15 1441
15 1697
15 1843
15 1866
15 1888
15 1925
15 1965
16 33
16 645
16 1021
16 1022
16 1085
16 1448
16 1458
16 1798
16 1895
17 225
17 374
17 452
17 468
17 482
17 844
17 1357
17 1503
17 1705
17 1716
17 1867
18 444
18 782
18 980
18 1149
18 1269
18 1637
19 118
19 184
19 303
19 323
19 539
19 1256
19 1721
19 1770
19 1783
19 1801
20 42
20 71
20 100
20 177
20 471
20 638
20 1167
20 1387
20 1445
20 1666
21 366
21 390
21 424
21 438
21 658
21 696
21 843
21 1274
21 1312
21 1700
22 109
22 124
22 188
22 358
22 423
22 922
22 1022
22 1287
22 1551
22 1707
22 1776
23 27
23 153
23 203
23 386
23 668
23 1011
23 1027
23 1349
23 1492
23 1501
23 1582
23 1600
23 1750
23 1877
23 1892
23 1934
24 34
24 139
24 486
24 684
24 840
24 847
24 976
24 1157
24 1401
24 1550
24 1892
24 1956
25 87
25 285
25 328
25 372
25 912
25 1298
25 1415
25 1426
25 1694
25 1920
26 294
26 437
26 505
26 754
26 756
26 781
26 938
26 993
26 1048
26 1096
26 1647
26 1841
27 170
27 582
27 1190
27 1282
27 1321
27 1676
28 459
28 668
28 838
28 858
28 943
28 1429
28 1632
28 1944
29 56
29 324
29 597
29 611
29 836
29 867
29 1304
29 1342
29 1581
29 1952
30 49
30 162
30 369
30 749
30 872
30 1222
30 1596
30 1607
30 1655
30 1999
31 42
31 715
31 1083
31 1181
31 1234
31 1262
31 1300
31 1335
31 1343
31 1483
31 1766
31 1767
31 1809
32 78
32 188
32 1091
32 1265
32 1422
32 1533
32 1544
32 1951
33 80
33 206
33 452
33 834
33 1312
33 1526
33 1580
33 1642
33 1778
34 61
34 81
34 405
34 462
34 1344
34 1994
35 513
35 669
35 990
35 1496
35 1571
35 1730
36 91
36 226
36 656
36 746
36 1185
36 1457
36 1781
36 1950
37 157
37 471
37 917
37 1350
37 1445
37 1753
37 1797
38 535
38 823
38 953
38 1363
38 1382
38 1560
38 1756
38 1772
39 113
39 152
39 399
39 497
39 651
39 751
39 1322
39 1452
39 1500
39 1521
39 1698
40 42
40 195
40 280
40 408
40 486
40 857
40 1015
40 1088
40 1286
40 1377
40 1774
41 108
41 509
41 721
41 746
41 1032
41 1314
41 1396
41 1426
41 1838
41 1979
42 190
42 208
42 303
42 462
42 696
42 973
42 1648
42 1810
43 424
43 445
43 546
43 762
43 1054
43 1381
43 1502
43 1654
43 1691
44 413
44 538
44 578
44 616
44 645
44 764
44 966
44 1375
44 1382
44 1645
44 1818
44 1841
44 1956
45 147
45 219
45 446
45 603
45 887
45 919
45 1063
45 1119
45 1288
45 1580
45 1689
45 1739
45 1944
46 268
46 338
46 597
46 628
46 1424
46 1428
46 1442
47 472
47 736
47 778
47 933
47 1012
47 1689
48 119
48 306
48 368
48 369
48 563
48 929
48 1330
48 1469
48 1642
48 1672
48 1849
48 1920
49 541
49 623
49 666
49 964
49 1020
49 1310
49 1320
49 1333
49 1370
49 1617
49 1787
50 548
50 871
50 1149
50 1170
50 1345
50 1372
50 1401
50 1517
50 1887
50 1952
51 90
51 304
51 320
51 415
51 668
51 697
51 1093
51 1105
51 1797
51 1843
51 1881
52 285
52 757
52 874
52 893
52 1339
52 1487
52 1568
52 1665
52 1765
52 1920
53 105
53 324
53 389
53 496
53 605
53 632
53 634
53 705
53 993
53 1140
53 1618
53 1777
54 621
54 1141
54 1176
54 1405
54 1427
54 1539
54 1707
54 1728
54 1927
55 78
55 142
55 554
55 573
55 653
55 759
55 1229
55 1345
55 1404
55 1778
56 448
56 611
56 951
56 1283
56 1362
56 1393
56 1403
56 1451
56 1724
57 435
57 944
57 1363
57 1444
57 1491
57 1573
57 1934
58 383
58 579
58 818
58 859
58 1007
58 1128
58 1149
58 1463
58 1515
58 1740
58 1843
58 1887
59 135
59 141
59 455
59 635
59 913
59 1548
59 1607
60 416
60 569
60 798
60 1043
60 1236
60 1445
60 1802
60 1897
60 1944
61 131
61 228
61 518
61 695
61 1082
61 1155
61 1364
61 1709
62 96
62 331
62 564
63 196
63 223
63 265
63 714
63 752
63 912
63 1296
63 1474
63 1506
63 1675
63 1676
63 1976
64 246
64 425
64 966
64 1101
64 1232
64 1699
65 156
65 169
65 186
65 197
65 200
65 366
65 372
65 613
65 646
65 1199
65 1655
65 1701
65 1860
65 1913
66 77
66 318
66 448
66 549
66 559
66 664
66 1000
66 1124
66 1178
66 1237
66 1351
66 1378
66 1390
66 1433
66 1674
67 129
67 355
67 952
67 1097
67 1155
67 1342
67 1352
67 1719
67 1986
68 106
68 152
68 213
68 336
68 413
68 502
68 733
68 887
68 919
68 1161
68 1346
68 1750
68 1800
68 1990
69 475
69 683
69 810
69 955
69 963
69 1804
69 1905
69 1968
70 108
70 353
70 816
70 880
70 972
70 978
70 1033
70 1165
70 1191
70 1337
70 1819
71 539
71 711
71 1959
72 199
72 229
72 430
72 670
72 755
72 1059
72 1139
72 1218
72 1679
73 522
73 528
73 899
73 1530
73 1904
74 206
74 456
74 783
74 1326
74 1550
74 1560
74 1875
75 470
75 724
75 1052
75 1500
75 1586
75 1618
75 1642
76 515
76 652
76 674
76 1251
76 1274
76 1379
76 1395
76 1515
76 1618
76 1917
77 420
77 665
77 741
77 1043
77 1198
77 1204
77 1307
77 1771
77 1986
78 308
78 1431
78 1449
78 1468
78 1534
78 1865
78 1959
78 1990
79 94
79 97
79 100
79 147
79 311
79 516
79 635
79 945
79 1417
79 1430
79 1628
79 1974
80 190
80 368
80 531
80 575
80 622
80 920
80 941
80 1111
80 1114
80 1203
80 1523
80 1627
80 1919
81 434
81 1001
81 1034
81 1559
82 100
82 1089
82 1255
82 1471
82 1744
82 1797
83 408
83 694
83 1185
83 1339
83 1507
83 1574
83 1700
83 1821
83 1898
84 400
84 594
84 754
84 773
84 979
84 1048
84 1104
84 1187
84 1394
84 1486
84 1488
84 1490
84 1648
84 1678
85 176
85 447
85 896
85 910
85 1165
85 1433
85 1543
85 1879
86 130
86 544
86 600
86 813
86 1001
86 1131
86 1177
86 1466
86 1511
86 1767
86 1871
86 1924
86 1986
87 230
87 542
87 631
87 717
87 732
87 1032
87 1111
87 1166
87 1734
87 1789
87 1979
88 597
88 875
88 1023
88 1227
89 107
89 123
89 132
89 195
89 727
89 861
89 900
89 955
89 992
89 1400
89 1795
89 1992
90 628
90 785
90 1172
90 1295
91 138
91 218
91 942
91 1371
91 1399
91 1402
91 1753
91 1877
91 1896
92 210
92 510
92 531
92 572
92 728
92 1269
92 1629
92 1669
93 213
93 245
93 317
93 348
93 458
93 511
93 1192
93 1312
93 1523
93 1586
93 1704
93 1805
94 221
94 288
94 483
94 653
94 856
94 975
94 1021
94 1201
94 1577
94 1639
95 186
95 423
95 469
95 620
95 694
95 1142
95 1241
95 1639
95 1940
96 130
96 242
96 319
96 976
96 1085
96 1139
96 1389
96 1496
96 1590
96 1745
96 1796
96 1837
96 1927
97 101
97 158
97 201
97 966
97 1157
97 1344
98 146
98 333
98 402
98 1103
98 1108
98 1168
98 1227
98 1445
98 1693
98 1938
98 1951
99 258
99 768
99 870
99 1022
99 1038
99 1627
99 1651
99 1737
100 139
100 630
100 711
100 818
100 1128
100 1187
100 1231
100 1598
101 123
101 135
101 504
101 582
101 648
101 1087
101 1117
101 1244
101 1412
101 1695
101 1895
101 1956
102 113
102 135
102 360
102 467
102 577
102 715
102 740
102 750
102 1305
102 1361
102 1390
102 1638
103 184
103 275
103 351
103 512
103 672
103 826
103 834
103 1305
103 1422
103 1440
103 1554
104 591
104 1062
104 1175
104 1257
104 1347
104 1413
104 1538
104 1745
104 1895
104 1978
105 131
105 1533
105 1842
105 1902
106 118
106 228
106 561
106 1636
106 1853
106 1876
107 201
107 293
107 492
107 505
107 659
107 1508
107 1978
108 1207
108 1219
108 1334
108 1422
108 1484
108 1496
108 1502
108 1579
108 1699
108 1745
108 1794
109 165
109 214
109 380
109 630
109 718
109 1055
109 1552
109 1596
109 1717
109 1732
109 1852
110 231
110 432
110 484
110 650
110 748
110 1305
110 1312
110 1330
110 1359
110 1367
110 1419
110 1900
110 1914
111 162
111 235
111 445
111 640
111 689
111 740
111 853
111 1084
111 1345
111 1411
111 1463
111 1538
111 1666
111 1671
111 1988
112 273
112 400
112 770
112 892
112 1049
112 1575
112 1841
112 1845
112 1846
112 1855
113 290
113 570
113 851
113 919
113 1056
113 1060
113 1358
114 185
114 557
114 579
114 730
114 1012
114 1407
114 1476
114 1783
114 1892
115 181
115 426
115 672
115 685
115 851
115 1056
115 1070
115 1095
115 1579
115 1752
116 577
116 672
116 763
116 956
116 1410
116 1735
117 347
117 473
117 897
117 1088
117 1293
117 1563
117 1636
117 1717
118 224
118 251
118 669
118 767
118 1218
118 1483
118 1540
118 1587
118 1650
118 1959
119 464
119 701
119 933
119 977
119 1317
119 1350
119 1452
119 1595
119 1749
119 1874
120 220
120 326
120 525
120 747
120 839
120 956
120 1010
120 1186
120 1196
120 1317
120 1521
120 1586
120 1862
121 142
121 357
121 560
121 734
121 803
121 816
121 1249
121 1276
121 1774
121 1814
122 160
122 177
122 331
122 385
122 517
122 829
122 1009
122 1081
122 1153
122 1439
122 1547
122 1549
122 1589
122 1749
122 1788
122 1901
122 1944
123 196
123 228
123 522
123 592
123 1108
123 1323
123 1418
123 1443
123 1574
123 1624
123 1892
124 190
124 283
124 434
124 1015
124 1234
124 1547
124 1853
124 1972
125 227
125 674
125 1188
125 1836
126 439
126 694
126 1356
126 1399
126 1447
126 1588
127 222
127 452
127 1000
127 1040
127 1054
127 1348
127 1560
127 1800
128 257
128 319
128 623
128 777
128 1350
129 406
129 442
129 745
129 1463
129 1553
129 1644
130 210
130 486
130 537
130 738
130 756
130 837
130 857
130 893
130 940
130 1243
130 1247
130 1625
130 1846
131 140
131 157
131 255
131 436
131 700
131 1107
131 1489
132 200
132 407
132 603
132 935
132 1026
132 1127
132 1163
132 1310
132 1381
132 1399
132 1770
132 1828
133 520
133 589
133 764
133 911
133 1386
133 1500
133 1509
133 1863
134 159
134 363
134 406
134 462
134 513
134 599
134 633
134 637
134 737
134 920
134 984
134 1146
134 1240
134 1755
134 1952
135 180
135 1007
135 1304
135 1392
135 1485
135 1545
135 1579
135 1758
136 291
136 619
136 874
136 916
136 990
136 1281
136 1404
136 1762
136 1784
136 1907
136 1951
137 345
137 406
137 660
137 1140
137 1344
137 1429
137 1895
138 169
138 215
138 292
138 1134
138 1603
138 1610
138 1642
138 1712
139 187
139 351
139 683
139 909
139 1278
139 1290
139 1898
140 391
140 558
140 1082
140 1171
140 1221
140 1246
140 1364
140 1400
140 1476
140 1617
140 1865
141 656
141 1025
141 1036
141 1118
141 1826
142 420
142 554
142 781
142 973
142 1019
142 1160
142 1370
142 1399
142 1627
142 1683
142 1717
142 1895
142 1949
143 178
143 223
143 1199
143 1204
143 1241
143 1901
144 884
144 1045
144 1445
144 1557
144 1708
144 1733
145 334
145 392
145 425
145 450
145 602
145 648
145 659
145 713
145 939
145 1183
145 1240
145 1359
145 1640
145 1929
145 1941
146 231
146 390
146 474
146 773
146 1218
146 1314
146 1533
146 1535
147 183
147 741
147 853
147 922
147 1269
147 1356
147 1436
147 1618
147 1633
147 1861
147 1981
148 323
148 764
148 842
148 993
148 1240
148 1423
148 1476
148 1970
149 353
149 1157
149 1231
149 1686
149 1713
149 1940
149 1945
150 349
150 385
150 641
150 757
150 1053
150 1450
150 1591
150 1634
150 1679
150 1963
151 404
151 409
151 772
151 914
151 1036
151 1268
151 1301
151 1781
151 1802
152 455
152 730
152 756
152 1052
152 1382
152 1664
152 1733
152 1754
152 1823
153 351
153 714
153 845
153 919
153 1018
153 1077
153 1090
153 1108
153 1235
153 1450
153 1569
154 721
154 907
154 1072
154 1270
154 1390
154 1579
154 1630
154 1790
155 344
155 607
155 811
155 890
155 1249
155 1281
155 1601
155 1656
155 1942
156 209
156 250
156 332
156 465
156 516
156 722
156 756
156 1108
156 1516
156 1600
156 1715
156 1759
157 217
157 482
157 596
157 747
157 1080
157 1815
158 242
158 499
158 584
158 681
158 718
158 747
158 865
158 955
158 1198
158 1339
158 1342
158 1355
158 1461
158 1536
158 1551
158 1570
158 1634
158 1685
158 1779
159 283
159 310
159 455
159 795
159 1053
159 1644
159 1925
160 375
160 461
160 616
160 717
160 744
160 805
160 1296
160 1376
160 1454
160 1555
160 1683
160 1796
160 1818
161 438
161 803
161 898
161 1148
161 1417
161 1433
161 1553
161 1652
162 586
162 626
162 746
162 1214
162 1251
162 1481
163 320
163 511
163 571
163 587
163 1013
163 1538
163 1792
164 695
164 959
164 1097
164 1169
164 1698
164 1820
165 471
165 636
165 748
165 802
165 863
165 1045
165 1919
166 176
166 418
166 507
166 584
166 714
166 1065
166 1084
166 1322
166 1511
166 1629
166 1825
166 1959
167 252
167 656
167 974
167 987
167 1057
167 1721
168 1077
168 1444
168 1537
168 1800
168 1811
168 1978
168 1997
169 248
169 337
169 695
169 954
169 1147
169 1179
169 1211
169 1307
169 1593
169 1766
170 294
170 985
170 1113
170 1138
170 1207
170 1208
170 1654
170 1667
171 185
171 512
171 634
171 815
171 1016
171 1119
171 1327
171 1448
171 1628
171 1956
172 847
172 1065
172 1109
172 1253
172 1508
172 1546
172 1989
173 632
173 665
173 795
173 1166
173 1231
173 1252
173 1387
173 1440
173 1515
173 1966
174 409
174 500
174 777
174 998
174 1057
174 1091
174 1629
174 1994
175 381
175 395
175 582
175 628
175 666
175 1027
175 1152
175 1488
175 1560
175 1998
176 493
176 569
176 936
176 1012
176 1525
176 1544
176 1631
176 1844
176 1941
176 1962
177 312
177 332
177 437
177 665
177 723
177 757
177 905
177 1210
177 1250
177 1490
178 331
179 782
179 998
179 1044
179 1153
179 1346
179 1996
180 277
180 717
180 740
180 999
180 1043
180 1331
180 1756
180 1848
180 1872
181 205
181 333
181 765
181 880
181 1007
181 1081
181 1165
181 1365
181 1731
181 1895
182 320
182 770
182 1005
182 1175
182 1233
182 1368
182 1430
182 1450
182 1490
183 460
183 697
183 759
183 918
183 1016
183 1217
184 543
184 774
184 824
184 924
184 932
184 1356
184 1620
184 1706
184 1889
185 410
185 486
185 532
185 717
185 825
185 851
185 982
185 1394
185 1466
185 1601
186 458
186 484
186 525
186 1097
186 1124
186 1285
186 1293
186 1415
186 1497
186 1616
186 1620
186 1820
186 1858
187 684
187 779
187 918
187 1405
187 1631
187 1717
187 1861
188 196
188 246
188 393
188 439
188 546
188 720
188 1487
188 1529
188 1601
189 189
189 356
189 392
189 727
189 761
189 785
189 916
189 1744
190 200
190 534
190 713
190 869
190 1027
190 1163
190 1243
190 1349
190 1473
190 1815
191 303
191 350
191 507
191 1172
191 1422
191 1449
191 1518
191 1770
192 290
192 497
192 665
192 832
192 955
192 1079
192 1302
192 1392
192 1753
192 1864
192 1956
193 200
193 211
193 883
193 925
193 1006
193 1681
193 1948
194 350
194 996
194 1133
194 1170
194 1246
194 1616
194 1830
194 1898
194 1969
195 365
195 424
195 741
195 881
195 1158
195 1192
195 1291
195 1371
195 1926
196 282
196 553
196 571
196 776
196 972
196 1214
196 1434
196 1929
197 569
197 672
197 750
197 922
197 1224
197 1340
197 1684
197 1913
198 450
198 732
198 940
198 1178
198 1434
198 1464
198 1726
198 1751
198 1829
198 1975
199 340
199 528
199 733
199 1081
199 1190
199 1457
200 506
200 742
200 766
200 846
200 1139
200 1683
201 214
201 1028
201 1110
201 1188
201 1834
201 1968
202 537
202 554
202 557
202 656
202 1353
203 407
203 478
203 491
203 660
203 981
203 1414
203 1746
204 207
204 331
204 408
204 492
204 504
204 549
204 778
204 854
204 886
204 939
204 1434
204 1523
204 1612
204 1835
204 1869
204 1878
205 300
205 322
205 340
205 460
205 609
205 1047
205 1220
205 1399
205 1549
206 594
206 822
206 1681
206 1997
207 256
207 282
207 404
207 437
207 886
207 965
207 976
207 1047
207 1091
207 1118
207 1249
207 1611
207 1639
207 1879
208 250
208 259
208 751
208 1160
208 1214
208 1430
208 1501
208 1892
208 1950
209 484
209 605
209 704
209 1010
209 1118
209 1124
209 1149
209 1374
209 1472
209 1816
209 1994
210 234
210 245
210 588
210 1387
211 319
211 406
211 515
211 563
211 670
211 868
211 1288
211 1370
211 1484
211 1681
211 1703
211 1797
211 1974
212 331
212 780
212 861
212 919
212 980
212 1121
212 1215
212 1515
212 1822
212 1831
212 1917
213 266
213 303
213 462
213 564
213 639
213 848
213 1149
213 1782
214 509
214 737
214 870
214 1490
214 1695
214 1787
214 1861
214 1895
215 301
215 559
215 728
215 1418
215 1520
215 1966
216 387
216 491
216 631
216 825
216 1290
216 1386
216 1509
216 1777
216 1889
216 1912
217 253
217 556
217 677
217 1051
217 1065
217 1563
217 1662
217 1792
217 1822
218 478
218 835
218 859
218 978
218 1009
218 1095
218 1233
218 1397
218 1547
218 1627
219 231
219 435
219 503
219 650
219 683
219 887
219 951
219 1174
219 1176
219 1278
219 1302
219 1800
220 379
220 389
220 515
220 595
220 1209
220 1486
220 1820
220 1821
220 1953
221 389
221 751
221 1637
221 1660
221 1759
222 814
222 1023
222 1317
222 1350
222 1475
222 1870
222 1970
223 931
223 1756
224 325
224 601
224 1235
225 244
225 287
225 306
225 434
225 518
225 563
225 642
225 725
225 1108
225 1441
225 1659
225 1902
226 239
226 271
226 373
226 967
226 1181
226 1322
226 1575
226 1946
227 457
227 872
227 927
227 978
227 1589
228 413
228 503
228 526
228 596
228 664
228 1148
228 1210
228 1456
228 1519
228 1804
229 476
229 513
229 1200
229 1324
229 1356
229 1988
230 334
230 667
230 939
230 1325
230 1337
230 1647
230 1728
230 1877
231 497
231 600
231 858
231 875
231 976
231 990
231 1130
231 1202
231 1550
231 1554
232 446
232 498
232 547
232 1379
232 1724
233 539
233 653
233 1083
233 1181
233 1351
233 1737
233 1797
233 1870
233 1923
234 273
234 744
234 776
234 1021
234 1142
234 1168
234 1172
234 1493
235 1055
235 1222
235 1348
235 1901
236 317
236 324
236 861
236 1008
236 1055
236 1057
236 1198
236 1246
236 1536
236 1751
236 1840
236 1930
237 295
237 430
237 570
237 965
237 1276
237 1383
237 1448
238 245
238 1053
239 404
239 475
239 1006
239 1063
239 1689
240 690
240 1203
240 1649
240 1927
241 253
241 269
241 354
241 394
241 432
241 981
241 1003
241 1108
241 1136
241 1284
241 1463
241 1646
241 1826
242 261
242 343
242 397
242 793
242 927
242 1637
243 250
243 270
243 464
243 528
243 566
243 572
243 573
243 591
243 646
243 866
243 1256
243 1332
243 1402
244 393
244 747
244 975
244 1031
244 1095
244 1416
244 1712
245 316
245 728
245 769
245 909
245 1069
245 1864
245 1993
246 369
246 407
246 533
246 578
246 635
246 878
246 977
246 1078
246 1350
246 1421
246 1475
246 1506
246 1862
247 495
247 676
247 1081
247 1086
247 1245
247 1379
247 1493
247 1507
247 1644
247 1690
247 1825
247 1869
247 1970
247 1977
248 481
248 767
248 802
248 978
248 1199
248 1355
248 1621
248 1669
248 1844
248 1868
249 420
249 611
249 916
249 968
249 1098
249 1124
249 1626
249 1868
250 776
251 355
251 414
251 629
251 705
251 763
251 888
251 1211
251 1585
252 258
252 370
252 447
252 1067
252 1264
252 1271
252 1286
252 1494
252 1643
252 1738
252 1844
252 1910
252 1956
253 714
253 784
253 971
253 1506
253 1625
254 309
254 571
254 670
254 742
254 886
254 896
254 897
254 996
254 1103
254 1331
254 1391
254 1400
254 1543
254 1662
254 1929
255 272
255 553
255 555
255 620
255 653
255 724
255 766
255 1054
255 1973
256 856
256 864
256 1229
256 1834
256 1870
256 1871
256 1972
257 485
257 529
257 596
257 673
257 704
257 878
257 1189
257 1652
257 1696
257 1723
257 1877
257 1956
258 334
258 546
258 656
258 1366
258 1482
259 529
259 601
259 628
259 955
259 987
259 1557
259 1638
259 1642
259 1692
259 1876
260 293
260 668
260 756
260 762
260 893
260 931
260 986
260 1140
260 1193
260 1342
260 1359
260 1450
260 1519
261 323
261 769
261 1148
261 1584
261 1888
262 287
262 548
262 716
262 789
262 953
262 1037
262 1353
262 1787
262 1844
262 1981
263 300
263 518
263 660
263 858
263 931
263 1048
263 1337
263 1412
263 1645
264 1065
264 1193
264 1583
264 1817
265 342
265 459
265 466
265 613
265 718
265 810
265 1344
265 1442
265 1762
265 1774
265 1785
265 1846
265 1986
266 404
266 415
266 975
266 1053
266 1249
266 1252
266 1392
266 1978
267 295
267 414
267 515
267 770
267 910
267 1122
267 1276
267 1290
267 1498
267 1561
267 1705
267 1886
268 382
268 465
268 652
268 713
268 885
268 1427
268 1815
269 271
269 317
269 379
269 408
269 541
269 560
269 575
269 831
269 1125
269 1485
269 1821
269 1830
270 448
270 510
270 566
270 833
270 1082
270 1226
270 1260
270 1654
270 1922
271 415
271 481
271 1090
271 1551
271 1771
271 1795
272 325
272 402
272 880
272 945
272 1385
272 1424
272 1553
272 1705
272 1805
272 1935
273 709
273 904
273 1683
274 439
274 712
274 1098
274 1187
274 1261
274 1623
275 442
275 460
275 511
275 1850
275 1925
275 1964
276 368
276 1040
276 1108
276 1135
276 1153
276 1253
276 1321
276 1727
276 1832
276 1838
276 1900
276 1911
277 348
277 352
277 606
277 691
277 1004
277 1349
277 1501
277 1608
277 1641
277 1751
277 1855
277 1997
278 536
278 904
278 1084
278 1145
278 1479
278 1540
278 1553
279 432
279 758
279 903
279 1057
279 1275
279 1363
279 1467
279 1626
279 1701
279 1894
279 1941
280 377
280 435
280 447
280 798
280 839
280 942
280 1212
280 1344
280 1789
281 325
281 586
281 715
281 867
281 940
281 1255
281 1585
281 1700
282 1226
282 1295
282 1310
282 1680
282 1940
283 360
283 641
283 716
283 822
283 973
283 1223
283 1327
283 1432
283 1703
284 326
284 408
284 604
284 670
284 798
284 1024
284 1025
284 1423
284 1621
285 592
285 813
285 870
285 1062
285 1104
285 1173
285 1231
285 1266
285 1530
285 1772
286 547
286 719
286 892
286 943
286 987
286 1034
286 1045
286 1108
286 1112
286 1468
286 1688
287 970
287 1022
287 1084
287 1646
288 804
288 1444
288 1466
288 1478
288 1510
288 1546
288 1628
288 1883
289 394
289 445
289 748
289 891
289 898
289 976
289 1180
289 1343
289 1385
289 1521
290 1191
290 1431
290 1652
291 543
291 705
291 1094
291 1200
291 1275
291 1281
291 1311
291 1471
291 1479
291 1908
291 1973
292 728
292 877
292 887
292 1168
292 1289
292 1403
292 1404
292 1416
292 1457
292 1518
292 1675
292 1719
292 1778
293 464
293 502
293 535
293 561
293 1431
293 1927
294 298
294 1396
294 1570
294 1829
294 1951
295 338
295 612
295 640
295 643
295 929
295 952
295 953
295 1084
295 1222
295 1239
295 1351
295 1401
295 1405
295 1422
295 1455
295 1580
295 1685
295 1697
296 609
296 1151
296 1216
296 1671
296 1861
296 1938
296 1974
297 408
297 633
297 742
297 904
297 968
297 1118
297 1428
297 1615
297 1658
297 1898
297 1993
298 422
298 428
298 757
298 834
298 1141
298 1572
298 1652
298 1721
298 1798
298 1904
299 579
299 777
299 1186
299 1588
299 1720
300 431
300 477
300 993
300 1377
300 1604
300 1834
300 1843
300 1934
301 809
301 1178
301 1223
301 1834
302 475
302 495
302 567
302 876
302 1167
302 1250
302 1535
302 1609
302 1777
303 326
303 475
303 491
303 583
303 681
303 717
303 836
303 993
303 1077
303 1299
303 1422
303 1524
303 1676
303 1802
303 1842
304 377
304 800
304 979
304 1182
304 1368
305 335
305 397
305 419
305 588
305 648
305 1111
305 1226
305 1743
306 371
306 577
306 903
306 1161
306 1553
306 1721
306 1747
306 1793
306 1852
307 414
307 570
307 626
307 858
307 1174
307 1220
307 1233
307 1356
307 1390
307 1478
307 1494
307 1630
307 1639
307 1761
307 1876
308 311
308 571
308 814
308 1259
308 1354
308 1689
308 1750
309 387
309 575
309 617
309 710
309 813
309 1110
310 312
310 366
310 757
310 1023
310 1138
310 1220
310 1431
310 1444
310 1572
310 1627
310 1746
310 1832
310 1874
311 341
311 593
311 609
311 1004
311 1991
312 452
312 497
312 807
312 1488
312 1980
313 423
313 502
313 623
313 902
313 1319
313 1639
313 1676
313 1702
313 1711
314 690
314 780
314 1216
314 1420
314 1560
314 1816
315 340
315 592
315 654
315 779
315 844
315 971
315 1080
315 1138
315 1198
315 1271
315 1527
315 1535
315 1597
315 1664
315 1707
316 395
316 422
316 648
316 828
316 1019
316 1466
316 1737
316 1853
317 417
317 757
317 843
317 974
317 996
317 1010
317 1129
317 1300
317 1307
317 1394
317 1469
317 1804
318 483
318 639
318 884
318 1594
318 1619
318 1680
318 1908
319 344
319 345
319 394
319 734
319 813
319 851
319 1414
319 1520
319 1831
319 1980
320 529
320 739
320 847
320 1309
321 843
321 1302
322 360
322 598
322 868
322 975
322 1045
322 1195
322 1441
322 1698
322 1785
322 1811
322 1857
323 1138
323 1318
323 1889
323 1936
323 1937
324 534
324 726
324 950
324 1095
324 1097
324 1363
324 1543
324 1622
324 1847
325 595
325 651
325 820
325 1037
325 1200
325 1494
326 457
326 511
326 590
326 671
326 679
326 760
326 1008
326 1274
326 1967
327 489
327 610
327 677
327 835
327 1080
327 1104
327 1653
328 596
328 768
328 1356
329 371
329 653
329 674
329 1394
329 1506
329 1793
329 1802
329 1825
329 1826
329 1849
330 523
330 610
330 716
330 841
330 1062
330 1326
330 1470
330 1707
330 1736
330 1935
331 431
331 463
331 544
331 773
331 887
331 1046
331 1048
331 1127
331 1177
331 1235
331 1317
331 1721
332 1138
332 1212
332 1277
332 1493
332 1732
332 1927
333 387
333 702
333 862
333 1203
333 1304
333 1339
333 1470
333 1499
333 1510
333 1523
333 1536
333 1699
333 1973
333 1996
334 605
334 818
334 949
334 1574
334 1879
334 1958
335 625
335 1576
335 1787
335 1820
336 419
336 496
336 962
336 1007
336 1209
336 1400
336 1460
336 1506
336 1531
336 1785
336 1971
337 348
337 405
337 426
337 707
337 818
337 1040
337 1398
337 1549
337 1991
338 409
338 505
338 568
338 856
338 931
338 1052
338 1558
338 1619
339 510
339 710
339 849
339 1036
339 1460
339 1535
339 1885
340 362
340 506
340 646
340 899
340 918
340 1241
340 1369
340 1423
340 1472
340 1662
340 1672
340 1679
340 1739
340 1767
340 1770
340 1781
341 363
341 812
341 929
341 1041
341 1404
341 1632
341 1919
341 1971
342 458
342 567
342 1400
342 1449
342 1589
342 1702
342 1705
343 569
343 645
343 712
344 456
344 463
344 809
344 955
344 1382
344 1407
344 1472
344 1704
345 735
345 1005
345 1262
345 1361
345 1364
345 1434
345 1928
346 444
346 632
346 647
346 850
346 900
346 978
346 1031
346 1763
346 1783
346 1944
347 711
347 853
347 888
347 1464
347 1517
347 1739
347 1751
347 1948
347 1967
348 832
348 1002
348 1138
348 1298
348 1415
348 1537
348 1585
348 1698
348 1933
349 1054
349 1120
349 1208
349 1329
349 1830
349 1886
349 1957
350 387
350 1072
350 1324
350 1340
350 1646
351 576
351 1334
351 1482
351 1621
352 496
352 1174
352 1637
352 1749
353 420
353 694
353 913
353 1060
353 1064
353 1123
353 1195
353 1828
353 1870
353 1994
354 975
354 981
354 1067
354 1111
354 1127
354 1435
354 1664
354 1893
355 440
355 467
355 583
355 1272
355 1344
355 1472
355 1552
355 1867
356 371
356 437
356 637
356 732
356 753
356 1210
356 1336
356 1748
356 1818
356 1841
357 741
357 751
357 865
357 1075
357 1300
357 1318
357 1398
357 1438
357 1465
357 1578
357 1840
358 764
358 845
358 1007
358 1175
358 1242
358 1654
359 652
359 1067
359 1131
359 1199
359 1524
359 1529
359 1609
359 1696
359 1838
359 1864
360 596
360 600
360 698
360 819
360 852
360 1070
360 1089
360 1343
360 1355
360 1428
360 1574
360 1955
361 402
361 460
361 622
361 699
361 932
361 1242
361 1265
361 1521
361 1658
361 1983
362 598
362 617
362 1068
362 1199
362 1252
362 1969
363 368
363 410
363 598
363 927
363 1002
363 1032
363 1175
363 1293
363 1486
363 1598
363 1820
364 515
364 651
364 717
364 940
364 1038
364 1118
364 1147
364 1368
364 1460
364 1485
364 1593
364 1619
364 1626
364 1677
365 676
365 710
365 879
365 915
365 957
365 1069
365 1072
365 1184
365 1217
365 1508
365 1604
365 1685
365 1830
366 534
366 688
366 862
366 1028
366 1132
366 1236
366 1267
366 1282
366 1303
366 1331
366 1334
366 1447
366 1557
366 1591
366 1809
366 1845
367 367
367 428
367 448
367 620
367 710
367 1101
367 1144
367 1277
367 1434
367 1941
368 453
368 1038
368 1179
368 1322
369 441
369 713
369 770
369 845
369 892
369 908
369 1004
369 1306
369 1341
369 1769
370 426
370 438
370 524
370 599
370 797
370 1574
370 1844
370 1856
370 1863
371 689
371 729
371 1096
371 1305
371 1683
371 1951
372 531
372 1018
372 1553
372 1729
372 1806
372 1856
372 1857
372 1945
372 1955
373 668
373 762
373 785
373 1049
373 1675
374 866
374 1010
374 1018
374 1096
374 1118
374 1169
374 1538
374 1567
374 1809
375 529
375 547
375 569
375 576
375 885
375 911
375 1003
375 1194
375 1280
375 1468
375 1542
376 1134
376 1228
376 1494
376 1586
376 1942
377 845
377 887
377 954
377 1599
377 1666
377 1693
377 1967
378 930
378 1018
378 1036
378 1160
378 1307
378 1455
378 1711
378 1864
379 523
379 928
379 960
379 1050
379 1108
379 1268
379 1280
379 1540
379 1653
379 1670
379 1794
379 1842
379 1849
379 1968
380 816
380 888
380 1034
380 1095
380 1105
380 1130
380 1262
380 1580
380 1629
380 1902
381 880
381 1103
381 1555
381 1727
381 1952
382 395
382 547
382 1059
382 1449
382 1518
383 409
383 447
383 661
383 695
383 950
383 994
383 1244
383 1259
383 1308
383 1487
383 1768
383 1948
384 566
384 597
384 695
384 936
384 1275
384 1528
384 1969
385 1019
385 1407
386 778
386 812
386 939
386 956
386 1144
386 1209
386 1367
386 1435
386 1718
386 1999
387 443
387 463
387 529
387 705
387 755
387 761
387 1141
387 1221
387 1261
387 1441
387 1650
387 1837
388 654
388 830
388 1013
388 1089
388 1555
388 1578
388 1873
388 1983
389 412
389 1026
389 1129
389 1140
389 1174
389 1622
389 1627
389 1657
389 1847
389 1938
390 690
390 697
390 738
390 865
390 899
390 916
390 1080
390 1622
390 1691
390 1740
391 748
391 764
391 792
391 795
391 879
391 1041
391 1193
391 1658
391 1786
391 1860
391 1949
392 705
392 764
392 912
392 1041
392 1585
392 1749
392 1791
393 614
393 788
393 908
393 1089
393 1212
393 1245
393 1329
393 1379
393 1771
393 1858
394 633
394 813
394 1122
394 1206
394 1390
394 1419
394 1445
394 1583
394 1634
394 1808
395 490
395 525
395 822
395 1038
395 1066
395 1069
395 1140
395 1395
396 568
396 667
396 764
396 928
396 1318
396 1585
397 1026
397 1073
397 1103
397 1107
397 1554
397 1723
398 444
398 785
398 985
398 1021
398 1634
398 1749
399 406
399 559
399 1111
399 1426
399 1468
399 1759
400 523
400 531
400 937
400 1195
401 747
401 1296
402 462
402 842
402 880
402 1207
402 1397
402 1600
402 1858
403 755
403 929
403 1108
403 1497
403 1953
404 720
404 809
404 991
404 1076
404 1391
404 1399
404 1576
404 1837
404 1949
405 457
405 1075
405 1107
405 1129
405 1134
405 1333
405 1465
405 1580
405 1741
406 568
406 590
406 899
406 920
406 939
406 1165
406 1460
406 1495
406 1587
406 1896
407 469
407 909
407 1666
407 1738
407 1749
407 1859
408 695
408 1060
408 1175
408 1261
408 1640
408 1642
408 1843
409 473
409 836
409 935
409 1187
409 1222
409 1357
409 1418
409 1587
409 1603
409 1804
410 523
410 783
410 924
410 940
410 946
410 1021
410 1224
410 1237
410 1312
410 1705
411 480
411 486
411 556
411 569
411 696
411 780
411 1145
411 1274
411 1447
411 1448
411 1503
411 1996
412 574
412 774
412 1019
412 1129
412 1386
412 1446
412 1718
412 1961
413 508
413 740
413 857
413 1328
413 1508
413 1930
413 1995
414 875
414 1082
414 1165
414 1273
414 1959
415 506
415 531
415 791
415 840
415 1014
415 1066
415 1541
415 1551
416 588
416 819
416 874
416 918
416 1153
416 1530
416 1543
416 1576
416 1815
416 1844
416 1903
417 482
417 509
417 927
417 1060
417 1367
417 1477
417 1532
417 1551
417 1622
417 1630
417 1711
417 1785
417 1835
417 1900
417 1944
418 721
418 730
418 745
418 762
418 973
418 1363
418 1793
418 1818
418 1868
419 625
419 1119
419 1326
419 1362
419 1432
419 1579
419 1822
420 704
420 803
420 1434
420 1468
420 1579
420 1760
420 1821
421 1035
421 1214
421 1216
421 1446
421 1450
421 1898
422 520
422 786
422 858
422 1709
422 1896
423 578
423 1275
423 1472
423 1488
423 1602
423 1957
424 424
424 445
424 596
424 604
424 744
424 1271
424 1361
424 1469
424 1605
424 1959
425 557
425 726
425 1084
425 1169
425 1317
425 1415
425 1617
425 1885
426 558
426 640
426 1051
426 1635
426 1672
427 516
427 665
427 836
427 896
427 955
427 1058
427 1638
428 511
428 615
428 1485
428 1518
428 1546
428 1557
428 1636
428 1856
429 624
429 885
429 1561
429 1620
429 1658
429 1836
429 1869
429 1996
430 842
430 967
430 1336
430 1377
430 1703
431 462
431 598
431 611
431 630
431 670
431 798
431 865
431 1254
431 1519
431 1603
431 1633
431 1923
431 1973
431 1997
432 1041
432 1043
432 1174
432 1380
432 1676
432 1847
432 1989
433 485
433 514
433 539
433 597
433 713
433 1040
433 1202
433 1303
433 1339
433 1412
433 1595
433 1613
434 663
434 768
434 1111
434 1429
434 1675
434 1875
435 673
435 1078
435 1145
435 1315
435 1370
435 1625
435 1859
436 529
436 766
436 1171
436 1398
436 1465
436 1488
436 1568
436 1828
437 481
437 990
437 1081
437 1206
437 1345
437 1441
437 1508
437 1750
437 1802
437 1824
438 530
438 932
438 1346
438 1707
438 1714
438 1728
438 1930
439 511
439 536
439 680
439 1114
439 1243
439 1266
439 1383
439 1510
439 1531
439 1648
439 1985
440 587
440 794
440 1157
440 1258
440 1416
440 1560
440 1816
440 1873
440 1919
440 1954
441 625
441 828
441 922
441 1135
441 1404
441 1614
441 1863
441 1941
442 442
442 944
442 1711
442 1960
443 449
443 455
443 982
443 1370
443 1465
443 1896
443 1947
444 471
444 1025
444 1257
444 1465
444 1606
444 1786
445 508
445 805
445 888
445 930
445 1059
445 1201
445 1340
445 1386
445 1439
445 1466
445 1585
445 1625
446 748
446 985
446 1183
446 1606
446 1814
447 782
447 1163
447 1754
447 1949
448 504
448 592
448 692
448 791
448 793
448 899
448 1169
448 1439
448 1694
448 1874
448 1902
449 725
449 750
449 912
449 1016
449 1177
449 1618
449 1767
450 869
450 980
450 1264
451 919
451 1146
451 1170
451 1219
451 1223
451 1224
451 1742
451 1756
451 1758
451 1960
452 532
452 594
452 1189
452 1507
452 1668
452 1718
452 1867
453 1067
453 1087
453 1350
453 1394
453 1630
453 1650
454 563
454 642
454 1160
454 1287
454 1999
455 574
455 636
455 653
455 665
455 852
455 979
455 1109
455 1152
455 1944
456 490
456 663
456 1768
457 545
457 1268
457 1632
457 1905
458 753
458 850
458 1038
458 1156
458 1202
458 1219
458 1303
458 1370
458 1791
458 1833
458 1900
458 1985
459 520
459 628
459 815
459 947
459 1010
459 1056
459 1294
459 1419
459 1820
459 1873
459 1876
459 1953
459 1993
460 471
460 645
460 1101
460 1200
460 1263
460 1491
460 1665
460 1719
460 1747
460 1750
460 1922
460 1972
461 712
461 1343
461 1351
461 1484
461 1570
461 1621
462 503
462 528
462 825
462 1150
462 1303
462 1971
463 471
463 577
463 1196
463 1448
463 1777
463 1899
464 484
464 558
464 592
464 785
464 843
464 904
464 1207
464 1267
464 1474
464 1818
465 541
465 686
465 705
465 1072
465 1156
465 1258
465 1473
465 1514
465 1695
465 1884
466 543
466 668
466 768
466 935
466 1032
466 1328
466 1394
466 1512
466 1601
466 1627
467 526
467 596
467 597
467 842
467 1205
467 1231
467 1267
467 1916
467 1918
468 688
468 1297
468 1420
468 1917
469 1215
469 1338
469 1381
469 1452
469 1695
469 1721
470 703
470 840
470 884
470 908
470 1324
470 1964
471 913
471 1047
471 1068
471 1113
471 1178
471 1305
471 1408
471 1468
471 1616
471 1647
472 549
472 872
472 973
472 1027
472 1237
472 1364
472 1732
472 1776
473 540
473 551
473 683
473 801
473 901
473 1394
473 1629
473 1721
473 1788
474 700
474 702
474 819
474 899
474 1041
474 1177
474 1350
474 1704
474 1789
474 1791
475 513
475 1117
475 1140
475 1188
475 1222
475 1853
475 1900
475 1943
476 822
476 1256
476 1430
476 1459
476 1742
477 552
477 994
477 1215
477 1360
478 583
478 654
478 884
478 1090
478 1191
478 1617
478 1677
478 1691
478 1850
479 528
479 731
479 794
479 824
479 1071
479 1202
479 1550
479 1822
479 1851
480 704
480 719
480 720
480 817
480 1013
480 1589
481 1125
481 1781
481 1813
481 1889
482 949
482 1029
482 1349
482 1435
482 1460
482 1713
482 1904
483 488
483 705
483 1090
483 1151
483 1256
483 1309
483 1458
483 1710
484 688
484 899
484 968
484 1324
484 1466
484 1686
485 680
485 705
485 773
485 782
485 1043
485 1425
485 1815
485 1874
485 1937
486 544
486 560
486 607
486 934
486 978
486 994
486 1262
486 1322
486 1486
487 590
487 598
487 755
487 946
487 1062
487 1228
487 1301
487 1390
487 1650
487 1736
488 526
488 665
488 856
488 932
488 963
488 1139
488 1293
488 1730
489 933
489 990
489 1023
489 1045
489 1074
489 1174
489 1315
489 1341
489 1625
489 1847
489 1919
489 1972
490 572
490 607
490 625
490 645
490 691
490 1460
490 1759
491 647
491 824
491 1087
491 1192
491 1228
491 1834
492 653
492 1442
492 1456
492 1791
493 495
493 598
493 984
493 1341
493 1362
493 1765
494 783
494 965
494 1097
494 1150
494 1174
494 1269
494 1367
494 1471
494 1516
494 1747
494 1891
495 520
495 810
495 884
495 1308
495 1379
495 1417
495 1862
496 536
496 558
496 1389
496 1445
496 1755
497 508
497 637
497 909
497 928
497 976
497 1128
497 1277
497 1383
497 1384
497 1576
498 516
498 586
498 603
498 605
498 649
498 1108
498 1416
498 1724
498 1937
499 786
499 941
499 954
499 1058
499 1868
500 524
500 560
500 677
500 806
500 1282
500 1745
500 1944
501 644
501 795
501 1089
501 1132
501 1142
501 1642
501 1644
501 1800
501 1953
501 1961
502 512
502 817
502 1372
502 1375
502 1417
502 1706
502 1994
503 505
503 714
503 802
503 1279
503 1378
503 1524
503 1661
503 1729
503 1996
504 651
504 662
504 831
504 854
504 958
504 1384
504 1631
505 899
505 1182
505 1261
505 1332
505 1527
506 880
506 934
506 952
506 1035
506 1053
506 1409
506 1705
506 1763
507 612
507 995
507 1169
507 1323
507 1526
507 1769
508 751
508 884
508 951
508 1625
509 603
509 640
509 1260
509 1450
509 1617
510 779
510 841
510 918
510 972
510 1233
510 1386
510 1480
510 1597
510 1867
510 1895
510 1902
510 1989
511 513
511 526
511 549
511 556
511 1127
511 1279
511 1447
511 1793
512 579
512 745
512 874
512 893
512 1027
512 1182
512 1210
512 1213
512 1860
513 572
513 640
513 659
513 839
513 951
513 1197
513 1328
513 1398
513 1459
513 1506
513 1508
513 1581
513 1602
513 1698
513 1770
514 578
514 589
514 980
514 1120
514 1291
514 1371
514 1740
514 1838
514 1950
515 653
515 853
515 1001
515 1029
515 1032
515 1075
515 1205
515 1209
515 1442
515 1513
515 1608
515 1678
515 1842
516 721
516 743
516 860
516 1075
516 1153
516 1271
516 1427
516 1558
516 1629
516 1946
516 1988
517 561
517 1106
517 1258
517 1302
517 1361
517 1791
518 875
518 1038
518 1056
518 1282
518 1442
518 1515
519 655
519 739
519 757
519 1320
519 1536
519 1989
520 895
520 1074
520 1376
521 614
521 898
521 942
521 1204
521 1348
521 1592
521 1924
522 1109
522 1621
522 1916
523 1177
523 1402
523 1782
523 1919
523 1997
524 618
524 625
524 1213
524 1366
524 1405
525 700
525 927
525 929
525 1167
525 1318
525 1359
525 1535
525 1569
525 1760
525 1847
525 1928
526 688
526 816
526 1053
526 1191
526 1208
526 1276
526 1354
526 1356
526 1664
526 1689
526 1777
526 1983
526 1996
527 991
527 1287
527 1474
527 1596
527 1634
527 1666
527 1945
527 1979
528 541
528 684
528 719
528 958
528 1072
528 1137
528 1162
528 1236
528 1623
529 531
529 624
529 1019
529 1260
529 1322
529 1518
529 1658
530 778
530 1141
530 1223
530 1466
530 1584
530 1601
530 1636
530 1923
531 1157
532 811
532 876
532 979
532 1119
532 1282
532 1484
532 1518
532 1677
532 1917
533 769
533 1087
533 1152
533 1159
533 1404
533 1646
533 1778
533 1858
533 1962
534 671
534 742
534 765
534 787
534 902
534 988
534 1167
534 1615
534 1668
534 1691
534 1907
535 752
535 972
535 1175
535 1225
535 1511
535 1556
535 1856
536 665
536 917
536 1576
536 1801
536 1909
537 583
537 729
537 860
537 908
537 1250
537 1279
538 561
538 1165
538 1241
538 1367
538 1392
538 1707
538 1825
538 1939
539 757
539 873
539 1420
539 1555
539 1652
540 947
540 1179
540 1279
540 1708
540 1970
541 703
541 733
541 1100
541 1106
541 1299
541 1412
541 1505
541 1830
542 726
542 837
542 1278
542 1335
542 1563
543 697
543 731
543 794
543 823
543 920
543 1074
543 1079
543 1157
543 1620
543 1952
543 1990
544 827
544 1171
544 1256
544 1259
544 1745
544 1930
545 638
545 758
545 1117
545 1142
545 1477
545 1522
545 1630
546 636
546 868
546 1202
546 1211
546 1457
546 1604
546 1855
546 1959
547 761
547 1032
547 1238
547 1329
547 1491
547 1554
547 1696
547 1711
547 1719
547 1762
547 1763
547 1856
548 960
548 1066
548 1111
548 1499
548 1517
548 1588
548 1778
548 1909
548 1933
549 788
549 792
549 963
549 1653
549 1659
549 1709
550 847
550 1098
550 1546
550 1558
550 1628
550 1719
551 670
551 875
551 947
551 1090
551 1167
551 1261
551 1432
551 1601
551 1750
551 1777
552 1326
552 1344
552 1384
552 1592
552 1781
552 1809
552 1812
552 1825
553 632
553 797
553 840
553 1193
553 1229
553 1652
553 1771
553 1813
553 1910
554 619
554 852
554 971
554 1124
554 1147
554 1248
554 1334
554 1548
554 1858
555 907
555 1056
555 1277
555 1347
555 1538
555 1675
555 1718
555 1933
555 1941
555 1985
556 936
556 1153
556 1158
556 1270
556 1772
556 1896
556 1977
557 1253
557 1349
557 1371
558 657
558 934
558 1004
558 1224
558 1363
558 1372
558 1575
558 1611
558 1761
558 1768
559 626
559 678
559 991
559 1060
559 1247
559 1283
559 1446
559 1525
559 1642
559 1817
560 827
560 866
560 1035
560 1065
560 1398
560 1528
560 1636
561 1196
561 1312
561 1433
562 756
562 1078
562 1447
562 1720
562 1745
563 802
563 1322
563 1390
563 1464
563 1494
563 1558
563 1564
563 1823
563 1947
564 698
564 925
564 1036
564 1637
564 1846
565 923
565 1050
565 1196
565 1456
565 1801
565 1867
565 1873
565 1910
566 1039
566 1756
567 1382
567 1861
567 1938
568 834
568 835
568 841
568 844
568 1292
568 1471
568 1691
568 1815
569 610
569 644
569 1234
569 1362
569 1365
569 1390
569 1393
569 1405
569 1771
569 1784
569 1818
570 652
570 788
570 1051
570 1300
570 1454
570 1685
570 1814
571 939
571 979
571 1017
571 1023
571 1036
571 1460
571 1632
571 1645
571 1791
571 1794
571 1852
571 1983
572 647
572 835
572 966
572 1373
572 1408
572 1597
572 1854
573 1121
573 1272
573 1361
573 1565
573 1863
573 1951
574 584
574 750
574 754
574 969
574 1007
574 1067
574 1155
575 623
575 892
575 927
575 1023
575 1043
575 1297
575 1640
575 1672
576 893
576 1061
576 1319
576 1394
576 1398
576 1538
576 1594
576 1820
577 1091
577 1110
577 1217
578 801
578 994
578 1129
578 1140
578 1187
578 1529
578 1888
578 1992
579 612
579 733
579 963
579 1106
579 1134
579 1137
579 1624
579 1919
580 884
580 1301
580 1388
581 807
581 863
581 1082
581 1390
581 1492
581 1612
581 1700
581 1771
582 1648
582 1878
583 643
583 739
583 1024
583 1764
583 1808
584 621
584 628
584 858
584 1001
584 1106
584 1507
584 1692
584 1992
585 761
585 892
585 923
585 1311
585 1531
585 1622
585 1757
585 1804
585 1947
585 1957
586 646
586 658
586 1060
586 1123
586 1407
586 1484
586 1704
587 644
587 1144
587 1950
588 874
588 908
588 986
588 1158
588 1356
588 1406
588 1471
588 1767
589 647
589 836
589 1132
589 1228
589 1333
589 1992
590 736
590 1209
590 1521
590 1526
590 1551
590 1833
590 1909
591 767
591 1064
591 1182
591 1296
591 1320
591 1487
591 1575
591 1627
591 1794
592 756
592 958
592 971
592 1433
592 1505
592 1509
592 1710
592 1755
593 966
593 1201
593 1420
593 1507
593 1533
594 799
594 812
594 1670
594 1948
594 1968
595 701
595 1020
595 1288
596 615
596 658
596 1006
596 1436
596 1571
596 1966
597 649
597 744
597 747
597 826
597 1391
597 1404
597 1903
598 775
598 953
598 1015
598 1031
598 1042
598 1240
598 1317
598 1394
598 1628
598 1717
598 1952
599 609
599 811
599 853
599 876
599 1074
599 1203
599 1208
599 1309
599 1424
599 1713
599 1874
600 688
600 839
600 868
600 1036
600 1135
600 1221
600 1715
600 1824
600 1901
601 614
601 757
601 909
601 923
601 1197
601 1222
601 1386
601 1426
602 914
602 1005
602 1110
602 1199
602 1409
602 1496
602 1748
602 1940
603 950
603 953
603 1324
603 1826
604 701
604 890
604 1279
604 1374
604 1656
605 1170
605 1208
605 1332
606 938
606 966
606 969
606 1040
606 1108
606 1251
606 1254
606 1339
606 1633
606 1806
606 1831
606 1886
606 1956
606 1960
607 679
607 881
607 949
607 1194
607 1390
607 1747
607 1871
607 1974
608 1107
608 1207
608 1395
608 1985
609 1103
610 941
610 1035
610 1126
610 1144
610 1696
610 1738
611 778
611 923
611 1067
611 1146
611 1625
611 1973
612 975
612 1034
612 1212
612 1585
612 1975
613 725
613 775
613 833
613 918
613 986
613 987
613 1186
613 1249
613 1284
613 1327
613 1766
614 630
614 704
614 1034
614 1171
614 1367
614 1576
614 1601
614 1901
614 1975
615 619
615 662
615 856
615 932
615 1223
615 1995
615 1997
616 867
616 1277
616 1473
616 1506
616 1744
616 1759
617 737
617 948
617 1293
617 1509
617 1605
617 1725
617 1979
618 707
618 830
618 1044
618 1129
618 1255
618 1377
618 1513
618 1613
618 1742
618 1971
619 707
619 781
619 1131
620 829
620 1048
620 1196
620 1383
620 1449
620 1802
620 1926
621 629
621 853
621 905
621 1200
621 1246
621 1995
622 709
622 816
622 1069
622 1079
622 1138
622 1386
622 1420
622 1574
622 1587
623 680
623 1368
623 1471
623 1575
623 1612
624 782
624 957
624 1143
624 1365
624 1375
624 1562
625 1690
625 1895
626 703
626 830
626 1008
626 1195
626 1542
626 1637
626 1759
627 980
627 1026
627 1331
627 1845
627 1915
627 1969
628 745
628 1036
628 1116
628 1248
628 1516
628 1939
629 827
629 940
629 1151
629 1262
629 1543
629 1733
629 1754
629 1842
630 884
630 995
630 999
630 1544
631 779
631 837
631 870
631 1084
631 1127
631 1273
631 1346
631 1567
631 1585
632 772
632 921
632 1349
632 1508
632 1539
632 1756
632 1909
633 915
633 1413
633 1595
633 1661
633 1904
633 1930
634 850
634 1063
634 1323
634 1575
634 1793
634 1847
635 698
635 734
635 763
635 1628
635 1675
635 1807
636 657
636 1140
636 1313
636 1576
636 1590
636 1883
637 1018
637 1363
637 1871
638 678
638 691
638 1190
638 1909
638 1930
639 642
639 662
639 663
639 790
639 845
639 899
639 974
639 1212
639 1252
639 1293
639 1380
639 1831
639 1838
640 958
640 1035
640 1058
640 1326
640 1995
641 858
641 909
641 1652
641 1955
641 1984
642 659
642 694
642 714
642 1318
642 1366
642 1466
642 1570
642 1732
642 1741
642 1791
643 873
643 900
643 1024
643 1111
643 1349
643 1590
643 1658
643 1876
643 1927
644 743
644 785
644 818
644 1287
644 1359
644 1400
644 1474
644 1604
644 1669
644 1827
644 1851
644 1973
645 872
645 950
645 1216
645 1360
645 1445
645 1587
645 1689
646 1002
646 1077
646 1716
646 1846
646 1866
647 689
647 1028
647 1035
647 1208
647 1374
647 1411
647 1471
647 1608
648 881
648 1124
648 1132
648 1463
648 1597
648 1619
648 1752
649 679
649 1059
649 1149
649 1169
649 1194
649 1408
649 1655
649 1992
650 656
650 877
650 1063
650 1301
651 801
651 888
651 1263
651 1372
651 1437
651 1580
651 1610
651 1757
652 767
652 1021
652 1060
652 1237
652 1270
652 1316
653 726
653 753
653 771
653 912
653 1104
654 681
654 1170
654 1361
654 1711
654 1826
655 983
655 1441
655 1888
656 719
656 731
656 1179
656 1219
656 1767
656 1859
656 1932
657 958
657 1301
657 1318
657 1362
657 1602
657 1616
657 1640
657 1641
657 1657
657 1998
658 881
658 970
658 1086
658 1105
658 1390
658 1478
658 1541
658 1626
658 1837
659 1019
659 1069
659 1078
659 1223
659 1430
659 1437
660 875
660 927
660 940
660 1480
660 1902
661 782
661 786
661 793
661 829
661 838
661 957
661 1118
661 1287
661 1573
661 1636
661 1874
662 876
662 1000
662 1679
662 1746
662 1873
663 768
663 779
663 808
663 910
663 1242
663 1327
663 1332
663 1580
663 1862
663 1986
664 703
664 714
664 879
664 1009
664 1224
664 1862
665 965
665 999
665 1354
665 1410
665 1591
665 1625
666 851
666 1084
666 1138
666 1839
667 682
667 758
667 976
667 1013
667 1078
667 1184
667 1384
667 1417
667 1676
668 866
668 894
668 897
668 945
668 947
668 1056
668 1287
668 1303
668 1441
668 1532
668 1647
669 1027
669 1195
669 1336
669 1398
669 1699
669 1701
670 936
670 1388
670 1439
670 1614
670 1944
671 746
671 788
671 1048
671 1091
671 1146
671 1264
671 1555
671 1596
671 1915
672 856
672 1323
672 1693
672 1880
672 1977
673 735
673 889
673 1176
673 1374
673 1595
673 1707
673 1824
673 1885
674 757
674 765
674 1388
674 1640
675 726
675 778
675 1357
675 1363
675 1583
675 1849
675 1974
676 1142
677 1006
677 1133
677 1160
677 1263
677 1454
677 1654
677 1744
678 728
678 1161
678 1270
678 1442
678 1507
678 1882
678 1909
679 795
679 1307
679 1392
679 1601
679 1732
679 1926
679 1956
680 736
680 1027
680 1444
680 1467
680 1490
680 1617
681 1222
681 1271
681 1403
681 1896
682 811
682 944
682 1014
682 1553
682 1759
682 1763
682 1780
682 1782
682 1828
682 1998
683 916
683 1587
683 1630
684 927
684 1541
684 1637
685 996
685 1552
685 1696
686 1461
686 1867
687 1410
687 1522
687 1672
687 1912
688 758
688 948
688 1313
688 1411
689 846
689 1280
689 1337
689 1402
689 1508
690 1073
690 1531
690 1692
690 1774
691 935
691 1138
691 1383
691 1406
691 1471
691 1580
691 1882
691 1890
692 1015
692 1535
692 1669
692 1710
692 1820
693 748
693 1332
693 1605
693 1872
693 1961
694 798
694 1212
694 1335
694 1341
694 1393
694 1864
694 1951
695 696
695 1037
695 1080
695 1153
695 1213
695 1579
695 1617
695 1791
695 1966
696 782
696 794
696 1006
696 1070
696 1115
696 1207
696 1364
696 1553
696 1654
696 1758
696 1985
697 798
697 856
697 1057
697 1125
697 1278
698 919
698 1052
698 1148
698 1389
698 1488
698 1561
698 1666
698 1680
698 1817
699 954
699 1415
699 1477
699 1504
699 1608
699 1613
699 1697
700 802
700 981
700 1427
700 1526
700 1700
700 1713
701 738
701 759
701 834
701 927
701 959
701 1096
701 1508
701 1669
701 1699
701 1706
701 1990
702 870
702 1530
702 1817
702 1949
703 1047
703 1324
703 1434
703 1499
703 1752
704 853
704 916
704 976
704 1294
704 1306
704 1376
704 1423
704 1763
704 1941
705 710
705 982
705 1259
705 1416
705 1691
705 1697
706 762
706 773
706 800
706 1193
706 1519
706 1723
706 1863
706 1986
707 950
707 972
707 1009
707 1321
707 1348
707 1455
707 1465
707 1953
708 1184
708 1204
708 1535
708 1743
708 1863
709 909
709 992
709 1423
709 1624
709 1734
709 1811
709 1848
709 1856
709 1917
710 738
710 915
710 976
710 1019
710 1063
710 1184
710 1268
710 1700
711 862
711 1143
711 1386
711 1441
711 1945
712 735
712 768
712 803
712 1194
712 1375
712 1441
712 1544
712 1724
713 928
713 958
713 1140
713 1229
713 1530
713 1546
713 1597
713 1626
713 1718
713 1824
713 1973
714 1024
714 1498
714 1559
714 1831
715 741
715 857
715 1263
715 1719
716 986
716 1122
716 1238
716 1290
716 1321
716 1603
716 1905
716 1920
717 785
717 924
717 1049
717 1505
717 1773
717 1863
717 1888
718 1358
718 1368
718 1870
718 1999
719 972
719 1053
719 1353
719 1393
719 1561
719 1580
720 848
720 1434
720 1459
720 1513
720 1552
720 1580
720 1583
720 1683
720 1769
721 1015
721 1145
721 1301
721 1307
721 1498
721 1698
721 1743
721 1869
721 1991
722 734
722 843
722 854
722 931
722 1119
722 1142
722 1264
722 1564
722 1869
722 1927
723 871
723 976
723 1112
723 1342
723 1859
724 849
724 1036
724 1167
725 795
725 817
725 924
725 993
725 994
725 1019
725 1057
725 1355
725 1631
725 1677
725 1681
725 1861
726 753
726 805
726 812
726 1109
726 1483
726 1967
727 740
727 862
727 1058
727 1109
727 1167
728 981
728 1181
728 1211
729 1033
730 825
730 861
730 869
730 1087
730 1293
730 1377
730 1688
730 1835
731 785
731 829
731 880
731 1095
731 1340
731 1364
731 1372
731 1374
731 1511
731 1584
731 1848
732 1269
732 1414
732 1780
732 1856
732 1920
733 1341
733 1439
733 1580
733 1736
733 1844
733 1863
733 1970
734 965
734 1039
734 1067
734 1070
734 1158
734 1218
734 1361
734 1812
734 1947
734 1963
735 751
735 825
735 950
735 997
735 1012
735 1256
735 1276
735 1414
735 1478
735 1490
735 1557
735 1627
735 1815
735 1954
736 1209
736 1210
736 1421
736 1546
736 1575
736 1713
737 853
737 954
737 1017
738 848
738 1359
738 1487
738 1652
738 1802
739 760
739 777
739 813
739 921
739 1151
739 1277
739 1336
739 1474
739 1497
739 1530
739 1645
740 888
740 983
740 1228
740 1430
740 1496
740 1931
741 869
741 970
741 1111
741 1182
741 1250
741 1408
741 1713
741 1715
741 1920
742 1151
742 1164
742 1679
742 1821
742 1903
742 1994
743 948
743 1485
743 1490
743 1759
743 1953
744 1479
744 1981
745 904
745 1294
745 1344
745 1349
745 1900
746 841
746 961
746 991
746 1076
746 1115
746 1304
746 1316
746 1759
746 1796
747 1241
747 1476
747 1745
747 1896
747 1935
748 1298
748 1328
748 1494
749 901
749 1161
749 1256
749 1389
749 1460
749 1572
749 1581
749 1682
749 1731
750 1293
750 1717
750 1960
751 1086
751 1194
751 1378
752 758
752 1121
752 1182
752 1488
752 1720
752 1780
753 875
753 1243
753 1567
753 1647
753 1668
754 1025
754 1158
754 1306
754 1811
754 1919
755 822
755 1216
755 1323
755 1432
755 1486
755 1544
756 821
756 894
756 1389
756 1862
756 1992
757 920
757 1249
757 1441
757 1476
757 1746
758 793
758 918
758 1044
758 1586
758 1864
759 855
759 866
759 1014
759 1043
759 1046
759 1147
759 1215
759 1279
759 1341
759 1556
760 883
760 1047
760 1167
760 1656
761 949
761 999
761 1438
761 1460
761 1486
761 1543
761 1577
762 1171
762 1303
762 1481
762 1854
762 1981
763 855
763 869
763 892
763 969
763 1025
763 1352
763 1381
763 1419
763 1433
763 1463
764 818
764 984
764 1521
764 1613
764 1652
764 1812
764 1966
765 907
765 978
765 1028
765 1037
765 1376
765 1510
765 1527
766 916
766 972
766 981
766 1300
766 1672
766 1960
767 942
767 973
767 1142
767 1161
767 1313
767 1443
768 787
768 791
768 1248
768 1255
768 1284
768 1593
768 1612
768 1616
768 1984
769 1490
769 1549
769 1679
769 1892
770 777
770 792
770 859
770 1015
770 1234
770 1551
770 1790
770 1880
770 1927
771 901
771 1331
771 1349
771 1424
771 1530
771 1571
771 1613
771 1870
771 1913
772 774
772 880
772 1288
772 1381
772 1581
772 1710
772 1788
773 826
773 928
773 1123
773 1324
773 1362
773 1492
773 1796
774 1341
774 1595
774 1600
774 1880
775 916
775 1627
775 1761
775 1890
775 1982
776 1314
776 1410
776 1617
777 808
777 970
777 1010
777 1012
777 1082
777 1115
777 1238
777 1366
777 1586
778 836
778 1012
778 1127
778 1318
778 1523
779 984
779 985
779 1118
779 1163
779 1262
779 1500
779 1630
779 1798
780 919
780 1041
780 1432
780 1779
780 1787
781 858
781 941
781 1102
781 1820
781 1895
782 831
782 1082
782 1229
782 1471
782 1629
782 1721
782 1838
783 969
783 1073
783 1106
783 1383
783 1435
784 1280
784 1385
784 1726
784 1830
785 795
785 852
785 869
785 1040
785 1080
785 1338
785 1841
785 1857
785 1904
786 825
786 1032
786 1052
786 1593
786 1822
786 1869
786 1943
787 901
787 942
787 1583
787 1775
788 843
788 886
788 892
788 1092
788 1175
788 1209
788 1515
788 1923
789 866
789 977
789 1057
789 1583
789 1620
790 1047
790 1171
790 1298
790 1539
790 1624
790 1708
790 1860
790 1869
790 1966
791 810
791 843
791 1042
791 1239
791 1311
791 1370
791 1468
791 1572
791 1757
791 1922
792 825
792 919
792 1409
793 910
793 1107
793 1196
793 1313
793 1322
793 1604
793 1608
793 1695
793 1776
794 957
794 1169
794 1245
794 1404
794 1461
794 1562
794 1734
794 1766
794 1897
795 870
795 992
795 1150
795 1355
795 1492
795 1524
795 1933
795 1936
796 1142
796 1499
796 1520
796 1605
796 1826
796 1975
797 1220
797 1268
797 1290
797 1409
797 1659
798 873
798 979
798 1196
798 1784
798 1822
798 1829
799 805
799 819
799 843
799 857
799 1045
799 1224
799 1268
799 1487
799 1870
800 921
800 1071
800 1397
800 1756
800 1941
801 854
801 1302
801 1786
802 819
802 1029
802 1124
802 1182
802 1421
803 904
803 1034
803 1048
803 1177
803 1664
803 1744
804 947
804 1179
804 1254
804 1453
804 1748
805 821
805 913
805 1058
805 1103
805 1162
805 1533
805 1962
806 994
806 1659
807 936
807 953
807 981
807 1021
807 1200
807 1365
807 1820
807 1963
808 865
808 943
808 964
808 1077
808 1174
808 1235
808 1451
808 1467
809 904
809 914
809 929
809 1171
809 1286
809 1402
809 1583
809 1656
810 897
810 1029
810 1153
810 1651
811 861
811 1091
811 1325
811 1413
811 1671
811 1774
811 1933
812 1777
812 1824
812 1955
813 922
813 997
813 1041
813 1233
813 1378
813 1956
814 1002
814 1091
814 1148
814 1460
814 1810
814 1871
814 1958
815 930
815 985
815 1003
815 1037
815 1286
815 1487
815 1789
815 1905
816 940
816 1362
816 1426
817 860
817 1161
817 1196
817 1264
817 1427
817 1505
818 878
818 906
818 909
818 913
818 993
818 1109
818 1174
818 1876
819 1383
819 1605
820 1263
820 1499
820 1519
820 1683
820 1791
821 1157
821 1185
821 1188
821 1345
821 1426
821 1449
821 1858
821 1892
822 1002
822 1107
822 1458
822 1875
822 1910
822 1988
823 833
823 1186
823 1312
823 1748
824 841
824 1179
824 1204
824 1216
824 1279
824 1466
824 1648
824 1992
825 1359
825 1453
825 1522
825 1608
825 1961
826 1188
826 1327
826 1379
826 1637
826 1747
826 1865
827 854
827 994
827 1284
827 1288
827 1440
827 1906
828 1229
828 1461
828 1583
828 1633
828 1710
829 933
830 1543
830 1717
831 878
831 1262
831 1293
831 1801
831 1811
831 1920
832 1200
832 1311
832 1633
833 1093
833 1162
833 1489
834 1023
834 1127
834 1143
834 1368
834 1437
834 1455
834 1968
835 978
835 1454
835 1484
835 1603
835 1722
835 1904
835 1942
836 1165
836 1186
836 1355
836 1488
836 1802
836 1888
836 1948
837 1095
837 1157
837 1471
837 1593
837 1694
838 961
838 1639
838 1705
839 1144
839 1297
839 1377
839 1511
839 1617
839 1661
839 1738
839 1764
839 1817
840 862
840 1027
840 1272
840 1671
840 1707
840 1887
841 1149
841 1247
841 1611
841 1772
842 852
842 1342
842 1488
842 1689
842 1760
842 1797
842 1861
843 1262
843 1295
843 1309
843 1461
843 1547
843 1594
843 1617
844 1218
844 1248
844 1326
844 1360
844 1420
844 1587
844 1692
844 1708
845 1000
845 1196
845 1628
845 1707
845 1762
845 1788
845 1823
845 1852
845 1912
846 1093
846 1161
846 1547
846 1666
846 1849
847 859
847 1384
847 1613
847 1659
847 1838
847 1839
847 1856
848 886
848 1062
848 1122
848 1186
848 1592
848 1692
849 863
849 1132
849 1227
849 1278
849 1337
849 1414
849 1471
849 1524
849 1621
849 1647
850 930
850 1129
850 1338
850 1449
850 1758
850 1876
851 1239
851 1626
851 1711
851 1858
852 1037
852 1131
852 1460
852 1522
852 1681
853 943
853 1494
853 1810
854 978
854 1174
854 1212
854 1234
854 1699
855 1225
855 1291
855 1360
855 1832
855 1837
855 1892
855 1940
856 1117
856 1467
856 1604
856 1730
856 1739
856 1772
856 1926
857 882
857 891
857 923
857 1375
857 1504
857 1603
857 1672
857 1717
857 1736
858 980
858 1370
858 1383
858 1895
859 1022
859 1076
859 1093
859 1688
860 864
860 1210
860 1225
860 1232
860 1287
860 1364
860 1365
860 1718
860 1830
860 1954
860 1978
861 1376
861 1571
861 1754
861 1846
861 1995
862 1074
862 1292
862 1374
862 1721
863 1021
863 1082
863 1362
863 1382
863 1742
863 1765
863 1982
864 1044
864 1092
864 1332
864 1715
865 865
865 926
865 1229
865 1842
866 969
866 1085
866 1262
866 1329
866 1398
866 1753
866 1768
867 1004
867 1005
867 1451
867 1514
867 1632
868 1165
868 1223
868 1449
868 1873
868 1911
869 905
869 970
869 1094
869 1158
869 1212
869 1628
870 890
870 997
870 1142
870 1206
870 1620
870 1907
870 1930
871 900
871 1657
872 1296
872 1633
873 971
873 1224
873 1886
874 1288
874 1336
874 1485
874 1554
874 1689
874 1704
875 919
875 1206
875 1711
875 1911
875 1974
876 1429
876 1577
876 1787
877 1394
877 1488
877 1667
877 1671
877 1836
877 1869
878 1556
878 1626
878 1627
878 1651
878 1763
878 1926
879 938
879 1191
879 1371
879 1437
879 1838
879 1886
880 1144
880 1538
880 1706
880 1723
880 1935
881 906
881 959
881 977
881 994
881 1045
881 1293
881 1315
881 1344
881 1723
881 1858
882 943
882 1059
882 1092
882 1283
882 1429
882 1436
882 1633
882 1946
882 1992
883 922
883 1032
883 1185
883 1271
883 1484
883 1844
883 1977
884 1178
884 1352
884 1690
884 1834
884 1851
885 1049
885 1141
885 1152
885 1523
885 1629
885 1823
885 1888
885 1958
886 889
886 897
886 946
886 1322
886 1657
886 1873
886 1886
887 1182
887 1511
887 1777
888 1104
888 1268
888 1445
888 1465
888 1543
888 1674
888 1738
889 895
889 988
889 1276
889 1317
889 1341
890 1071
890 1322
890 1343
890 1396
890 1793
890 1993
891 989
891 1147
891 1449
891 1719
891 1781
891 1821
892 995
892 1115
892 1870
893 1155
893 1231
893 1366
893 1946
894 1010
894 1036
894 1073
894 1147
894 1572
894 1609
894 1953
895 1141
895 1420
895 1530
896 920
896 1100
896 1327
896 1336
896 1341
896 1461
896 1479
896 1638
896 1721
897 1253
897 1313
897 1426
897 1566
897 1617
897 1874
898 959
898 1312
898 1395
898 1461
898 1548
898 1560
898 1609
898 1641
898 1956
899 1212
899 1213
899 1291
899 1432
899 1468
899 1681
899 1903
900 1063
900 1512
901 1003
901 1012
901 1207
901 1687
901 1824
901 1979
902 1042
902 1098
902 1231
902 1444
902 1497
902 1878
902 1904
902 1908
903 1031
903 1967
904 1188
904 1328
905 1889
906 967
906 1108
906 1446
906 1623
906 1934
907 958
907 1271
907 1387
907 1392
907 1781
908 967
908 1075
908 1473
908 1503
908 1570
908 1831
908 1885
909 915
909 962
909 1097
909 1199
909 1548
909 1892
909 1903
909 1908
910 1159
910 1228
910 1316
910 1500
910 1845
911 931
911 934
911 973
911 1272
911 1424
911 1708
911 1854
911 1912
912 929
912 968
912 1338
912 1413
912 1674
912 1698
912 1861
912 1912
912 1972
913 967
913 1014
913 1212
913 1269
913 1623
913 1660
913 1733
913 1810
913 1926
914 1191
914 1331
914 1438
914 1530
914 1715
915 945
915 1148
915 1521
915 1830
915 1868
915 1969
916 1081
916 1244
916 1555
917 1251
917 1260
917 1269
917 1385
917 1507
917 1693
917 1771
917 1896
918 1347
918 1525
918 1667
918 1753
918 1967
919 1056
919 1093
919 1260
919 1560
919 1825
919 1854
919 1977
919 1998
920 932
920 1104
920 1593
920 1838
920 1923
921 1046
921 1450
921 1627
922 923
922 1027
922 1055
922 1058
922 1149
922 1158
922 1275
922 1425
922 1796
922 1849
922 1877
923 1077
923 1538
923 1676
924 959
924 982
924 1080
924 1538
924 1806
925 1126
925 1618
925 1946
926 1015
926 1414
926 1490
926 1682
926 1741
926 1864
926 1875
926 1974
927 952
927 1051
927 1122
927 1239
927 1549
928 1087
928 1435
928 1472
928 1726
928 1810
929 957
929 1070
929 1634
929 1947
930 1253
930 1828
930 1841
931 1243
931 1349
931 1611
931 1635
931 1692
932 1097
932 1915
932 1951
933 1166
933 1174
933 1204
933 1393
933 1395
933 1589
933 1625
933 1652
933 1749
933 1812
933 1913
933 1956
934 961
934 1098
934 1385
934 1415
934 1519
934 1561
934 1669
934 1810
934 1834
935 1253
935 1477
935 1715
935 1893
936 1038
936 1052
936 1087
936 1187
936 1738
936 1937
936 1940
937 1166
937 1220
937 1341
937 1445
937 1536
938 987
938 1002
938 1004
938 1094
938 1315
939 997
939 1181
939 1305
939 1329
939 1474
939 1936
940 1057
940 1295
940 1300
940 1438
940 1514
940 1570
940 1666
940 1750
940 1894
941 988
941 1160
941 1392
941 1410
941 1463
941 1574
941 1866
942 1007
942 1516
942 1523
942 1836
942 1883
943 1231
943 1323
943 1526
943 1658
943 1857
943 1967
944 1187
944 1553
944 1558
944 1734
944 1915
946 953
946 1508
946 1630
946 1702
946 1727
946 1780
946 1941
946 1969
946 1972
947 983
947 1017
947 1439
947 1472
947 1629
947 1893
948 1203
948 1372
948 1544
948 1546
948 1961
949 1123
949 1172
949 1223
949 1356
949 1454
949 1573
949 1713
949 1842
950 1187
950 1551
950 1704
950 1761
950 1800
950 1873
951 1809
951 1839
952 983
952 1252
952 1274
952 1311
952 1322
952 1332
952 1491
952 1561
952 1738
953 1302
953 1452
953 1467
953 1500
953 1674
953 1746
954 1129
954 1330
954 1395
954 1592
954 1786
954 1945
955 1171
955 1195
955 1580
955 1617
955 1753
955 1806
955 1827
956 1090
956 1213
956 1547
956 1639
956 1960
957 1099
957 1150
957 1193
957 1243
959 1066
959 1070
959 1246
959 1610
960 1133
960 1173
960 1602
960 1637
960 1698
960 1706
960 1878
961 1170
961 1249
961 1968
962 1078
962 1373
962 1422
962 1586
962 1591
962 1607
962 1862
962 1871
962 1925
963 1003
963 1080
963 1231
963 1372
963 1683
963 1741
964 1103
964 1374
964 1776
965 1084
965 1262
965 1430
965 1474
965 1641
965 1682
965 1745
965 1787
965 1864
966 1132
966 1170
966 1546
966 1578
967 1200
967 1591
967 1667
968 1438
968 1597
968 1670
968 1883
968 1920
969 1005
969 1104
969 1897
970 987
970 1422
970 1432
970 1549
970 1821
971 1163
971 1250
971 1852
972 1259
972 1311
972 1344
972 1600
972 1715
972 1778
972 1997
973 1177
973 1204
973 1239
973 1690
973 1885
974 1164
974 1559
974 1744
974 1763
974 1807
974 1873
974 1970
974 1997
975 1082
975 1331
975 1400
975 1416
975 1625
975 1907
976 1343
976 1381
976 1491
976 1978
977 1120
977 1277
977 1343
977 1759
978 1114
978 1341
978 1387
978 1618
978 1646
978 1649
978 1907
979 1483
979 1526
979 1840
979 1887
979 1945
980 1500
980 1739
980 1866
981 1266
981 1289
981 1496
981 1552
981 1768
982 1240
982 1386
982 1537
982 1561
982 1635
982 1645
982 1686
982 1825
982 1843
983 1546
983 1620
984 1181
984 1381
984 1399
984 1456
984 1579
984 1736
984 1801
984 1865
985 1505
985 1597
986 1112
986 1257
986 1415
986 1432
986 1480
986 1542
986 1995
987 1152
987 1449
987 1688
987 1840
988 1010
988 1330
988 1897
989 999
989 1047
989 1240
989 1244
989 1619
990 1076
990 1174
990 1433
990 1488
990 1509
990 1538
990 1869
990 1912
991 1084
991 1699
991 1979
992 1573
992 1740
992 1840
993 1666
993 1773
994 1003
994 1597
994 1755
994 1910
995 1017
995 1023
995 1254
995 1755
995 1833
995 1937
996 1614
996 1946
997 1059
997 1483
997 1634
997 1861
997 1954
998 1200
998 1363
998 1368
998 1479
998 1639
998 1830
999 1033
999 1103
999 1536
999 1706
999 1809
999 1891
1000 1492
1000 1573
1000 1659
1000 1665
1000 1732
1001 1028
1001 1410
1001 1546
1001 1551
1001 1625
1001 1888
1001 1937
1002 1439
1002 1527
1002 1648
1002 1777
1002 1835
1003 1122
1003 1163
1003 1774
1003 1956
1003 1966
1004 1103
1004 1104
1004 1388
1004 1509
1004 1665
1005 1162
1005 1172
1005 1463
1005 1686
1005 1891
1006 1313
1006 1368
1006 1415
1007 1361
1007 1479
1007 1734
1007 1777
1008 1105
1008 1125
1008 1406
1008 1417
1008 1862
1008 1968
1009 1024
1009 1034
1009 1114
1009 1331
1009 1616
1009 1716
1009 1724
1009 1740
1010 1319
1010 1382
1010 1722
1010 1817
1010 1845
1010 1848
1010 1855
1011 1071
1011 1383
1011 1409
1011 1577
1011 1735
1011 1770
1012 1044
1012 1103
1012 1475
1012 1534
1012 1602
1013 1235
1013 1244
1013 1311
1013 1443
1013 1898
1014 1102
1014 1434
1014 1781
1014 1846
1014 1989
1015 1284
1015 1353
1015 1674
1015 1709
1015 1850
1016 1032
1016 1250
1016 1361
1016 1756
1016 1870
1017 1217
1017 1329
1017 1419
1017 1558
1017 1560
1017 1989
1018 1143
1018 1301
1018 1391
1018 1906
1019 1428
1019 1474
1019 1595
1019 1651
1019 1826
1019 1882
1019 1979
1020 1212
1020 1310
1020 1437
1021 1077
1021 1100
1021 1279
1021 1347
1021 1421
1021 1447
1021 1588
1021 1598
1022 1162
1022 1195
1022 1392
1022 1537
1022 1572
1022 1856
1022 1869
1022 1958
1022 1962
1023 1034
1023 1211
1023 1651
1023 1941
1024 1055
1024 1067
1024 1196
1024 1395
1024 1517
1024 1842
1024 1865
1024 1925
1025 1153
1025 1280
1025 1448
1025 1562
1025 1614
1026 1094
1026 1195
1026 1251
1026 1371
1026 1388
1026 1707
1026 1794
1027 1036
1027 1327
1027 1562
1027 1569
1027 1785
1027 1789
1027 1970
1028 1295
1028 1506
1028 1620
1028 1663
1028 1756
1029 1155
1029 1175
1029 1745
1029 1946
1030 1187
1030 1656
1031 1157
1031 1526
1031 1584
1031 1981
1032 1202
1032 1971
1033 1035
1033 1952
1033 1972
1034 1376
1034 1512
1034 1595
1034 1597
1034 1997
1035 1052
1035 1096
1035 1140
1035 1224
1035 1340
1035 1623
1035 1676
1035 1976
1036 1057
1036 1356
1036 1448
1036 1495
1036 1619
1037 1037
1037 1067
1037 1838
1038 1719
1038 1889
1039 1043
1039 1121
1039 1335
1039 1355
1039 1443
1039 1503
1039 1579
1039 1611
1039 1702
1039 1985
1040 1386
1040 1640
1041 1101
1041 1303
1041 1572
1041 1640
1042 1190
1042 1310
1042 1346
1042 1381
1042 1518
1042 1609
1042 1908
1042 1992
1043 1148
1043 1607
1043 1673
1043 1691
1044 1181
1044 1251
1044 1625
1044 1841
1045 1113
1045 1409
1045 1414
1045 1533
1045 1629
1045 1784
1045 1863
1045 1865
1045 1876
1046 1370
1046 1807
1046 1836
1047 1147
1047 1603
1047 1727
1047 1765
1047 1885
1048 1205
1048 1438
1048 1523
1048 1590
1049 1128
1049 1211
1049 1249
1049 1873
1049 1933
1050 1126
1050 1238
1050 1295
1050 1307
1050 1378
1050 1437
1050 1515
1050 1959
1050 1960
1050 1999
1051 1258
1051 1292
1051 1631
1052 1182
1052 1264
1052 1417
1052 1521
1052 1755
1052 1788
1053 1084
1053 1100
1053 1367
1053 1937
1054 1064
1054 1314
1054 1354
1054 1376
1054 1449
1054 1722
1054 1790
1055 1194
1055 1338
1055 1889
1055 1906
1055 1934
1055 1937
1056 1097
1056 1235
1056 1510
1056 1828
1057 1268
1057 1285
1057 1461
1057 1529
1057 1803
1057 1958
1058 1136
1058 1161
1058 1394
1058 1469
1058 1480
1058 1675
1058 1713
1058 1731
1059 1144
1059 1386
1059 1503
1059 1776
1059 1926
1060 1256
1060 1477
1060 1627
1060 1832
1061 1167
1061 1269
1061 1270
1061 1351
1061 1601
1061 1638
1061 1744
1062 1123
1062 1147
1062 1296
1062 1352
1062 1396
1062 1526
1062 1536
1062 1551
1062 1903
1063 1278
1063 1764
1063 1906
1064 1136
1064 1220
1064 1414
1064 1724
1064 1820
1064 1889
1065 1148
1065 1294
1065 1320
1065 1346
1065 1648
1065 1776
1066 1184
1066 1195
1066 1279
1066 1417
1066 1917
1067 1124
1067 1792
1068 1218
1068 1337
1068 1455
1068 1700
1068 1846
1069 1194
1069 1324
1069 1406
1069 1744
1070 1410
1070 1469
1070 1832
1071 1241
1071 1479
1071 1701
1071 1739
1071 1948
1072 1102
1072 1204
1072 1275
1072 1283
1072 1301
1072 1325
1072 1811
1072 1813
1073 1340
1073 1437
1073 1577
1073 1632
1073 1722
1073 1791
1073 1856
1073 1895
1073 1934
1073 1986
1074 1116
1074 1166
1074 1513
1074 1555
1074 1726
1074 1927
1075 1401
1075 1557
1075 1660
1075 1729
1076 1212
1076 1527
1076 1605
1076 1871
1076 1917
1077 1102
1077 1161
1077 1265
1077 1269
1077 1347
1077 1441
1077 1741
1077 1778
1078 1149
1078 1228
1078 1463
1078 1608
1078 1797
1078 1923
1079 1098
1079 1187
1079 1344
1079 1505
1079 1541
1079 1591
1080 1101
1080 1378
1080 1521
1080 1689
1081 1166
1081 1231
1081 1243
1081 1602
1081 1874
1082 1119
1082 1335
1082 1506
1082 1594
1083 1287
1083 1385
1083 1964
1085 1120
1085 1445
1085 1491
1085 1516
1085 1974
1085 1990
1086 1338
1086 1529
1086 1639
1086 1708
1086 1719
1086 1959
1087 1149
1087 1344
1087 1457
1087 1629
1087 1647
1088 1103
1088 1387
1088 1614
1088 1830
1088 1876
1088 1909
1089 1120
1089 1268
1089 1315
1089 1599
1089 1724
1089 1965
1090 1134
1090 1166
1090 1421
1091 1336
1091 1355
1091 1409
1091 1641
1091 1652
1091 1781
1091 1796
1092 1107
1092 1242
1092 1590
1093 1106
1093 1331
1093 1386
1093 1775
1094 1176
1094 1587
1094 1723
1094 1962
1095 1182
1095 1220
1095 1526
1095 1591
1095 1671
1095 1984
1096 1100
1096 1425
1096 1725
1097 1220
1097 1561
1097 1871
1098 1108
1098 1207
1098 1248
1099 1169
1099 1206
1099 1403
1099 1435
1099 1623
1100 1236
1100 1332
1100 1396
1100 1555
1100 1600
1100 1639
1100 1646
1100 1762
1100 1883
1101 1272
1101 1350
1101 1841
1101 1972
1102 1319
1102 1502
1102 1708
1102 1869
1103 1300
1103 1542
1103 1840
1103 1933
1104 1225
1104 1476
1104 1783
1104 1907
1104 1915
1105 1124
1105 1156
1105 1430
1105 1743
1105 1814
1105 1959
1106 1174
1106 1299
1106 1891
1107 1107
1107 1310
1107 1557
1107 1804
1107 1947
1108 1158
1108 1495
1108 1508
1108 1513
1108 1587
1108 1640
1109 1126
1109 1247
1109 1530
1109 1648
1109 1673
1109 1715
1109 1775
1110 1203
1110 1918
1110 1940
1111 1409
1111 1562
1111 1685
1111 1696
1111 1875
1112 1629
1113 1202
1113 1655
1113 1791
1113 1856
1113 1974
1114 1195
1114 1227
1114 1326
1114 1385
1114 1389
1114 1539
1114 1973
1115 1147
1115 1343
1115 1384
1115 1637
1115 1701
1116 1447
1116 1525
1116 1542
1116 1780
1117 1146
1117 1318
1117 1927
1117 1998
1118 1319
1118 1408
1118 1872
1119 1152
1119 1523
1119 1711
1119 1873
1119 1890
1119 1922
1120 1495
1120 1618
1120 1677
1120 1917
1121 1385
1121 1724
1122 1382
1122 1644
1122 1698
1123 1156
1123 1760
1123 1824
1123 1945
1124 1453
1124 1558
1125 1184
1126 1399
1127 1183
1127 1362
1127 1466
1127 1562
1127 1831
1128 1666
1128 1759
1129 1295
1129 1404
1129 1636
1130 1383
1130 1794
1131 1185
1131 1644
1132 1138
1132 1453
1132 1773
1132 1981
1133 1333
1133 1422
1133 1565
1133 1879
1133 1933
1134 1426
1134 1459
1134 1490
1134 1721
1135 1208
1135 1319
1135 1467
1135 1643
1135 1761
1135 1899
1135 1939
1136 1275
1136 1333
1136 1515
1136 1654
1137 1244
1137 1438
1137 1448
1137 1546
1138 1160
1139 1822
1139 1969
1140 1192
1140 1488
1140 1568
1140 1788
1140 1844
1140 1888
1141 1202
1141 1337
1141 1651
1141 1665
1141 1684
1141 1811
1141 1852
1141 1946
1142 1247
1142 1605
1142 1644
1142 1774
1142 1803
1143 1582
1143 1628
1143 1889
1144 1308
1144 1408
1144 1477
1144 1779
1144 1832
1145 1349
1145 1364
1145 1423
1146 1934
1147 1331
1147 1697
1147 1932
1148 1413
1148 1420
1148 1528
1148 1650
1148 1676
1148 1693
1148 1832
1148 1891
1148 1978
1149 1298
1149 1655
1149 1907
1150 1260
1150 1389
1150 1690
1151 1298
1152 1449
1152 1543
1152 1727
1152 1944
1153 1169
1153 1342
1153 1669
1153 1826
1153 1922
1153 1943
1153 1998
1154 1208
1154 1399
1154 1419
1154 1559
1154 1729
1155 1181
1155 1221
1155 1615
1155 1711
1155 1717
1156 1235
1156 1473
1156 1856
1156 1898
1156 1992
1157 1677
1158 1176
1158 1197
1158 1516
1159 1572
1159 1799
1159 1860
1160 1422
1160 1655
1160 1700
1160 1796
1160 1887
1160 1894
1160 1926
1160 1980
1161 1195
1161 1330
1161 1333
1162 1455
1163 1401
1163 1476
1163 1540
1163 1687
1163 1990
1164 1383
1164 1456
1164 1561
1164 1722
1164 1808
1165 1171
1165 1504
1165 1630
1165 1791
1166 1266
1166 1654
1166 1771
1166 1837
1167 1460
1167 1499
1167 1814
1167 1862
1167 1922
1168 1227
1168 1308
1168 1591
1168 1798
1168 1943
1168 1978
1168 1999
1169 1185
1169 1329
1169 1453
1169 1773
1170 1175
1170 1205
1170 1368
1170 1415
1171 1286
1171 1393
1171 1778
1172 1332
1172 1659
1172 1755
1172 1848
1172 1916
1173 1211
1173 1296
1173 1298
1173 1547
1173 1615
1174 1415
1174 1725
1174 1905
1175 1247
1175 1630
1175 1737
1176 1364
1176 1587
1178 1192
1178 1398
1178 1471
1178 1781
1178 1793
1178 1926
1179 1442
1179 1493
1179 1544
1179 1613
1179 1824
1180 1393
1180 1405
1180 1574
1180 1953
1181 1208
1181 1266
1181 1409
1181 1587
1181 1857
1181 1974
1182 1360
1182 1794
1182 1835
1182 1878
1183 1307
1183 1384
1183 1438
1183 1561
1183 1601
1183 1847
1184 1356
1185 1196
1185 1567
1185 1915
1185 1956
1186 1339
1186 1812
1187 1715
1188 1356
1188 1649
1188 1677
1188 1872
1188 1905
1188 1907
1189 1384
1189 1442
1189 1524
1189 1789
1189 1822
1189 1862
1190 1831
1191 1515
1191 1715
1191 1924
1191 1959
1192 1226
1192 1323
1192 1364
1192 1420
1192 1440
1192 1611
1192 1638
1192 1690
1193 1487
1193 1871
1193 1901
1194 1603
1194 1725
1194 1742
1194 1813
1195 1454
1195 1729
1195 1978
1196 1535
1196 1851
1197 1232
1197 1314
1197 1431
1197 1442
1197 1850
1197 1883
1198 1280
1198 1482
1198 1538
1198 1668
1198 1859
1199 1556
1199 1802
1200 1350
1200 1702
1201 1371
1201 1853
1202 1236
1202 1333
1202 1413
1202 1579
1202 1792
1202 1896
1203 1327
1203 1504
1204 1619
1204 1886
1204 1959
1205 1426
1206 1432
1206 1484
1206 1503
1206 1660
1206 1888
1207 1659
1207 1706
1207 1981
1208 1265
1208 1482
1208 1630
1208 1654
1208 1757
1208 1780
1208 1878
1208 1984
1209 1409
1210 1393
1210 1577
1210 1579
1210 1818
1211 1284
1211 1349
1211 1540
1211 1786
1211 1799
1212 1222
1212 1256
1212 1939
1213 1480
1213 1662
1214 1306
1214 1364
1214 1372
1214 1659
1215 1238
1215 1254
1215 1353
1215 1567
1215 1580
1215 1627
1215 1852
1215 1947
1216 1274
1216 1396
1216 1448
1216 1509
1216 1538
1216 1901
1217 1258
1218 1587
1218 1942
1219 1757
1219 1883
1220 1417
1220 1582
1220 1595
1220 1610
1220 1642
1220 1892
1221 1529
1221 1621
1221 1859
1221 1879
1222 1275
1222 1581
1223 1573
1223 1603
1223 1773
1224 1351
1224 1699
1224 1956
1225 1282
1225 1402
1225 1551
1225 1820
1226 1371
1226 1409
1226 1474
1226 1585
1226 1644
1226 1719
1226 1995
1227 1376
1227 1387
1227 1496
1227 1687
1227 1828
1227 1930
1228 1267
1228 1272
1229 1414
1229 1431
1229 1543
1229 1617
1229 1902
1230 1291
1230 1422
1230 1643
1230 1736
1230 1744
1231 1412
1231 1493
1231 1861
1232 1289
1232 1308
1232 1931
1233 1319
1233 1588
1233 1643
1233 1733
1233 1838
1233 1911
1234 1456
1234 1511
1234 1822
1234 1971
1235 1331
1235 1496
1236 1735
1236 1743
1236 1878
1236 1959
1236 1997
1237 1651
1237 1698
1237 1747
1238 1627
1238 1709
1238 1776
1238 1880
1239 1367
1239 1516
1239 1562
1239 1828
1239 1951
1240 1267
1240 1277
1240 1341
1240 1397
1240 1810
1241 1268
1241 1326
1241 1388
1241 1837
1242 1465
1242 1815
1242 1899
1243 1548
1243 1661
1243 1753
1243 1941
1243 1947
1244 1361
1244 1391
1244 1608
1244 1773
1244 1984
1245 1481
1245 1645
1245 1692
1245 1741
1245 1987
1246 1321
1246 1347
1246 1370
1246 1498
1246 1589
1246 1822
1246 1963
1247 1549
1247 1829
1247 1919
1248 1279
1248 1549
1248 1577
1249 1356
1249 1435
1249 1857
1250 1518
1250 1573
1250 1640
1250 1947
1250 1991
1251 1440
1251 1556
1251 1967
1252 1773
1252 1965
1252 1986
1253 1354
1253 1453
1253 1481
1253 1712
1253 1858
1254 1595
1254 1704
1255 1442
1255 1461
1255 1698
1255 1834
1255 1877
1255 1995
1256 1613
1256 1645
1256 1857
1256 1907
1257 1327
1257 1639
1257 1646
1258 1434
1258 1770
1258 1793
1258 1852
1259 1876
1259 1932
1260 1270
1260 1602
1260 1842
1261 1330
1261 1761
1261 1907
1261 1930
1262 1267
1262 1282
1262 1783
1262 1862
1262 1998
1263 1476
1263 1979
1264 1933
1264 1991
1265 1276
1265 1297
1265 1502
1265 1664
1266 1332
1266 1558
1266 1596
1266 1818
1267 1814
1267 1989
1268 1660
1268 1904
1269 1346
1269 1408
1270 1282
1270 1427
1270 1588
1270 1662
1270 1764
1271 1471
1271 1966
1271 1987
1272 1280
1272 1321
1272 1524
1272 1641
1273 1326
1273 1378
1273 1810
1274 1342
1274 1906
1275 1589
1276 1744
1276 1777
1277 1375
1277 1668
1277 1669
1277 1847
1277 1870
1277 1981
1277 1996
1278 1359
1278 1400
1278 1594
1278 1664
1278 1901
1279 1789
1280 1305
1280 1680
1280 1894
1281 1668
1281 1703
1281 1764
1281 1928
1281 1983
1282 1408
1282 1472
1282 1478
1282 1751
1282 1802
1282 1833
1282 1845
1282 1857
1282 1913
1283 1419
1283 1421
1283 1469
1283 1591
1283 1760
1283 1919
1284 1383
1284 1628
1285 1304
1285 1643
1285 1905
1285 1928
1286 1328
1286 1354
1286 1534
1286 1860
1286 1879
1287 1319
1287 1454
1287 1532
1288 1463
1288 1784
1288 1922
1288 1936
1289 1387
1289 1439
1289 1517
1289 1541
1289 1720
1289 1892
1289 1912
1290 1781
1290 1937
1291 1385
1291 1388
1291 1593
1291 1621
1291 1653
1291 1668
1291 1940
1291 1941
1291 1949
1292 1327
1292 1500
1292 1513
1292 1697
1292 1786
1292 1851
1293 1453
1293 1488
1293 1575
1293 1649
1293 1952
1294 1383
1294 1557
1294 1595
1295 1414
1295 1540
1295 1658
1295 1758
1296 1467
1296 1717
1296 1811
1297 1568
1297 1828
1297 1857
1297 1872
1297 1947
1298 1427
1298 1724
1299 1412
1299 1520
1299 1717
1299 1755
1299 1783
1299 1810
1299 1973
1300 1604
1300 1986
1301 1453
1301 1690
1301 1817
1301 1859
1301 1916
1301 1930
1301 1943
1302 1689
1302 1696
1302 1709
1302 1835
1302 1927
1304 1319
1304 1636
1305 1505
1305 1517
1305 1552
1305 1702
1305 1864
1306 1318
1306 1333
1306 1563
1306 1875
1307 1631
1307 1677
1308 1750
1308 1983
1309 1375
1309 1619
1309 1722
1310 1459
1310 1488
1310 1811
1310 1949
1311 1426
1311 1496
1311 1635
1311 1852
1311 1888
1311 1897
1312 1647
1313 1598
1313 1992
1314 1324
1314 1464
1314 1507
1314 1711
1314 1761
1315 1327
1315 1616
1315 1685
1316 1597
1316 1774
1317 1612
1317 1859
1317 1867
1318 1375
1318 1405
1318 1448
1319 1367
1319 1403
1319 1623
1319 1776
1319 1822
1319 1897
1319 1967
1320 1636
1320 1724
1320 1849
1321 1829
1322 1500
1322 1966
1323 1362
1323 1384
1323 1458
1323 1628
1323 1671
1323 1749
1324 1349
1324 1451
1324 1569
1324 1570
1324 1650
1324 1797
1324 1965
1325 1768
1325 1913
1326 1941
1327 1349
1327 1643
1327 1697
1327 1924
1327 1928
1328 1742
1329 1361
1329 1401
1329 1564
1329 1725
1329 1856
1329 1967
1330 1612
1330 1638
1330 1686
1331 1659
1331 1722
1331 1862
1332 1339
1332 1383
1332 1479
1333 1347
1333 1739
1334 1392
1334 1535
1334 1600
1334 1862
1335 1753
1336 1441
1336 1509
1336 1532
1336 1629
1336 1681
1336 1756
1336 1878
1336 1896
1337 1710
1337 1752
1337 1840
1338 1451
1338 1639
1338 1652
1338 1665
1338 1899
1339 1628
1339 1648
1339 1703
1339 1787
1339 1882
1341 1675
1341 1704
1341 1891
1342 1391
1342 1753
1342 1819
1343 1503
1344 1362
1344 1430
1344 1527
1344 1572
1345 1578
1345 1841
1346 1411
1346 1428
1346 1571
1346 1611
1346 1672
1346 1767
1346 1780
1347 1415
1347 1468
1347 1547
1347 1709
1347 1892
1348 1372
1348 1377
1350 1811
1350 1990
1351 1527
1351 1688
1352 1432
1352 1694
1352 1787
1353 1578
1353 1715
1353 1790
1353 1836
1354 1488
1355 1510
1355 1616
1355 1936
1356 1743
1356 1998
1357 1650
1357 1738
1358 1535
1358 1586
1358 1603
1358 1716
1358 1727
1358 1776
1358 1786
1358 1963
1359 1372
1359 1502
1359 1579
1359 1802
1359 1829
1359 1906
1360 1711
1361 1366
1361 1509
1361 1541
1361 1610
1361 1708
1361 1832
1362 1555
1362 1926
1363 1391
1363 1651
1363 1981
1364 1422
1364 1681
1364 1947
1365 1412
1365 1721
1365 1823
1365 1840
1366 1416
1366 1600
1366 1647
1366 1694
1366 1789
1366 1963
1366 1999
1367 1427
1367 1822
1368 1427
1368 1518
1368 1764
1369 1594
1369 1632
1369 1772
1370 1415
1370 1702
1370 1715
1370 1943
1371 1823
1371 1883
1372 1759
1372 1847
1372 1884
1373 1483
1373 1552
1373 1738
1373 1987
1374 1473
1374 1536
1374 1679
1374 1912
1375 1428
1375 1472
1375 1551
1375 1603
1376 1442
1376 1912
1376 1934
1377 1404
1377 1607
1377 1646
1377 1964
1378 1797
1378 1965
1379 1616
1379 1635
1380 1423
1380 1720
1380 1739
1381 1520
1381 1767
1382 1585
1382 1930
1383 1493
1383 1564
1383 1967
1385 1484
1385 1522
1385 1713
1385 1878
1385 1999
1386 1489
1386 1522
1386 1551
1386 1627
1386 1724
1386 1898
1387 1767
1387 1840
1387 1952
1388 1584
1388 1668
1388 1751
1388 1756
1388 1932
1389 1953
1390 1504
1390 1617
1390 1652
1390 1654
1390 1665
1391 1486
1391 1681
1392 1594
1392 1767
1392 1930
1393 1457
1393 1613
1393 1646
1393 1847
1394 1495
1394 1573
1395 1641
1395 1914
1396 1468
1396 1559
1396 1881
1397 1674
1397 1903
1398 1476
1398 1492
1398 1756
1398 1762
1398 1769
1398 1982
1399 1584
1399 1590
1399 1602
1399 1620
1399 1949
1400 1932
1402 1556
1402 1595
1403 1439
1403 1568
1403 1664
1403 1701
1404 1790
1404 1886
1405 1561
1405 1625
1406 1524
1406 1661
1406 1800
1406 1862
1406 1877
1406 1950
1408 1411
1408 1542
1408 1581
1409 1412
1409 1516
1409 1553
1409 1890
1410 1447
1410 1580
1410 1642
1410 1694
1410 1931
1411 1484
1411 1912
1411 1925
1412 1838
1412 1931
1413 1859
1414 1433
1414 1646
1414 1709
1414 1757
1414 1874
1415 1594
1415 1612
1415 1712
1415 1833
1415 1837
1415 1970
1416 1426
1416 1467
1416 1493
1416 1806
1416 1811
1417 1840
1418 1571
1418 1888
1418 1933
1418 1980
1419 1776
1419 1780
1420 1619
1420 1793
1421 1565
1421 1957
1422 1534
1422 1699
1423 1475
1423 1753
1423 1831
1424 1764
1425 1490
1425 1598
1425 1611
1425 1783
1426 1697
1426 1768
1426 1872
1426 1917
1427 1563
1428 1726
1429 1442
1429 1641
1429 1757
1429 1818
1429 1908
1430 1440
1430 1481
1430 1703
1430 1817
1431 1475
1431 1652
1431 1779
1432 1460
1432 1716
1432 1974
1432 1999
1433 1537
1433 1634
1434 1776
1434 1817
1434 1950
1435 1442
1435 1556
1435 1748
1435 1756
1435 1768
1435 1905
1436 1700
1436 1834
1436 1999
1437 1615
1437 1664
1437 1916
1438 1453
1438 1547
1438 1646
1438 1648
1438 1744
1438 1749
1438 1889
1438 1905
1439 1506
1439 1509
1439 1575
1439 1656
1441 1467
1441 1841
1441 1996
1442 1452
1442 1888
1443 1673
1443 1976
1444 1563
1444 1610
1444 1704
1444 1955
1444 1985
1445 1470
1445 1740
1446 1788
1446 1874
1446 1917
1447 1735
1447 1740
1447 1756
1447 1775
1447 1799
1447 1991
1448 1553
1448 1557
1450 1484
1450 1848
1451 1989
1452 1789
1452 1988
1453 1483
1453 1519
1453 1633
1453 1639
1453 1854
1453 1867
1453 1943
1454 1763
1454 1825
1455 1479
1455 1488
1455 1581
1455 1827
1455 1962
1456 1476
1456 1516
1456 1994
1457 1535
1457 1590
1457 1611
1458 1741
1459 1517
1459 1537
1459 1779
1460 1524
1460 1626
1460 1634
1460 1731
1461 1700
1461 1747
1461 1748
1461 1772
1464 1480
1465 1670
1465 1671
1467 1506
1467 1860
1467 1925
1467 1951
1467 1967
1468 1956
1469 1578
1471 1557
1471 1754
1471 1887
1471 1960
1472 1549
1472 1576
1473 1699
1473 1806
1473 1870
1473 1873
1474 1539
1474 1540
1474 1598
1475 1933
1476 1614
1476 1640
1476 1805
1478 1819
1479 1741
1479 1912
1479 1989
1480 1588
1480 1596
1480 1641
1480 1746
1480 1789
1480 1944
1481 1567
1482 1740
1482 1870
1483 1764
1484 1847
1486 1580
1486 1671
1487 1729
1487 1943
1488 1526
1488 1679
1489 1729
1489 1757
1489 1884
1489 1919
1490 1695
1490 1910
1490 1941
1491 1545
1492 1679
1492 1845
1492 1900
1492 1906
1492 1999
1493 1508
1493 1539
1493 1997
1494 1604
1494 1630
1494 1707
1494 1731
1494 1756
1495 1942
1495 1949
1496 1611
1496 1927
1497 1499
1497 1559
1497 1560
1497 1631
1497 1668
1497 1727
1498 1618
1498 1762
1498 1861
1499 1559
1499 1578
1499 1787
1499 1910
1499 1919
1500 1589
1500 1729
1500 1753
1500 1839
1500 1963
1500 1984
1501 1566
1501 1854
1502 1626
1502 1715
1503 1581
1503 1984
1504 1571
1504 1713
1504 1796
1504 1994
1505 1552
1505 1681
1506 1589
1506 1678
1506 1691
1507 1840
1508 1785
1508 1919
1508 1960
1509 1835
1509 1892
1510 1521
1510 1629
1510 1640
1510 1896
1511 1609
1511 1636
1511 1657
1512 1551
1512 1690
1513 1621
1513 1636
1513 1868
1514 1545
1514 1851
1515 1736
1515 1901
1515 1970
1516 1519
1516 1537
1516 1539
1516 1676
1516 1926
1517 1528
1517 1665
1517 1672
1517 1829
1517 1917
1517 1999
1518 1529
1518 1634
1518 1933
1519 1580
1520 1553
1520 1777
1520 1946
1520 1966
1521 1829
1522 1573
1523 1994
1524 1703
1524 1722
1524 1834
1524 1902
1525 1537
1525 1573
1525 1579
1525 1738
1525 1913
1525 1928
1527 1744
1527 1838
1527 1893
1528 1564
1528 1788
1528 1855
1528 1896
1529 1803
1529 1870
1530 1709
1530 1944
1531 1668
1533 1568
1533 1626
1533 1813
1533 1949
1534 1832
1534 1919
1537 1780
1537 1850
1537 1946
1538 1856
1539 1740
1539 1891
1539 1949
1540 1783
1540 1823
1540 1931
1541 1740
1542 1572
1542 1642
1542 1744
1543 1754
1543 1940
1543 1946
1544 1613
1544 1660
1544 1822
1545 1684
1545 1885
1546 1613
1546 1698
1546 1871
1546 1880
1547 1646
1547 1681
1547 1723
1548 1608
1548 1729
1548 1773
1548 1799
1549 1609
1550 1577
1550 1610
1550 1663
1550 1917
1550 1934
1550 1946
1551 1796
1552 1636
1552 1702
1552 1929
1552 1955
1553 1716
1553 1895
1553 1931
1554 1578
1554 1938
1554 1998
1555 1927
1555 1970
1555 1972
1556 1776
1556 1781
1556 1987
1558 1777
1560 1691
1560 1839
1560 1845
1560 1890
1560 1930
1560 1936
1561 1599
1561 1662
1561 1826
1561 1853
1561 1959
1563 1598
1563 1682
1563 1975
1564 1713
1564 1820
1565 1776
1565 1801
1566 1702
1566 1811
1566 1831
1566 1853
1566 1985
1567 1751
1567 1760
1567 1776
1568 1763
1568 1950
1568 1972
1571 1916
1572 1648
1572 1874
1573 1859
1575 1623
1575 1811
1575 1940
1576 1602
1576 1972
1577 1608
1577 1699
1577 1724
1577 1822
1577 1860
1577 1971
1578 1765
1578 1905
1579 1705
1579 1765
1579 1806
1580 1656
1581 1769
1581 1816
1582 1632
1583 1944
1584 1688
1584 1767
1584 1969
1585 1591
1585 1819
1585 1971
1586 1959
1586 1972
1588 1594
1588 1925
1589 1624
1589 1869
1590 1630
1590 1828
1590 1870
1591 1660
1591 1671
1598 1723
1598 1794
1599 1766
1600 1609
1600 1652
1600 1660
1600 1731
1600 1873
1601 1980
1602 1756
1602 1837
1602 1845
1603 1670
1603 1714
1604 1692
1605 1886
1605 1894
1605 1920
1605 1964
1606 1641
1606 1806
1608 1692
1608 1856
1609 1835
1609 1864
1610 1760
1610 1766
1610 1770
1610 1811
1611 1628
1611 1860
1612 1939
1614 1768
1614 1985
1615 1674
1615 1741
1616 1622
1616 1765
1618 1658
1618 1976
1619 1937
1620 1944
1621 1818
1622 1951
1623 1661
1623 1752
1624 1817
1625 1832
1626 1640
1626 1802
1627 1684
1627 1690
1628 1820
1628 1912
1628 1949
1630 1642
1630 1674
1631 1695
1631 1938
1631 1972
1632 1639
1632 1695
1633 1847
1633 1986
1635 1650
1636 1688
1636 1906
1637 1888
1637 1907
1637 1941
1639 1639
1641 1698
1641 1751
1641 1771
1641 1798
1642 1675
1642 1804
1642 1894
1643 1774
1643 1906
1645 1924
1645 1944
1646 1874
1646 1955
1646 1985
1647 1696
1649 1835
1650 1827
1651 1944
1652 1672
1652 1729
1653 1688
1653 1822
1654 1796
1655 1822
1656 1664
1656 1805
1657 1759
1657 1812
1657 1985
1658 1662
1658 1983
1659 1668
1660 1784
1660 1961
1661 1965
1662 1872
1662 1891
1663 1792
1664 1922
1665 1813
1665 1841
1666 1785
1666 1920
1666 1963
1667 1750
1667 1872
1667 1890
1668 1748
1669 1867
1670 1704
1671 1908
1671 1990
1672 1810
1672 1875
1673 1681
1673 1917
1674 1706
1674 1868
1674 1892
1675 1825
1675 1843
1675 1860
1676 1854
1676 1955
1677 1749
1678 1682
1678 1749
1679 1683
1679 1717
1680 1696
1680 1769
1681 1686
1681 1784
1681 1928
1682 1713
1682 1895
1684 1778
1684 1940
1685 1776
1685 1789
1685 1926
1685 1936
1685 1979
1686 1764
1686 1890
1686 1955
1687 1704
1689 1855
1689 1906
1690 1980
1691 1706
1692 1837
1692 1940
1693 1970
1694 1710
1694 1863
1695 1829
1695 1850
1695 1944
1695 1946
1696 1732
1696 1823
1697 1850
1697 1892
1698 1819
1698 1932
1698 1967
1699 1744
1700 1787
1701 1777
1701 1865
1702 1769
1702 1936
1703 1742
1703 1862
1703 1980
1705 1835
1705 1854
1705 1920
1707 1799
1707 1833
1708 1827
1708 1910
1709 1805
1709 1826
1711 1966
1712 1968
1713 1903
1714 1727
1714 1749
1716 1734
1716 1944
1719 1757
1719 1913
1719 1963
1720 1791
1721 1790
1721 1952
1721 1964
1722 1880
1723 1862
1725 1957
1725 1986
1726 1837
1726 1904
1727 1755
1727 1790
1728 1913
1728 1921
1728 1976
1729 1965
1729 1969
1730 1832
1731 1804
1734 1754
1735 1862
1735 1883
1736 1844
1738 1799
1740 1789
1740 1834
1740 1954
1745 1760
1745 1978
1746 1762
1746 1769
1748 1799
1748 1819
1749 1869
1749 1989
1751 1831
1751 1870
1752 1784
1753 1909
1753 1925
1753 1984
1754 1825
1754 1967
1756 1954
1757 1856
1758 1856
1758 1930
1758 1960
1758 1963
1759 1762
1760 1823
1760 1946
1761 1779
1761 1831
1761 1951
1761 1971
1762 1773
1762 1938
1763 1778
1764 1942
1764 1991
1766 1857
1767 1815
1768 1821
1770 1773
1770 1891
1771 1885
1773 1885
1775 1922
1776 1910
1779 1925
1779 1937
1780 1792
1780 1975
1781 1905
1782 1978
1782 1989
1784 1892
1784 1985
1784 1999
1785 1838
1786 1973
1786 1983
1787 1829
1788 1896
1788 1918
1789 1944
1790 1794
1790 1934
1791 1929
1792 1800
1795 1799
1795 1805
1798 1976
1798 1994
1799 1834
1800 1809
1801 1838
1801 1923
1802 1910
1803 1829
1803 1928
1805 1949
1806 1817
1807 1930
1809 1820
1809 1871
1812 1833
1813 1848
1817 1824
1820 1824
1820 1871
1820 1919
1823 1838
1823 1927
1823 1947
1824 1846
1825 1834
1825 1850
1825 1975
1827 1969
1828 1858
1828 1896
1828 1956
1832 1885
1832 1986
1832 1993
1834 1907
1834 1908
1834 1920
1835 1972
1835 1992
1836 1851
1838 1849
1842 1848
1842 1907
1844 1882
1845 1871
1847 1936
1847 1955
1849 1952
1849 1991
1854 1988
1855 1965
1855 1994
1856 1989
1857 1883
1857 1990
1860 1900
1861 1975
1862 1863
1862 1968
1863 1893
1863 1897
1865 1972
1865 1979
1867 1983
1869 1876
1869 1953
1869 1966
1872 1902
1872 1977
1873 1880
1874 1879
1874 1937
1875 1969
1876 1882
1879 1942
1880 1936
1881 1889
1881 1936
1883 1928
1889 1939
1891 1950
1892 1979
1893 1919
1894 1961
1895 1968
1897 1898
1897 1956
1897 1992
1899 1908
1901 1931
1901 1965
1904 1923
1906 1908
1909 1989
1910 1933
1911 1926
1914 1989
1915 1973
1917 1972
1920 1957
1923 1967
1925 1934
1926 1999
1927 1968
1928 1991
1931 1951
1931 1976
1935 1942
1939 1983
1940 1974
1950 1973
1953 1976
1956 1989
1957 1957
1958 1993
1961 1964
1973 1980
1984 1985
