2000
0 1389
0 1610
0 1896
1 1255
1 1821
2 266
2 666
2 1379
2 1551
2 1627
4 882
5 816
5 1051
5 1560
5 1665
5 1721
6 495
6 797
6 1337
6 1805
8 716
9 719
9 1739
10 673
10 1154
10 1703
11 373
11 593
11 636
11 888
11 982
12 160
13 517
14 664
15 205
15 442
16 83
16 1588
17 1755
18 427
18 595
18 648
19 455
19 1289
20 269
20 904
21 289
21 1263
22 388
22 1590
22 1928
23 736
23 1830
24 423
24 456
25 546
25 687
26 464
26 1091
26 1396
27 504
27 683
27 1743
28 794
28 1662
28 1728
29 612
29 682
29 1243
29 1527
29 1848
30 221
30 320
30 451
30 1808
31 1573
32 797
32 1991
33 538
33 733
33 1165
33 1348
33 1611
34 62
34 1154
34 1283
35 426
35 764
35 1269
36 640
36 800
37 118
37 1691
37 1724
38 1025
39 111
39 995
39 1024
39 1769
39 1838
40 1316
40 1373
40 1768
41 899
41 1755
42 1059
43 1122
43 1428
43 1494
44 247
44 957
44 1643
44 1859
45 583
45 712
45 1376
46 561
47 286
49 118
50 192
51 1448
51 1690
52 1978
53 200
53 1386
53 1887
54 65
54 1477
55 1596
55 1998
56 1120
56 1698
56 1734
57 577
57 1082
58 860
58 1082
58 1388
58 1869
59 186
59 195
59 614
59 1474
60 1863
60 1874
61 115
61 175
61 1277
62 1378
63 418
64 347
64 546
64 864
65 1143
65 1417
65 1618
65 1954
66 1212
66 1323
66 1922
67 532
67 696
67 1774
68 946
68 1897
69 97
69 1229
69 1248
69 1493
69 1792
70 458
70 664
70 1857
71 192
71 630
71 991
71 1236
71 1472
71 1514
71 1733
72 1086
73 166
74 147
74 670
74 692
74 1096
74 1911
75 1068
75 1810
76 450
77 419
79 474
79 952
79 1306
79 1922
80 376
80 696
80 1044
82 969
82 1113
84 218
84 1504
84 1721
85 187
85 445
85 956
85 1827
85 1959
86 356
86 900
86 1133
86 1582
86 1596
86 1719
87 119
87 288
87 890
87 1336
87 1598
87 1678
87 1813
88 543
88 609
89 216
89 356
89 877
90 591
90 1343
91 179
91 763
91 1352
92 254
92 1374
93 181
93 779
93 1192
93 1411
94 142
94 1285
94 1659
95 155
95 335
95 491
95 1081
96 1119
98 183
98 783
98 1092
98 1328
98 1502
98 1530
98 1533
99 1275
99 1453
100 225
100 686
100 844
100 986
100 1876
101 920
101 1026
101 1484
101 1970
102 331
102 1468
102 1915
103 354
103 1369
104 1705
104 1815
105 238
105 428
105 857
105 969
106 1115
107 704
107 806
107 1411
107 1515
108 654
108 828
109 737
110 829
110 1587
111 1225
111 1928
112 418
112 845
112 1230
113 1419
113 1938
114 993
114 1339
114 1555
114 1635
114 1647
115 1098
115 1553
116 233
116 626
116 878
116 1172
116 1223
117 918
118 236
118 347
118 662
118 818
118 1409
119 813
119 1162
120 697
120 928
120 1487
122 1588
122 1652
122 1856
122 1930
123 202
123 328
123 747
123 768
124 513
124 599
124 703
124 1209
124 1826
125 1089
125 1135
125 1270
125 1303
125 1621
126 393
126 851
126 1456
126 1534
126 1807
127 1091
128 1569
129 207
129 1391
129 1452
129 1494
129 1556
129 1718
129 1757
131 170
131 289
131 1504
132 529
132 1034
132 1247
133 986
133 1263
134 207
134 1200
134 1295
134 1404
134 1509
135 269
135 446
135 1599
136 138
136 526
136 1135
137 718
137 757
137 1120
137 1780
137 1845
138 443
138 621
138 865
138 1012
138 1877
139 1045
139 1367
140 1425
141 291
141 884
141 938
141 1936
142 930
142 1424
143 1098
143 1181
143 1534
143 1774
144 1138
144 1593
145 234
145 969
146 713
146 951
146 1348
146 1844
147 827
147 841
147 1037
147 1471
149 1327
149 1447
149 1477
150 466
150 538
150 1197
150 1954
151 1901
152 1035
152 1375
153 232
153 1353
154 1008
154 1561
155 1339
155 1395
156 1396
156 1570
156 1933
157 638
158 263
158 1032
158 1284
158 1324
159 998
159 1637
160 257
160 439
160 513
160 578
160 871
160 1989
161 821
161 987
161 1064
162 1306
162 1848
163 1098
164 725
164 871
166 881
166 1064
166 1674
167 200
167 481
167 545
168 527
168 1676
168 1868
169 314
169 1004
169 1105
169 1510
169 1584
170 1157
171 937
171 1351
171 1542
172 659
172 932
173 447
173 899
174 1029
174 1639
175 685
175 880
175 1022
175 1859
175 1884
176 767
176 1477
177 187
177 377
177 407
177 546
178 460
178 1058
179 435
180 818
180 1657
181 1025
182 1167
184 1267
184 1773
185 925
185 1432
185 1560
185 1738
186 374
186 1460
187 947
187 1054
187 1398
187 1618
187 1829
188 1902
189 376
189 1589
189 1777
190 504
190 550
190 1156
190 1246
190 1861
192 217
192 499
192 772
193 402
193 1673
193 1694
193 1991
193 1997
194 859
194 1780
194 1940
196 446
196 1056
196 1306
197 1091
197 1482
198 218
199 722
199 943
199 1129
199 1372
200 1903
201 810
202 214
202 981
202 1725
203 1130
203 1193
203 1676
203 1701
204 1201
204 1432
205 1317
205 1342
207 333
207 1949
208 368
208 1203
208 1553
209 1803
210 1153
212 229
212 552
212 928
212 1168
212 1414
212 1964
213 487
213 1298
213 1455
214 1305
215 1296
215 1452
215 1751
216 441
216 971
216 1050
216 1403
217 366
217 744
217 820
217 953
217 1694
218 1174
218 1380
218 1608
218 1803
219 362
219 598
219 713
219 1528
220 225
220 1922
221 519
221 937
223 424
223 612
223 825
224 766
224 831
224 880
225 469
225 1381
225 1717
226 1507
227 665
227 1130
227 1849
227 1952
228 539
228 808
228 1083
229 669
229 1393
229 1454
229 1890
230 510
230 1322
230 1758
231 509
231 854
231 1293
231 1343
231 1445
231 1712
232 1202
233 1131
233 1438
233 1489
233 1507
233 1993
234 1675
235 1399
235 1782
236 859
236 952
236 1839
237 1551
237 1647
238 973
238 1444
239 537
240 464
240 1928
241 907
241 955
241 968
241 1414
241 1737
242 416
242 1246
243 1154
243 1486
243 1516
244 1457
244 1528
245 756
246 442
246 792
246 1304
247 662
247 1192
248 648
248 913
248 1236
248 1906
249 434
249 726
249 813
249 935
249 1037
251 393
251 1507
251 1777
251 1894
252 601
252 1252
253 1201
253 1614
254 490
254 1142
254 1351
254 1946
255 1761
256 490
256 1147
256 1528
257 1280
258 346
258 609
258 1440
258 1559
258 1665
259 1056
259 1696
259 1769
260 727
260 962
260 1194
261 740
262 1041
262 1537
263 366
263 368
263 1157
263 1327
263 1570
263 1722
263 1757
264 449
264 636
264 691
264 801
264 884
264 1329
266 554
266 823
268 722
269 363
269 1022
269 1675
269 1960
270 370
270 579
270 1356
272 1613
273 290
273 764
273 1185
273 1421
274 276
274 596
274 1172
274 1257
274 1533
274 1938
275 603
275 767
275 1465
275 1795
276 590
277 552
278 733
278 1060
278 1189
278 1365
279 626
279 987
279 1153
279 1379
279 1399
280 645
280 1619
282 454
282 585
282 660
282 1135
283 887
283 1002
283 1723
285 571
285 1395
286 1808
286 1917
287 1583
288 722
288 741
288 1132
288 1184
288 1537
288 1806
290 1334
291 629
291 776
291 1494
292 767
292 1336
292 1446
293 1678
294 776
294 782
294 830
294 968
294 1276
295 376
295 401
296 567
296 987
296 1791
298 570
298 1084
298 1261
299 1095
299 1263
300 712
300 807
300 1064
301 497
302 706
303 821
303 1020
303 1067
303 1215
304 1059
304 1164
305 1557
306 453
307 447
307 574
307 1300
308 990
308 1796
309 564
309 813
309 850
309 1067
309 1756
309 1945
310 1315
310 1740
310 1940
310 1965
311 1185
311 1664
313 1006
314 890
315 464
315 990
315 1315
316 426
316 542
316 586
317 360
317 1273
317 1599
317 1968
318 529
318 1798
319 916
319 1130
319 1919
319 1941
320 321
320 1293
321 518
321 1035
321 1812
322 439
322 1092
322 1957
322 1980
324 661
324 739
324 1652
324 1694
325 1200
326 435
326 853
326 1750
326 1893
327 778
327 1132
327 1335
327 1617
328 486
328 1540
330 472
330 497
330 652
330 1009
330 1035
331 1947
332 446
332 609
332 932
332 1148
332 1218
332 1721
334 960
334 1027
334 1481
334 1521
334 1923
335 651
335 854
335 1502
337 367
337 1230
337 1456
337 1458
337 1685
337 1810
339 668
339 1820
340 373
340 508
340 599
340 626
340 1319
340 1847
341 345
341 847
341 904
342 812
342 1212
342 1682
342 1792
342 1911
343 1755
344 412
344 1048
344 1174
345 682
345 1447
346 489
346 1017
346 1151
346 1638
347 1066
347 1931
348 616
349 649
349 1042
350 557
350 1186
350 1355
350 1381
352 1219
353 444
353 835
353 1347
353 1712
353 1801
354 1822
355 836
355 1244
355 1368
355 1566
356 827
356 857
356 1298
357 516
357 697
357 1613
358 579
358 1554
359 688
359 1912
360 747
360 790
361 851
361 1497
362 849
362 1593
363 549
363 1733
363 1866
363 1973
364 456
364 1179
364 1724
365 1487
365 1779
366 820
366 1094
366 1735
367 867
367 1221
369 712
369 863
370 1103
370 1459
371 1199
372 452
373 1478
373 1734
375 482
375 1272
375 1515
376 483
378 511
378 1509
379 621
379 707
379 812
379 854
379 1063
379 1684
380 1331
381 455
381 501
381 927
381 1649
384 926
384 1236
384 1637
385 978
385 1247
385 1496
385 1861
386 879
386 1926
387 464
387 1409
388 927
389 1254
389 1283
390 788
390 841
390 1123
390 1467
390 1991
391 481
391 485
391 1529
391 1963
392 419
392 445
393 870
393 1601
393 1643
394 423
394 1561
395 1743
396 1095
397 1522
397 1877
397 1882
398 832
398 1032
399 598
399 1321
400 1301
401 872
401 1844
401 1985
402 1175
403 637
403 843
403 1839
404 577
404 796
404 844
404 1029
404 1389
405 758
405 1556
405 1763
406 493
406 851
407 626
407 881
407 894
407 988
407 1087
407 1418
408 817
408 1383
409 1405
409 1523
409 1790
410 1261
410 1375
410 1500
411 469
411 591
411 1351
411 1468
411 1472
411 1713
411 1860
412 1060
412 1495
413 789
413 1775
414 587
414 1068
414 1621
414 1861
415 1130
416 517
416 1649
416 1877
417 1590
418 672
418 1377
418 1695
419 605
419 1673
420 808
420 1659
421 615
421 1018
421 1425
421 1438
422 1277
423 770
423 906
424 787
424 851
424 1060
425 990
425 1150
426 432
427 539
427 772
427 1590
428 563
428 1304
430 549
430 600
431 712
431 1128
431 1740
431 1742
432 1632
432 1694
435 438
435 1106
436 1074
436 1122
437 901
438 1152
438 1201
438 1880
439 1261
439 1670
440 689
440 1722
441 489
442 1270
442 1581
443 803
443 1824
444 827
444 1735
445 1092
445 1545
445 1582
446 834
446 1450
446 1669
448 881
448 1637
449 592
449 766
449 1483
449 1642
449 1781
449 1869
450 854
450 1173
450 1574
451 515
451 1085
451 1172
451 1352
451 1388
451 1800
452 610
452 774
452 1094
452 1529
453 603
453 1034
454 1560
455 530
455 1431
456 1419
457 1216
457 1966
458 740
458 1284
458 1749
460 1275
461 489
461 689
461 728
461 1727
462 684
462 1652
463 1457
463 1465
463 1593
463 1765
464 1130
464 1405
464 1742
465 1579
467 921
467 1064
467 1263
468 1039
468 1321
468 1707
468 1929
469 607
469 932
469 1618
470 1537
471 852
471 987
471 1250
472 509
472 1305
472 1970
473 1501
474 789
474 1035
474 1245
474 1263
475 1014
475 1795
477 1193
477 1761
478 984
478 1755
479 1871
480 791
481 635
482 929
482 1065
482 1308
482 1633
483 731
483 1023
483 1273
483 1977
484 1808
486 648
486 1301
486 1739
486 1979
487 1265
487 1721
488 1365
488 1428
488 1552
489 1000
489 1555
489 1670
490 1349
492 577
492 1939
493 862
493 1608
493 1740
494 959
495 591
495 1797
495 1868
497 968
497 1294
497 1616
498 727
498 1302
498 1541
499 515
499 749
499 1037
499 1753
500 643
500 1410
501 1362
501 1993
502 586
502 1510
502 1623
503 1284
503 1496
503 1943
504 526
505 654
505 732
505 984
506 1383
506 1576
507 1225
507 1943
508 1036
508 1294
508 1295
510 886
510 1396
510 1995
511 1603
511 1971
512 526
514 788
514 863
514 1220
515 1611
516 854
517 907
517 1775
517 1889
518 780
518 1520
518 1724
518 1864
519 814
519 1749
519 1875
521 1028
521 1080
521 1377
521 1598
521 1730
521 1833
521 1953
522 561
522 1204
524 1311
525 772
525 921
525 1385
525 1726
526 738
526 1831
527 720
527 1654
527 1978
528 791
528 849
529 1157
529 1220
529 1372
531 1538
531 1816
531 1841
532 661
532 1019
532 1478
533 662
533 716
534 1835
535 1065
536 720
536 1521
536 1756
537 1135
537 1258
537 1475
538 1271
538 1614
539 1042
539 1524
539 1862
540 1908
541 1304
542 1114
543 612
543 1096
543 1595
545 663
545 951
545 1115
545 1585
546 1434
546 1894
548 1745
549 582
549 1490
549 1718
549 1942
550 1233
551 1447
551 1548
552 781
552 920
554 908
554 1143
554 1240
554 1655
554 1952
555 1536
555 1981
557 680
557 1196
557 1356
557 1532
557 1579
558 1376
559 788
559 1329
560 999
560 1880
561 849
561 857
561 1731
561 1945
562 1544
563 579
563 614
563 1153
564 611
564 1250
564 1817
564 1958
566 1199
566 1574
567 1246
567 1460
568 687
568 1424
569 736
572 734
572 1415
572 1444
573 1092
573 1273
574 695
574 1365
575 1667
577 985
578 1080
580 1150
581 1025
581 1091
582 1035
584 593
584 704
584 1020
585 750
587 1347
587 1683
588 1378
589 726
589 1403
589 1594
590 964
590 1526
590 1541
590 1950
591 1133
591 1725
592 1883
592 1912
593 816
593 1101
593 1200
594 839
594 949
595 1837
596 730
596 771
596 808
596 1512
596 1745
597 1056
597 1324
597 1973
598 1308
601 1177
601 1246
601 1567
602 1166
602 1492
602 1617
604 680
604 1213
604 1517
605 767
605 1223
605 1626
606 1284
607 868
607 886
607 1313
607 1975
608 724
608 1481
608 1633
609 1053
609 1276
609 1503
610 1468
611 824
611 1374
611 1965
613 1568
614 623
614 630
616 1018
616 1118
616 1878
617 999
617 1761
617 1993
618 845
618 859
618 1841
618 1866
619 799
619 1416
621 831
623 714
623 1851
624 881
624 1914
625 1800
626 944
627 793
627 994
628 822
628 1283
629 804
629 895
629 1240
629 1298
629 1840
629 1970
630 691
630 1038
630 1655
631 1351
631 1493
632 676
632 1152
633 958
634 877
634 1497
636 1033
636 1163
637 1415
637 1862
638 1224
638 1808
639 1034
639 1686
639 1846
640 1482
641 866
641 1219
641 1693
641 1939
643 1107
644 1317
645 656
645 1196
645 1506
645 1724
646 1279
646 1580
646 1741
647 992
648 676
648 1991
650 1357
650 1414
650 1555
650 1612
650 1747
651 823
651 1419
651 1787
652 768
652 935
652 1289
653 1904
653 1997
654 1708
654 1731
655 1814
656 1649
656 1883
657 1297
657 1505
658 759
659 1366
660 1542
660 1553
661 965
661 1724
661 1808
662 1892
663 1375
663 1467
664 1100
665 1059
665 1481
665 1716
665 1946
665 1965
666 1123
667 1030
668 1377
668 1422
668 1492
668 1652
668 1787
670 1485
671 1155
671 1248
671 1545
673 1327
673 1785
674 708
674 1054
674 1801
674 1979
675 883
676 1557
677 799
677 1992
678 1257
679 1172
680 1316
681 1247
682 702
683 867
683 970
683 1481
683 1637
685 1523
686 690
686 768
686 818
686 1061
687 687
687 1926
688 1050
688 1348
689 1250
689 1644
689 1686
689 1854
689 1864
690 1640
691 914
692 1087
692 1231
692 1386
692 1629
693 797
694 954
694 964
694 1364
695 695
695 799
695 1296
695 1307
695 1518
696 902
698 765
698 964
698 999
698 1182
698 1859
699 1403
699 1637
699 1728
700 875
701 916
701 1858
703 1122
704 1078
704 1137
704 1397
706 1789
707 1601
708 1326
708 1568
708 1695
708 1915
709 1316
709 1340
710 1949
711 1335
711 1433
711 1441
712 1607
713 1301
713 1676
714 781
714 1609
714 1717
715 1296
716 1299
716 1812
717 870
717 1792
718 756
719 1130
719 1854
719 1964
721 1126
721 1726
722 894
722 905
722 1022
722 1835
722 1896
723 847
724 1092
724 1440
724 1592
724 1745
724 1936
725 1882
726 1598
726 1750
727 1322
727 1892
728 1164
728 1723
729 1695
730 976
730 1544
732 777
732 781
732 991
732 1056
732 1581
733 1259
734 836
734 1428
735 1521
737 1540
739 1689
740 1162
740 1385
741 829
743 935
743 1114
743 1368
743 1551
745 1645
746 1039
746 1772
746 1839
747 848
747 965
747 1139
747 1402
748 1844
749 1560
749 1705
750 1198
750 1640
751 830
751 1033
754 1360
754 1592
754 1673
756 1183
756 1413
758 1927
759 1126
759 1186
760 1002
760 1731
762 1032
764 924
764 1309
765 1657
765 1836
766 788
767 1440
768 1884
769 1362
769 1592
771 1774
772 829
772 1368
772 1593
772 1765
773 1158
773 1777
774 1932
775 1091
775 1205
775 1268
775 1551
776 1021
776 1480
777 1302
777 1399
778 911
778 1104
779 1110
779 1406
780 1200
780 1594
781 1731
782 1096
782 1138
782 1438
782 1827
783 1553
787 938
787 1393
787 1515
787 1739
788 1479
788 1894
789 929
789 1064
789 1743
790 1734
791 933
791 1013
791 1057
791 1226
791 1905
792 1020
794 1555
794 1613
794 1626
794 1973
795 1127
797 1134
799 1958
801 1974
801 1995
802 828
802 1461
802 1538
803 923
804 1293
805 1017
805 1898
808 1023
808 1074
808 1079
808 1363
808 1442
808 1586
808 1837
808 1921
810 1281
812 898
812 916
812 931
812 1208
813 1717
814 996
814 1815
815 1028
815 1339
817 935
817 1052
819 1368
819 1496
820 860
821 1309
821 1499
822 1839
823 1010
823 1870
824 1487
825 1062
825 1328
825 1989
826 1362
826 1715
827 1142
827 1504
828 1789
828 1987
829 1065
829 1392
829 1584
829 1653
829 1749
830 1104
830 1204
831 1628
831 1710
832 1691
832 1954
833 1102
833 1498
833 1628
834 980
834 1034
834 1642
834 1950
836 914
836 1945
837 1303
837 1459
837 1842
837 1846
837 1897
838 907
838 1017
839 1031
839 1566
840 1861
842 887
842 1495
843 1106
844 1629
845 1498
846 1438
846 1490
847 1829
848 1238
849 1630
849 1784
850 1793
851 1140
852 1253
852 1872
852 1976
854 1235
855 1714
859 887
859 1142
859 1381
860 1921
861 1311
863 1251
865 1024
865 1071
865 1121
865 1149
865 1637
867 1181
867 1545
867 1565
867 1860
870 1601
871 1327
872 1953
873 1278
873 1774
875 1226
876 1791
877 1769
878 975
878 1425
878 1497
878 1527
878 1568
879 1273
879 1593
881 1272
881 1524
881 1659
882 1104
882 1658
884 1282
884 1426
885 967
885 1125
885 1751
886 1427
886 1562
886 1627
887 1149
887 1315
888 1040
888 1524
889 1754
890 1055
890 1169
890 1331
890 1807
892 935
893 1918
894 1461
894 1543
896 1067
896 1648
896 1969
898 1619
899 931
899 1005
899 1161
899 1649
899 1847
901 1955
903 1011
903 1114
903 1413
905 1085
905 1316
905 1439
907 1154
907 1681
908 1386
908 1882
909 1279
909 1387
910 1177
913 1448
914 1918
916 1477
917 1177
918 1129
918 1651
919 1187
919 1566
919 1842
920 1598
921 1976
922 1098
922 1205
922 1403
923 1043
923 1182
923 1291
923 1415
923 1461
923 1999
924 965
924 1472
924 1536
924 1666
925 1275
927 1050
927 1703
928 1353
928 1442
931 1952
933 1330
934 1854
935 1507
936 1449
938 976
938 1251
938 1283
938 1347
938 1547
939 940
941 1018
942 1026
943 1009
945 1333
947 1020
947 1100
949 1288
949 1792
950 1112
950 1331
951 1532
952 1083
953 1626
953 1828
953 1959
955 1459
955 1524
956 974
956 1295
956 1892
957 1219
957 1657
958 1165
958 1482
958 1509
958 1908
960 1351
961 1241
961 1641
961 1728
961 1737
962 1299
962 1506
962 1616
965 1117
965 1392
966 1103
966 1209
966 1681
967 1362
967 1932
968 991
968 1059
968 1079
968 1383
968 1687
968 1950
968 1990
970 1730
972 1257
972 1439
972 1754
974 1418
975 1145
975 1773
976 1343
977 1989
978 1687
980 1641
982 1799
983 1667
985 1566
986 1365
988 1428
989 1633
989 1693
989 1714
990 1366
991 1674
992 1761
993 1643
994 1713
994 1832
995 1940
996 1453
996 1710
996 1782
996 1859
997 1230
999 1497
999 1612
1001 1195
1001 1775
1002 1008
1003 1295
1003 1701
1004 1837
1005 1600
1005 1635
1005 1644
1006 1566
1007 1160
1007 1553
1008 1440
1008 1964
1011 1243
1011 1344
1011 1445
1011 1642
1012 1939
1013 1478
1013 1905
1014 1057
1016 1138
1016 1320
1017 1232
1017 1534
1017 1556
1018 1754
1018 1893
1019 1916
1020 1092
1020 1361
1020 1864
1020 1880
1021 1999
1022 1057
1022 1326
1023 1481
1023 1705
1023 1831
1024 1200
1024 1353
1024 1787
1024 1851
1024 1924
1026 1571
1030 1213
1030 1256
1030 1386
1030 1408
1031 1197
1031 1370
1033 1079
1034 1516
1035 1373
1035 1660
1038 1372
1039 1915
1040 1790
1041 1359
1041 1406
1042 1797
1044 1619
1044 1745
1044 1802
1046 1283
1047 1050
1047 1367
1047 1560
1047 1980
1048 1409
1049 1213
1049 1242
1049 1744
1051 1784
1052 1803
1056 1813
1059 1561
1060 1395
1061 1731
1062 1454
1062 1794
1064 1071
1064 1153
1065 1495
1066 1593
1068 1443
1068 1908
1070 1161
1070 1988
1072 1685
1073 1219
1073 1256
1074 1346
1074 1939
1075 1717
1077 1086
1077 1560
1078 1276
1078 1675
1078 1951
1081 1328
1081 1337
1081 1911
1082 1149
1083 1186
1083 1559
1084 1979
1085 1326
1087 1155
1089 1499
1089 1991
1090 1958
1091 1472
1091 1640
1091 1707
1091 1931
1091 1958
1092 1283
1092 1836
1096 1182
1096 1312
1097 1421
1098 1414
1099 1223
1099 1839
1100 1574
1101 1128
1103 1620
1105 1936
1107 1581
1107 1851
1108 1824
1108 1835
1109 1175
1110 1197
1110 1233
1110 1371
1110 1395
1111 1119
1112 1335
1113 1499
1114 1895
1115 1521
1115 1626
1116 1935
1117 1625
1118 1476
1119 1244
1119 1541
1121 1755
1123 1268
1123 1393
1124 1157
1125 1555
1126 1530
1127 1284
1127 1699
1128 1622
1128 1837
1129 1430
1130 1286
1133 1482
1134 1717
1136 1660
1136 1856
1137 1609
1138 1434
1139 1327
1140 1917
1141 1843
1142 1203
1142 1346
1142 1549
1143 1530
1144 1471
1145 1528
1146 1748
1146 1953
1147 1210
1147 1686
1148 1244
1149 1203
1149 1887
1149 1906
1149 1958
1155 1592
1160 1376
1160 1483
1161 1870
1162 1279
1165 1605
1166 1469
1167 1249
1167 1927
1170 1192
1170 1899
1171 1608
1173 1222
1174 1657
1175 1558
1175 1568
1177 1806
1178 1313
1178 1600
1179 1815
1180 1791
1181 1715
1181 1784
1181 1891
1182 1387
1183 1890
1184 1739
1184 1855
1185 1767
1186 1565
1187 1245
1187 1365
1188 1428
1188 1800
1189 1229
1189 1506
1191 1359
1192 1246
1193 1304
1193 1559
1197 1252
1197 1302
1198 1902
1201 1391
1201 1993
1202 1835
1208 1347
1211 1271
1211 1470
1212 1258
1212 1809
1214 1545
1214 1717
1215 1886
1216 1295
1217 1446
1218 1240
1218 1510
1218 1718
1218 1856
1218 1889
1219 1856
1220 1550
1220 1746
1220 1884
1221 1646
1221 1661
1221 1986
1222 1276
1223 1359
1223 1866
1223 1884
1225 1599
1225 1891
1226 1357
1226 1944
1227 1666
1228 1399
1228 1437
1228 1472
1228 1606
1228 1779
1229 1595
1229 1886
1230 1246
1231 1249
1232 1644
1234 1832
1235 1262
1236 1316
1236 1639
1239 1866
1241 1725
1241 1919
1242 1521
1246 1398
1247 1901
1248 1311
1249 1591
1250 1356
1250 1833
1251 1494
1252 1377
1253 1596
1254 1425
1254 1917
1258 1538
1258 1581
1258 1910
1259 1947
1259 1955
1264 1322
1265 1745
1267 1711
1268 1451
1270 1547
1272 1321
1272 1511
1273 1642
1274 1338
1274 1848
1275 1319
1275 1874
1276 1327
1276 1359
1277 1469
1278 1301
1278 1735
1280 1504
1281 1710
1283 1527
1283 1787
1284 1556
1285 1511
1285 1830
1286 1368
1288 1523
1291 1867
1292 1855
1293 1363
1293 1929
1294 1395
1295 1888
1297 1843
1298 1378
1298 1472
1298 1847
1298 1993
1299 1831
1300 1537
1300 1657
1300 1916
1300 1990
1301 1372
1301 1589
1301 1624
1302 1816
1303 1931
1306 1714
1306 1744
1307 1637
1309 1565
1310 1316
1311 1424
1311 1669
1311 1706
1311 1862
1312 1524
1312 1627
1315 1327
1316 1771
1316 1981
1317 1530
1317 1655
1318 1743
1319 1514
1321 1770
1323 1669
1323 1943
1324 1344
1324 1611
1325 1400
1326 1377
1328 1402
1329 1617
1330 1750
1330 1834
1331 1623
1331 1708
1333 1934
1334 1700
1334 1864
1335 1533
1335 1869
1336 1708
1336 1848
1338 1836
1339 1957
1340 1343
1342 1777
1345 1685
1345 1758
1347 1990
1349 1746
1350 1755
1351 1557
1353 1801
1354 1541
1360 1368
1360 1615
1361 1637
1362 1870
1363 1790
1364 1715
1365 1816
1366 1378
1366 1702
1366 1818
1366 1952
1367 1745
1368 1581
1370 1504
1370 1564
1371 1736
1373 1825
1373 1980
1374 1792
1376 1543
1378 1573
1378 1608
1378 1990
1380 1528
1383 1406
1385 1430
1385 1707
1385 1882
1387 1890
1388 1402
1388 1705
1389 1968
1390 1967
1391 1609
1393 1635
1393 1858
1393 1997
1394 1645
1394 1800
1396 1573
1396 1899
1397 1452
1397 1562
1398 1626
1398 1783
1400 1930
1402 1515
1402 1528
1402 1748
1409 1950
1411 1610
1411 1968
1412 1820
1413 1822
1414 1998
1415 1640
1415 1845
1416 1895
1417 1575
1417 1991
1418 1576
1419 1574
1421 1426
1421 1614
1422 1424
1423 1926
1424 1766
1424 1965
1428 1766
1430 1501
1430 1572
1431 1530
1431 1596
1432 1636
1438 1975
1439 1880
1441 1814
1441 1835
1442 1463
1443 1703
1444 1632
1444 1903
1445 1570
1445 1882
1446 1562
1446 1949
1447 1806
1449 1802
1451 1911
1453 1704
1453 1732
1453 1903
1455 1590
1455 1628
1455 1638
1456 1654
1457 1632
1457 1953
1458 1962
1459 1464
1463 1754
1466 1559
1467 1580
1467 1823
1467 1898
1468 1993
1470 1677
1470 1837
1472 1788
1473 1495
1473 1789
1473 1862
1477 1864
1480 1536
1482 1776
1483 1638
1483 1666
1485 1636
1486 1749
1488 1549
1488 1888
1490 1847
1491 1764
1493 1853
1498 1786
1501 1857
1502 1690
1505 1630
1508 1642
1508 1690
1510 1894
1511 1513
1514 1889
1515 1802
1518 1555
1518 1652
1520 1520
1520 1742
1521 1832
1523 1876
1523 1908
1528 1556
1529 1709
1530 1700
1530 1739
1531 1970
1533 1905
1533 1982
1534 1722
1536 1818
1536 1929
1537 1554
1537 1809
1538 1803
1538 1983
1540 1570
1541 1792
1541 1938
1544 1668
1544 1679
1549 1607
1550 1839
1552 1848
1555 1784
1555 1845
1555 1944
1556 1625
1557 1703
1558 1976
1560 1658
1562 1597
1565 1787
1566 1631
1571 1809
1571 1887
1573 1900
1574 1949
1575 1853
1581 1900
1582 1626
1583 1856
1585 1643
1585 1738
1589 1679
1589 1760
1590 1730
1594 1670
1596 1647
1596 1780
1601 1660
1602 1924
1605 1754
1614 1801
1614 1860
1615 1737
1616 1775
1616 1851
1618 1714
1619 1845
1620 1699
1626 1731
1629 1921
1629 1942
1630 1897
1632 1792
1633 1646
1634 1910
1635 1836
1637 1751
1637 1870
1638 1654
1638 1793
1639 1759
1640 1711
1641 1713
1642 1776
1646 1885
1650 1846
1652 1884
1655 1911
1655 1925
1656 1727
1659 1853
1660 1703
1660 1922
1663 1973
1665 1918
1667 1668
1671 1805
1671 1898
1677 1894
1679 1681
1680 1835
1680 1844
1684 1807
1692 1840
1695 1845
1697 1882
1698 1941
1699 1889
1701 1966
1705 1869
1706 1884
1708 1751
1708 1819
1711 1901
1714 1880
1715 1781
1717 1933
1717 1988
1723 1798
1723 1980
1724 1954
1727 1963
1734 1907
1735 1981
1739 1938
1747 1884
1748 1978
1754 1912
1761 1961
1762 1903
1763 1894
1764 1764
1764 1802
1765 1977
1766 1785
1767 1896
1767 1921
1768 1809
1768 1981
1769 1916
1774 1863
1775 1976
1780 1937
1791 1884
1803 1805
1806 1970
1806 1998
1811 1882
1817 1966
1832 1925
1832 1976
1846 1888
1846 1925
1848 1903
1849 1981
1851 1851
1852 1969
1853 1946
1857 1932
1860 1871
1868 1919
1871 1992
1883 1904
1885 1903
1896 1986
1903 1951
1915 1982
1926 1975
1929 1932
1945 1983
1953 1978
