2000
1 124
3 1092
5 781
7 322
11 342
12 1374
17 1891
18 430
24 576
27 1550
31 1159
34 1648
36 988
39 1464
42 841
44 400
44 1212
45 979
48 689
48 775
49 640
50 118
52 1365
54 1320
55 1059
59 917
59 1765
66 264
71 504
71 1044
75 960
77 253
87 1018
90 357
92 688
93 912
94 1134
96 970
96 1014
97 1219
99 346
101 1099
102 112
102 1803
105 1860
107 1943
109 1972
110 218
112 466
113 744
115 634
115 658
118 1835
119 1801
122 551
122 933
130 457
136 747
139 630
141 560
142 825
143 988
143 1257
154 1559
156 897
157 1427
176 1135
176 1145
177 1122
177 1267
178 814
184 1573
186 614
189 623
189 1805
196 628
197 203
197 310
197 741
199 1531
201 1637
205 223
208 1205
210 643
218 1750
222 1906
225 703
233 918
236 785
241 1679
243 565
244 1982
248 1076
250 1695
251 1106
251 1206
258 557
259 1744
263 493
264 978
268 359
268 1326
275 1552
282 1352
287 1080
295 1059
300 640
302 1810
307 711
311 1675
314 1139
319 1704
319 1951
320 1651
322 835
323 1027
327 1235
328 657
329 1065
329 1709
330 1216
332 1236
335 744
335 1512
337 1029
341 582
348 519
355 357
368 1154
370 1002
373 735
376 1898
383 1586
390 1782
391 460
391 1049
392 1378
399 668
402 874
403 1387
404 1576
407 1263
408 928
416 548
416 1176
419 955
421 893
421 1483
432 1994
434 1629
434 1900
438 530
439 587
441 651
442 1912
443 1465
447 1812
450 1050
451 580
456 1014
457 1621
460 770
460 910
476 609
485 1728
494 1163
498 1010
498 1525
513 1024
519 1433
519 1813
521 1539
523 525
532 1300
536 1956
537 847
541 1525
542 1032
543 908
552 969
552 1265
554 1886
555 584
562 1983
566 1444
567 1230
567 1318
570 1481
575 1027
580 613
580 1007
583 677
593 1611
594 866
595 1401
596 912
603 1399
609 1136
610 1809
611 1211
615 1217
616 1850
620 1842
623 1159
623 1623
628 1203
628 1629
631 1814
631 1981
633 1430
634 1518
638 788
640 674
640 1285
645 1561
647 1447
649 1730
655 911
664 961
665 1281
668 1012
669 1038
669 1592
672 1955
676 711
676 1514
685 1841
689 1371
694 960
700 1650
704 1779
707 1345
709 1614
709 1626
719 1556
727 755
728 1568
734 946
736 936
738 1293
743 1275
745 1928
747 1960
755 1131
760 870
763 1123
764 1407
768 1720
772 806
780 879
781 1356
781 1651
782 1582
792 860
794 1505
794 1922
809 1941
813 1284
815 982
817 956
831 1514
836 1614
841 1865
850 1695
859 915
861 1413
863 1134
874 1526
889 893
890 1013
895 1205
902 1989
903 1704
905 1408
918 1012
928 1020
931 1575
935 1501
940 1716
952 1855
953 974
960 1977
962 1298
965 1133
970 996
972 1724
978 1351
978 1764
981 1551
982 1557
982 1909
989 999
996 1514
999 1780
999 1858
1008 1356
1012 1814
1022 1359
1023 1205
1026 1088
1028 1947
1030 1553
1036 1333
1040 1669
1044 1954
1046 1807
1060 1716
1060 1809
1061 1233
1065 1271
1067 1544
1070 1605
1071 1088
1082 1979
1092 1584
1094 1119
1096 1483
1112 1197
1121 1775
1129 1338
1132 1181
1134 1366
1140 1410
1141 1560
1145 1254
1148 1841
1155 1501
1164 1241
1168 1250
1178 1519
1182 1865
1195 1807
1207 1753
1212 1708
1221 1568
1224 1921
1227 1298
1231 1628
1234 1435
1234 1836
1241 1789
1249 1605
1251 1852
1265 1297
1269 1874
1272 1827
1284 1522
1285 1993
1287 1942
1303 1925
1304 1422
1304 1441
1311 1991
1313 1561
1314 1880
1318 1361
1325 1734
1326 1746
1332 1844
1333 1679
1352 1964
1358 1838
1359 1530
1370 1790
1392 1642
1394 1798
1403 1405
1425 1756
1429 1498
1448 1888
1483 1645
1483 1917
1484 1792
1485 1705
1496 1949
1500 1802
1507 1587
1513 1779
1520 1904
1525 1726
1528 1678
1538 1709
1539 1686
1566 1667
1571 1917
1579 1937
1582 1744
1583 1750
1595 1952
1620 1768
1627 1645
1634 1785
1641 1968
1659 1978
1693 1921
1730 1731
1764 1916
1770 1794
1775 1790
1844 1934
1845 1940
1849 1967
1870 1897
1884 1952
1887 1914
1938 1956
1939 1971
