2000
0 749
1 100
1 225
2 366
2 1701
3 1115
5 58
5 109
5 1738
5 1899
7 42
7 715
8 1644
9 1230
9 1343
10 63
10 635
10 790
11 45
11 318
11 1703
12 1283
12 1312
12 1578
12 1649
12 1995
13 24
13 129
13 1071
14 1150
14 1481
15 33
15 854
16 790
16 1233
17 513
17 1117
17 1178
17 1842
17 1954
18 442
18 727
18 1162
18 1988
19 380
20 895
20 1165
23 620
23 1197
23 1471
24 297
24 794
25 196
25 840
25 1216
26 537
26 818
27 690
27 1333
27 1440
28 1613
29 997
29 1578
29 1630
30 1126
31 1145
31 1367
32 41
33 968
34 759
35 36
35 344
35 1058
35 1428
36 1245
37 1321
38 1255
39 1194
40 1113
40 1271
40 1717
41 248
41 538
41 1781
42 417
42 758
42 1867
43 401
43 1497
44 68
44 1391
44 1889
45 1894
46 88
46 419
47 755
47 1998
48 390
49 877
50 1310
51 307
51 1630
52 1905
54 439
54 548
54 653
54 1455
55 1479
55 1828
57 1818
58 1016
58 1041
58 1304
58 1468
58 1958
59 1176
60 476
60 840
60 902
61 1423
62 445
62 593
62 1185
62 1292
63 431
63 712
63 1823
66 502
66 1139
66 1388
67 384
67 545
67 1281
67 1829
68 1577
69 1100
69 1474
70 670
70 833
70 1511
72 388
72 1133
72 1192
72 1362
73 917
73 1915
73 1935
74 1358
74 1739
76 362
76 1472
78 264
78 1423
79 387
79 1729
80 640
80 1591
81 1563
81 1700
82 1519
83 176
83 488
86 1208
86 1259
87 1465
87 1706
89 270
89 1520
90 770
91 510
94 573
95 105
95 960
95 1659
96 915
97 1350
97 1475
98 317
98 390
98 592
98 736
98 1166
98 1244
98 1382
98 1411
100 1280
101 216
101 810
102 1428
105 590
105 1793
106 213
106 1992
108 1415
109 152
109 1181
109 1867
110 1546
111 1348
111 1820
112 1411
113 241
113 1835
115 1283
115 1561
116 426
116 1067
117 1017
117 1434
118 876
121 598
121 626
121 629
121 761
121 1187
123 815
123 1546
124 1337
124 1351
125 319
127 1476
127 1993
128 1368
128 1630
129 505
129 1683
129 1820
131 190
131 1117
131 1325
131 1516
131 1797
132 778
132 874
133 856
133 888
133 1294
135 1858
136 407
136 1988
137 1411
137 1784
138 354
138 728
139 1608
139 1844
141 1078
141 1726
142 1092
143 1285
143 1365
144 751
145 924
146 709
147 644
149 325
149 844
149 1594
150 748
150 946
150 1268
150 1833
151 749
151 1369
151 1672
154 597
154 1260
155 366
156 938
156 1114
156 1637
157 1901
158 1421
160 555
160 1995
161 1074
161 1353
162 219
163 384
163 393
163 1982
164 391
164 1434
164 1812
166 1401
166 1530
166 1955
167 364
167 766
168 485
168 887
168 1783
168 1997
169 1763
171 1249
174 341
174 593
174 725
174 1472
175 1704
178 199
178 432
178 784
179 1896
180 1126
181 1515
182 372
183 722
183 924
184 700
184 1347
185 1263
186 629
186 1123
187 470
188 558
190 283
190 701
191 347
191 1761
193 770
193 917
194 448
194 573
194 1665
195 1743
197 865
199 381
199 498
200 1161
202 631
202 1675
203 578
203 897
203 1409
203 1418
204 1737
205 1691
208 1040
209 1047
209 1495
210 1802
211 971
212 869
212 1028
213 350
213 1425
213 1666
215 1571
215 1594
217 936
217 1443
217 1731
218 544
218 1055
219 245
219 752
219 781
219 911
219 1327
220 644
220 1397
221 970
221 1387
221 1413
221 1873
222 1153
222 1760
222 1866
224 474
224 1076
224 1572
224 1670
226 495
226 705
226 1777
227 915
227 1777
228 298
228 439
228 1329
229 1785
230 613
231 965
232 1548
232 1698
233 646
233 729
234 725
235 443
235 1565
236 1632
236 1749
238 663
239 474
239 1703
239 1921
240 319
240 961
240 970
241 834
241 1547
242 1253
242 1840
244 345
244 448
244 530
244 599
245 1540
247 1331
248 317
248 1973
249 919
249 1165
249 1540
250 1602
250 1933
251 318
251 1031
252 327
252 652
252 1441
253 1093
254 681
254 926
254 1674
254 1842
255 759
255 1252
255 1299
255 1588
256 460
256 1112
257 1752
258 515
258 728
258 1696
259 541
259 810
259 968
259 1383
260 1405
261 1942
262 1687
263 1391
265 274
266 1825
267 304
267 1148
269 822
270 700
270 1860
271 328
271 573
271 1299
273 1244
273 1260
273 1835
274 522
274 804
275 1403
277 1271
277 1761
279 1677
280 1783
282 656
284 862
284 1940
285 950
286 378
286 1976
287 529
287 759
289 654
289 822
289 1780
291 1261
291 1751
292 424
294 1031
294 1826
295 1227
296 325
296 485
296 714
296 1104
296 1465
296 1877
297 1245
297 1661
298 711
298 1529
299 566
300 1135
300 1636
301 1536
301 1734
302 1216
302 1428
303 644
303 1144
303 1874
304 472
305 591
305 1094
306 1939
307 1689
308 1247
308 1441
309 320
309 541
309 1268
309 1552
310 339
310 479
310 619
310 1317
311 888
312 1298
312 1832
313 1874
314 511
314 1735
315 916
315 979
316 361
316 987
316 1123
316 1468
317 715
319 1141
319 1503
320 527
320 796
321 615
321 855
323 341
323 1281
324 1419
325 602
325 1292
326 554
326 1549
326 1588
326 1945
328 1559
329 1290
330 559
330 1484
331 1630
331 1864
332 855
332 1565
333 1264
334 1674
334 1775
334 1875
334 1995
335 801
335 1299
337 1038
338 768
338 1725
339 1241
339 1414
340 344
340 480
340 1153
343 349
343 365
344 892
346 1246
347 676
347 859
347 1551
347 1919
348 1546
348 1785
348 1990
349 1881
350 1374
350 1978
353 1828
354 1283
354 1476
355 1282
358 697
360 524
360 813
360 845
360 1408
361 1165
362 570
362 1329
363 412
363 846
364 1730
364 1747
365 479
365 581
366 1885
368 1469
368 1926
370 1262
371 1218
372 1260
372 1883
373 518
373 1001
373 1134
374 812
374 1035
376 939
377 408
377 1198
377 1853
378 447
378 949
379 843
380 1779
381 1991
382 760
382 1381
382 1527
384 1010
385 1309
387 517
391 470
392 1317
392 1738
392 1966
393 510
393 1884
395 565
396 1012
396 1149
396 1863
396 1886
398 1157
398 1362
398 1465
398 1637
400 1273
401 460
401 1158
402 792
404 1022
404 1364
406 468
406 689
406 851
406 1805
407 423
407 1167
408 1275
408 1577
408 1972
409 614
409 957
410 1116
410 1679
411 1645
412 1236
412 1423
412 1922
413 1267
413 1845
414 554
415 1753
415 1766
416 929
418 773
420 799
421 1614
422 749
422 1998
424 1479
425 463
425 1266
426 698
426 1530
427 584
427 1714
428 957
428 1325
428 1399
428 1561
428 1852
428 1915
430 844
430 1548
430 1899
431 537
431 563
431 904
432 1785
433 1739
434 841
434 1112
434 1291
436 908
436 957
436 1162
436 1338
437 736
439 642
439 1215
440 1371
440 1984
441 1787
442 1352
443 518
443 1065
444 1400
444 1818
446 754
446 1526
446 1785
446 1907
447 1458
447 1612
448 554
449 1003
450 834
451 1652
452 705
452 1940
453 870
453 1830
453 1976
455 978
455 1486
457 1319
459 1524
460 477
462 586
462 1458
462 1646
464 1431
465 1406
465 1450
466 904
468 618
468 814
469 612
469 1411
471 1287
471 1527
472 965
473 601
473 744
473 796
473 1391
474 1120
475 1469
476 496
476 730
476 1330
477 1422
478 1328
480 839
481 1129
481 1197
482 1625
483 1855
484 925
484 1019
485 766
485 1432
486 1571
488 1806
489 1385
489 1810
492 1379
494 1790
495 839
496 1197
498 729
498 1008
498 1783
499 1902
500 967
502 617
502 670
502 1623
504 581
504 841
504 1834
506 1488
507 520
507 809
507 1233
509 1301
509 1771
510 986
510 1245
513 1534
513 1693
514 1295
515 922
515 1421
515 1611
515 1993
516 688
518 982
518 1899
519 1365
519 1570
520 1186
520 1920
520 1929
521 980
522 1392
523 1457
523 1779
524 601
524 912
524 1031
524 1635
525 1913
526 1038
527 1232
528 898
529 577
530 1299
531 1272
531 1339
532 578
532 1382
532 1652
532 1727
532 1980
533 533
534 1221
534 1462
535 740
535 1161
538 937
538 1681
539 541
539 1093
539 1871
540 1195
540 1848
541 1814
542 672
542 1534
542 1793
547 774
548 1254
549 581
551 935
551 1066
552 577
552 715
553 1035
555 747
555 983
556 1689
558 615
558 939
560 753
560 1480
561 1130
561 1936
565 750
566 746
567 754
567 1228
568 703
568 1206
568 1382
569 1194
570 861
570 1780
573 612
573 1739
574 1739
575 605
575 622
575 1678
576 664
576 1084
576 1881
577 1054
577 1280
578 1250
578 1700
579 857
579 1862
581 972
581 987
581 1054
581 1646
581 1666
582 758
582 1814
583 1390
584 688
584 1613
587 1119
587 1499
588 646
588 1993
589 637
589 1000
591 1554
592 703
593 895
593 1108
593 1117
594 1372
595 686
596 1402
597 1116
599 1490
599 1585
599 1951
601 753
602 1279
602 1896
603 620
603 1677
604 930
605 1383
606 1097
606 1108
606 1316
607 720
608 1122
611 1292
612 1721
613 732
613 1846
614 662
614 911
615 877
617 647
617 866
620 846
620 923
621 796
622 1712
623 819
623 921
623 1468
625 998
625 1102
625 1971
626 1388
628 1632
629 1056
629 1450
629 1847
632 753
632 1813
633 1662
634 915
634 1175
634 1385
634 1742
636 1523
636 1637
637 1368
637 1739
638 1544
638 1682
640 1171
641 1085
641 1814
644 1032
645 1511
646 1367
647 985
647 1264
647 1769
647 1881
647 1898
654 1780
655 1415
657 770
657 1444
658 1659
660 1338
662 1449
664 1774
664 1861
665 1845
666 1612
667 1213
668 1092
669 1219
669 1670
669 1824
670 1817
671 1144
671 1392
673 1133
674 1535
675 1567
676 719
676 1657
677 1063
679 1130
679 1170
679 1998
680 1732
680 1761
683 1526
683 1570
685 1843
686 1024
687 1616
688 1460
688 1655
691 1103
691 1107
693 1384
694 1442
696 1394
699 1919
701 1860
702 1354
702 1622
703 1458
704 1315
705 876
705 1740
706 1529
707 712
709 782
709 1370
709 1702
709 1726
710 1814
711 903
711 1083
711 1559
713 808
713 976
713 1917
713 1939
714 1302
716 1271
717 1588
717 1869
718 1759
719 1244
720 786
720 1358
721 1522
721 1541
723 846
724 1686
725 906
725 1608
726 1294
726 1809
726 1891
727 1395
729 749
729 1156
729 1729
730 1295
730 1857
730 1971
731 1060
732 813
735 1601
737 1640
738 1922
740 1919
740 1939
741 1204
741 1704
742 1633
745 1506
748 1877
749 1308
749 1924
750 798
753 1033
753 1314
754 1638
755 1146
755 1566
756 1368
756 1481
758 1961
759 783
759 1278
761 1299
763 769
763 1622
764 1409
765 906
766 814
766 1305
766 1794
769 1558
771 1316
771 1322
773 891
773 1458
773 1691
775 1678
777 1840
777 1953
778 925
778 973
778 1948
779 1020
781 1241
782 1329
783 1785
784 1929
785 946
786 1012
786 1032
786 1963
788 989
789 1592
790 852
790 1377
790 1805
791 1085
791 1769
791 1824
791 1999
793 866
793 1311
794 1372
794 1517
796 860
796 1570
796 1937
797 1340
797 1581
800 867
800 1104
800 1163
801 1710
801 1900
802 1975
803 1797
804 1005
805 1868
807 1546
809 1772
811 989
811 1296
811 1852
812 1617
813 1053
813 1476
814 1031
814 1704
816 924
816 1323
816 1377
816 1691
817 1128
817 1487
818 1778
819 945
819 1043
820 936
820 1254
820 1601
821 1025
821 1783
821 1952
821 1971
822 1409
823 848
823 1434
826 840
826 1905
827 1944
828 914
829 1746
830 902
833 971
835 1736
836 1224
836 1370
837 926
837 1163
837 1974
839 1282
841 1291
841 1518
843 1889
846 1778
846 1801
846 1990
847 1292
847 1721
848 1782
848 1946
848 1974
848 1977
851 1865
853 1281
854 1361
855 1031
855 1958
856 1038
858 1307
858 1834
859 900
859 1371
862 1151
862 1470
862 1508
864 1329
864 1635
865 1592
865 1664
870 1369
871 1990
873 923
873 1001
873 1083
874 1006
874 1310
874 1985
875 896
875 1305
876 1805
876 1884
878 1616
883 960
883 1685
884 1696
885 979
886 1336
886 1535
886 1887
887 1391
890 1713
891 1226
891 1874
892 1885
894 894
894 1616
894 1791
895 1459
895 1583
895 1865
896 1998
897 1495
897 1727
898 1524
900 1611
901 1551
901 1641
902 1252
902 1374
902 1967
904 1130
905 1857
907 1141
908 1625
909 1048
909 1996
911 1977
913 1852
914 1619
917 1981
918 1687
919 1410
921 1894
922 1126
922 1860
923 1060
925 1270
929 1306
929 1736
929 1751
930 1758
931 1800
932 1900
933 1522
933 1794
933 1967
934 1121
934 1917
936 1605
939 973
939 1102
939 1698
940 1665
941 1491
941 1589
941 1650
942 1915
946 1447
946 1949
948 1145
949 1599
949 1927
950 1773
950 1882
951 1374
951 1951
953 1224
954 1711
955 1083
956 1296
956 1580
956 1799
961 1740
962 1575
963 982
964 1968
965 1130
965 1422
965 1653
967 1537
968 1514
970 1431
970 1619
970 1718
971 1057
971 1537
971 1988
972 1268
972 1379
976 1847
978 1561
978 1603
979 1568
979 1830
980 1455
981 1221
983 1725
989 1893
991 1208
991 1527
991 1969
992 1334
992 1410
993 1370
993 1476
993 1755
994 1182
995 1255
996 1126
996 1779
998 1094
998 1421
998 1626
999 1238
1000 1572
1000 1644
1001 1545
1001 1928
1002 1705
1004 1841
1005 1361
1006 1713
1007 1816
1008 1609
1010 1445
1014 1551
1014 1982
1015 1375
1017 1036
1017 1206
1017 1475
1017 1745
1019 1141
1020 1350
1020 1788
1021 1409
1021 1598
1026 1358
1028 1642
1029 1436
1032 1157
1032 1260
1035 1607
1035 1611
1037 1077
1040 1207
1040 1561
1041 1287
1041 1557
1041 1656
1042 1299
1044 1734
1045 1093
1046 1225
1047 1734
1047 1805
1048 1329
1049 1597
1049 1656
1051 1660
1053 1712
1054 1885
1054 1934
1059 1576
1059 1966
1060 1495
1061 1706
1062 1707
1063 1838
1064 1930
1066 1965
1067 1252
1068 1857
1071 1920
1072 1404
1073 1129
1075 1123
1075 1536
1075 1688
1077 1753
1078 1156
1078 1183
1079 1139
1079 1405
1079 1668
1081 1583
1082 1377
1085 1106
1086 1955
1087 1513
1088 1514
1088 1949
1089 1907
1090 1428
1090 1698
1091 1746
1092 1146
1093 1566
1094 1968
1098 1485
1102 1457
1105 1625
1107 1437
1107 1585
1108 1561
1108 1970
1109 1810
1114 1617
1115 1342
1118 1244
1120 1301
1120 1980
1127 1408
1130 1427
1130 1699
1131 1698
1135 1266
1137 1951
1138 1889
1141 1488
1142 1705
1143 1887
1145 1741
1146 1594
1149 1341
1149 1571
1151 1216
1151 1881
1152 1778
1154 1157
1154 1721
1155 1932
1160 1408
1161 1307
1161 1719
1162 1787
1164 1531
1164 1805
1164 1936
1164 1988
1165 1464
1166 1660
1168 1827
1169 1639
1170 1357
1170 1447
1170 1799
1171 1420
1171 1615
1171 1913
1172 1805
1173 1373
1174 1517
1179 1550
1180 1448
1183 1382
1183 1509
1184 1526
1186 1204
1187 1383
1189 1457
1192 1419
1199 1228
1200 1308
1201 1853
1203 1316
1204 1675
1205 1392
1205 1453
1205 1768
1206 1519
1207 1527
1207 1818
1207 1916
1209 1414
1209 1980
1210 1365
1210 1831
1210 1994
1211 1943
1214 1324
1214 1770
1215 1673
1215 1981
1218 1332
1220 1632
1220 1660
1220 1663
1220 1822
1220 1991
1221 1517
1221 1752
1222 1490
1222 1669
1223 1544
1223 1810
1224 1240
1224 1907
1225 1793
1226 1882
1227 1915
1229 1650
1230 1800
1231 1735
1232 1740
1232 1755
1234 1492
1234 1518
1234 1560
1236 1565
1237 1281
1238 1531
1239 1909
1241 1346
1241 1826
1242 1520
1243 1458
1243 1509
1243 1958
1244 1468
1244 1856
1245 1588
1249 1616
1249 1748
1250 1326
1252 1416
1253 1299
1254 1315
1254 1741
1254 1957
1257 1614
1258 1332
1259 1648
1260 1439
1260 1928
1264 1637
1264 1757
1265 1322
1266 1324
1267 1953
1268 1897
1270 1596
1272 1607
1277 1394
1278 1627
1278 1816
1280 1544
1281 1709
1282 1356
1286 1621
1287 1894
1289 1570
1290 1663
1291 1955
1292 1686
1293 1905
1295 1880
1296 1705
1297 1340
1298 1612
1301 1645
1303 1448
1304 1789
1305 1551
1306 1761
1308 1551
1311 1396
1311 1991
1312 1912
1312 1930
1313 1886
1314 1686
1314 1883
1321 1328
1324 1466
1324 1868
1326 1701
1326 1727
1328 1909
1333 1741
1335 1448
1335 1471
1335 1978
1335 1993
1337 1870
1338 1661
1339 1495
1340 1537
1340 1879
1344 1439
1348 1373
1348 1943
1353 1625
1353 1686
1354 1760
1356 1610
1360 1974
1362 1569
1366 1898
1366 1905
1366 1962
1369 1925
1381 1427
1381 1506
1382 1578
1383 1842
1384 1895
1385 1853
1386 1551
1387 1970
1388 1935
1391 1401
1391 1735
1391 1893
1393 1645
1394 1633
1394 1803
1396 1657
1399 1862
1400 1481
1402 1969
1407 1963
1408 1879
1410 1476
1415 1508
1417 1867
1421 1794
1424 1432
1426 1558
1428 1568
1428 1751
1430 1721
1431 1908
1433 1590
1434 1521
1435 1553
1437 1940
1447 1853
1451 1494
1451 1809
1452 1488
1461 1657
1463 1621
1463 1911
1464 1611
1464 1623
1466 1926
1468 1515
1472 1496
1478 1867
1480 1683
1480 1877
1483 1717
1487 1636
1488 1926
1489 1654
1489 1848
1489 1851
1491 1692
1492 1970
1494 1945
1498 1617
1498 1654
1500 1830
1501 1992
1503 1539
1508 1784
1510 1984
1511 1919
1512 1625
1516 1524
1516 1598
1516 1719
1517 1523
1525 1529
1529 1825
1530 1695
1531 1723
1535 1553
1540 1543
1541 1833
1542 1554
1549 1737
1550 1859
1559 1814
1567 1790
1579 1714
1585 1979
1586 1921
1588 1840
1590 1784
1592 1779
1596 1709
1597 1987
1604 1734
1604 1928
1605 1752
1609 1860
1612 1732
1617 1660
1617 1840
1627 1735
1627 1983
1629 1760
1629 1948
1631 1665
1633 1973
1635 1934
1636 1792
1638 1655
1640 1921
1642 1746
1642 1926
1649 1951
1656 1896
1656 1969
1657 1764
1658 1680
1659 1708
1662 1913
1665 1756
1668 1969
1671 1943
1671 1970
1678 1824
1681 1719
1681 1841
1681 1863
1682 1771
1685 1954
1686 1870
1687 1757
1688 1826
1691 1734
1692 1868
1699 1913
1702 1822
1703 1866
1703 1997
1704 1715
1710 1882
1713 1754
1717 1926
1722 1771
1724 1902
1726 1813
1729 1990
1736 1761
1742 1765
1744 1932
1749 1980
1753 1783
1755 1971
1759 1934
1777 1999
1781 1988
1782 1801
1783 1927
1785 1962
1789 1863
1792 1903
1799 1947
1802 1819
1815 1828
1818 1958
1819 1989
1824 1879
1825 1950
1826 1924
1829 1858
1840 1889
1845 1984
1861 1915
1867 1923
1879 1978
1888 1952
1895 1954
1907 1944
1918 1944
1936 1999
1937 1954
1940 1973
1941 1964
1949 1966
1950 1950
