2000
0 45
0 74
0 231
0 564
0 1094
0 1141
0 1446
0 1500
0 1734
0 1830
1 831
1 1491
2 1538
3 353
3 704
3 929
3 1316
3 1634
3 1758
3 1832
4 815
4 817
4 1528
5 75
5 330
5 608
5 1097
5 1248
6 645
6 1093
7 141
7 627
7 668
7 1200
7 1688
7 1710
7 1960
8 114
8 271
8 860
8 1588
9 224
9 529
10 436
10 490
10 576
10 1027
10 1695
10 1846
11 19
11 1073
12 55
12 334
12 893
12 1283
12 1294
12 1833
13 523
13 996
13 1520
14 344
14 374
14 949
15 835
15 1010
15 1018
15 1412
15 1453
16 1328
16 1563
17 351
17 1306
17 1379
17 1967
18 66
18 1285
18 1803
18 1814
19 114
19 788
19 864
19 1218
19 1249
19 1536
20 588
20 738
20 1162
20 1628
20 1961
21 46
21 176
21 403
21 1050
21 1160
21 1651
22 66
22 401
22 983
22 1031
22 1253
22 1950
23 364
23 568
23 717
23 1760
24 164
24 444
24 516
24 636
24 1672
25 1376
25 1519
26 191
26 809
26 1173
26 1315
26 1545
26 1817
27 825
27 1139
27 1731
27 1863
28 915
28 1031
28 1148
28 1608
28 1979
29 134
29 1032
29 1311
29 1667
29 1709
29 1747
30 1098
30 1831
30 1878
31 437
31 639
31 792
31 1448
31 1680
31 1820
31 1870
32 39
32 354
33 599
33 620
33 934
33 1345
33 1485
34 151
34 636
34 940
34 1212
34 1231
34 1780
35 39
35 424
35 531
35 818
35 825
35 1118
35 1130
36 297
36 383
36 419
36 461
36 1690
36 1860
37 561
37 658
37 973
37 1287
37 1391
37 1556
37 1621
38 646
38 828
38 886
38 1139
38 1528
38 1574
39 636
39 994
39 1364
39 1604
40 197
40 1304
40 1882
41 200
41 580
41 621
41 1023
41 1726
41 1750
41 1994
42 361
42 1068
42 1131
42 1228
42 1731
42 1883
43 489
43 652
43 935
43 1261
43 1661
43 1850
44 269
44 672
44 1972
45 205
45 278
45 919
45 1468
45 1997
46 422
46 1381
46 1404
48 314
48 1927
48 1998
49 67
49 749
49 874
49 1112
49 1280
49 1864
50 289
50 299
50 364
50 579
50 604
50 1353
51 879
51 1128
51 1400
51 1776
52 1644
52 1901
52 1949
53 322
53 342
53 598
53 1154
53 1729
54 302
55 442
55 879
56 92
56 875
56 1314
56 1902
57 432
57 917
57 933
57 1346
57 1503
57 1800
57 1818
58 842
59 155
59 1253
59 1533
60 805
60 1373
60 1442
60 1598
60 1747
61 549
61 924
61 1223
62 353
62 802
62 1015
62 1040
62 1106
62 1169
62 1258
62 1290
62 1891
63 140
64 528
64 789
64 938
64 1103
64 1222
64 1746
64 1869
64 1914
64 1934
65 418
65 1006
65 1737
65 1891
66 103
66 1098
67 489
67 737
67 1059
67 1890
67 1971
68 452
68 734
68 771
68 1099
68 1413
69 395
69 624
69 1424
69 1485
69 1938
70 1519
71 262
71 385
71 887
71 1179
71 1660
72 1260
73 475
73 560
73 726
73 1217
73 1256
73 1591
73 1763
73 1962
74 387
74 731
74 1276
74 1942
75 280
75 452
75 1037
75 1988
76 245
76 482
76 623
76 926
76 1103
76 1229
76 1319
76 1357
76 1636
77 85
77 139
77 323
77 510
77 1358
77 1419
77 1726
78 676
78 942
78 985
78 1410
78 1424
78 1533
78 1823
78 1968
79 195
79 1254
79 1451
79 1625
80 187
80 538
80 833
80 1125
81 224
81 540
81 1208
82 146
82 308
82 441
82 749
82 766
82 1461
83 203
83 221
83 539
83 694
83 799
83 1099
83 1582
84 201
84 607
84 1728
85 1606
86 183
86 479
86 1420
87 1258
87 1448
87 1640
87 1701
87 1942
88 459
88 626
88 745
88 885
88 935
88 1158
88 1626
88 1903
89 127
89 317
89 658
89 988
89 1028
89 1711
90 319
90 540
90 710
90 839
90 1211
90 1240
90 1388
90 1449
90 1541
90 1648
90 1992
91 511
91 846
91 1107
91 1560
91 1879
92 1103
92 1213
92 1299
92 1450
92 1906
93 441
93 516
93 996
93 1529
93 1593
93 1865
94 370
94 1221
94 1318
94 1881
95 204
95 287
95 489
95 649
95 809
95 916
95 1049
95 1150
96 295
96 1246
96 1659
97 565
97 1088
97 1314
98 156
98 213
98 1733
99 515
99 756
99 1286
99 1602
99 1613
99 1614
100 120
100 554
100 1709
100 1737
100 1740
101 763
101 817
101 908
101 1078
101 1436
101 1617
102 200
102 271
102 366
102 926
102 946
102 952
102 1110
102 1243
102 1468
102 1759
103 162
103 471
103 917
103 1900
103 1994
104 637
104 740
104 1427
104 1761
105 1328
106 178
106 193
106 424
106 1690
107 606
107 615
107 1308
107 1460
107 1503
107 1992
108 380
108 708
109 433
109 435
109 728
109 1048
109 1670
109 1846
109 1911
110 124
110 534
110 937
110 1978
111 976
111 1257
111 1258
111 1510
111 1661
112 342
112 637
112 848
112 1197
112 1408
112 1453
112 1640
113 321
113 1016
114 371
114 617
114 1079
114 1365
114 1494
114 1546
114 1587
115 289
115 1155
116 264
116 994
116 1041
116 1630
117 429
117 1076
117 1557
117 1647
117 1657
118 954
118 1033
118 1512
119 197
119 569
119 1045
119 1401
119 1660
119 1886
120 406
120 746
120 1389
120 1452
120 1600
120 1957
121 721
121 1201
121 1427
122 180
122 204
122 514
122 1009
122 1894
123 359
123 954
123 1216
123 1880
124 265
124 803
124 1036
124 1579
125 1357
125 1598
125 1638
126 272
126 1271
126 1688
127 1045
128 1182
128 1538
128 1845
129 1294
129 1582
129 1609
130 139
130 143
130 208
130 796
130 932
130 1693
131 423
131 614
131 702
131 1102
131 1117
131 1858
132 1000
132 1014
132 1463
132 1473
132 1519
132 1792
132 1932
132 1956
133 202
133 404
133 947
133 1576
134 820
135 438
135 1454
136 156
136 1406
136 1516
137 454
137 623
137 732
137 803
137 805
137 815
137 871
137 1080
137 1357
137 1454
137 1829
138 141
138 1495
139 942
139 1054
139 1127
139 1655
140 490
140 541
140 580
140 1445
141 645
141 1176
142 296
142 696
143 1006
143 1389
143 1635
143 1764
143 1795
143 1831
144 285
145 416
145 558
145 616
145 863
145 1451
145 1751
145 1757
146 314
146 481
146 1203
147 267
147 449
147 512
147 710
147 1102
147 1227
147 1236
147 1427
147 1446
147 1881
148 362
148 547
148 668
148 834
148 1324
148 1916
149 844
149 888
149 1420
150 309
150 1051
150 1480
150 1654
151 650
151 658
151 700
151 718
151 917
151 1063
151 1133
151 1292
152 178
152 360
152 1526
152 1738
153 958
153 1095
153 1325
153 1443
153 1647
153 1690
154 188
154 196
154 461
154 925
154 1915
154 1999
155 1199
156 380
156 648
156 780
156 954
156 1152
156 1824
157 194
157 285
157 361
157 385
157 479
157 817
157 870
157 1293
157 1457
157 1709
158 613
158 781
158 1365
158 1979
158 1997
159 221
159 611
159 1080
159 1729
160 450
160 702
160 1296
160 1317
161 849
161 944
161 1112
161 1703
161 1870
162 445
162 803
162 1028
162 1100
162 1360
162 1381
162 1911
163 203
163 872
163 1005
163 1411
163 1547
164 1035
164 1368
164 1593
165 360
165 1082
165 1807
165 1923
165 1924
165 1987
166 358
166 405
166 868
166 974
166 1177
166 1218
166 1594
166 1901
166 1977
167 170
167 1483
167 1851
167 1878
168 428
168 788
168 812
168 996
168 1158
168 1278
168 1725
169 740
169 804
169 1271
169 1764
170 556
170 837
170 1297
170 1311
170 1431
170 1639
170 1684
170 1978
172 307
172 661
172 974
172 1617
172 1626
173 262
173 275
174 367
174 1108
174 1358
174 1369
174 1536
174 1779
174 1921
175 278
175 596
175 670
175 786
175 863
175 1634
176 393
176 503
176 732
176 1276
177 747
177 1230
177 1708
177 1810
177 1962
178 193
178 355
178 823
178 898
178 1109
178 1678
178 1775
179 194
179 368
179 624
180 247
180 486
181 298
181 515
181 931
181 938
181 1416
181 1742
182 704
182 1232
183 330
183 405
183 744
183 803
183 1861
183 1929
184 1818
185 312
185 1188
185 1759
185 1849
185 1887
186 432
186 866
186 1424
186 1723
187 1905
188 1612
189 471
189 730
189 1378
189 1677
190 1307
190 1652
190 1956
191 324
191 416
191 491
191 649
191 968
191 1373
191 1387
191 1420
191 1533
191 1534
191 1626
191 1906
192 547
192 742
192 961
192 1749
192 1837
192 1902
193 345
193 385
193 430
193 585
193 659
193 1111
193 1334
193 1494
193 1685
193 1873
194 364
194 908
194 1340
194 1631
194 1759
195 867
195 1101
195 1172
195 1184
196 256
196 404
196 440
196 725
196 867
196 1254
196 1402
197 1009
197 1783
198 477
198 524
198 1542
198 1910
199 297
199 506
199 543
199 764
199 972
199 1117
199 1224
200 902
201 271
201 483
201 1065
201 1397
202 286
202 859
202 1062
202 1558
202 1893
203 222
203 240
203 492
203 588
203 663
204 762
204 791
204 1279
205 630
205 920
205 1087
205 1154
205 1551
206 502
206 561
206 909
206 1042
206 1970
207 683
207 1626
208 761
208 1157
208 1354
208 1678
209 391
209 474
209 543
209 771
209 970
209 1948
210 224
210 589
210 681
210 1383
210 1660
210 1721
211 752
211 1190
211 1266
212 231
212 789
212 1408
213 667
213 1035
213 1235
213 1265
213 1365
213 1604
213 1915
213 1969
214 435
214 727
215 260
215 350
215 1619
216 419
216 458
216 716
216 926
216 1254
216 1294
216 1334
216 1917
216 1946
217 559
217 674
217 885
217 1199
217 1265
218 1476
218 1599
219 675
219 1122
219 1150
219 1153
219 1546
219 1561
219 1742
220 863
220 916
221 709
221 1256
221 1320
221 1486
221 1656
221 1744
222 716
222 1164
222 1394
222 1800
223 675
223 930
224 250
224 901
224 1149
225 314
225 336
225 681
225 840
225 957
225 1096
225 1181
225 1911
226 633
226 1119
227 271
227 522
227 890
227 928
227 1158
227 1284
228 267
228 1621
229 469
229 645
229 696
229 945
229 1082
229 1796
230 1239
230 1801
231 420
231 1237
232 667
232 982
232 1040
232 1178
232 1572
232 1892
233 1326
234 563
234 1067
234 1226
234 1397
235 540
235 799
235 1336
235 1964
236 349
236 366
236 443
236 703
236 1135
236 1358
236 1961
237 759
237 873
237 926
237 978
237 1313
237 1645
237 1757
237 1873
237 1953
238 249
238 1178
238 1441
239 907
239 1128
239 1814
240 329
240 422
240 628
240 760
240 979
240 1336
240 1910
241 389
241 592
241 811
241 1335
241 1932
242 295
242 416
242 1039
242 1275
243 610
243 1555
243 1926
244 574
244 741
244 1277
244 1320
244 1829
245 525
245 624
245 1684
245 1710
246 338
246 407
246 929
246 1108
247 276
247 1331
247 1528
247 1878
248 1282
248 1541
249 476
249 530
249 607
249 862
250 325
250 605
250 616
250 686
250 903
250 1415
251 448
251 1400
251 1620
252 468
252 502
252 1019
253 1463
253 1699
253 1844
254 788
254 1251
254 1485
254 1849
255 1259
255 1570
256 1636
257 935
257 1239
258 614
258 1535
258 1811
258 1972
259 323
259 883
259 1424
259 1558
259 1620
260 782
260 1284
260 1542
260 1795
260 1933
261 880
261 1645
261 1664
261 1823
261 1827
262 508
262 619
262 1024
262 1099
262 1151
262 1546
262 1861
262 1906
263 308
263 776
263 1331
264 1070
264 1264
264 1303
264 1443
265 471
265 928
265 1197
266 632
266 1098
266 1721
267 616
267 1017
267 1275
267 1370
268 551
268 1215
268 1298
268 1418
268 1874
269 892
269 1443
269 1777
269 1789
269 1921
270 451
270 1073
270 1288
270 1371
270 1872
271 393
271 444
271 821
271 1246
271 1595
271 1683
271 1915
272 310
272 788
272 1314
272 1317
272 1478
272 1987
273 688
273 1301
274 403
274 524
274 624
274 723
274 822
274 1502
274 1550
274 1847
275 1032
275 1131
275 1959
276 1571
276 1663
276 1759
276 1942
277 543
277 930
277 1197
277 1572
277 1863
278 442
278 480
278 1515
279 1395
279 1632
279 1823
280 629
280 744
280 746
280 1125
281 517
281 1173
281 1432
281 1603
281 1688
282 808
282 1080
282 1197
282 1429
282 1681
283 740
283 915
284 1293
284 1727
284 1950
285 786
285 816
285 1534
285 1690
285 1843
286 441
286 480
286 505
286 733
286 763
286 1069
287 807
287 874
287 1326
287 1824
288 383
288 418
288 666
288 986
288 1156
288 1686
288 1791
288 1870
289 639
289 730
289 1047
289 1374
289 1392
289 1787
290 664
290 790
290 970
290 1250
291 584
291 697
291 770
291 941
292 865
292 1409
292 1421
293 813
293 1071
293 1395
293 1403
293 1670
294 1090
294 1843
295 500
295 517
295 957
295 1832
296 715
296 1084
296 1138
296 1271
296 1736
297 633
297 1194
297 1246
297 1913
298 639
298 1355
298 1525
299 1049
299 1547
299 1655
299 1853
300 351
300 430
300 691
300 788
300 1330
301 388
301 460
301 466
301 615
301 727
301 753
301 1348
301 1460
301 1678
301 1943
302 721
302 761
302 971
302 1412
302 1474
302 1686
303 1117
303 1305
303 1415
303 1643
303 1924
304 1257
304 1936
304 1976
305 1242
306 332
306 1488
306 1877
307 464
307 968
307 1261
307 1341
307 1682
307 1729
307 1742
308 489
308 922
308 1221
308 1281
308 1569
308 1709
309 984
309 1310
309 1327
309 1567
310 739
310 1314
310 1363
310 1723
311 1204
311 1858
311 1944
312 569
312 911
312 1288
313 783
314 515
314 741
314 923
314 1217
314 1429
315 439
315 1248
315 1313
315 1329
315 1557
315 1779
316 438
316 551
316 879
317 516
317 1735
317 1790
318 827
318 978
318 1038
318 1370
318 1701
319 490
319 932
319 995
319 1274
319 1594
319 1699
319 1708
320 392
320 694
320 835
320 921
320 1615
321 483
321 846
321 1713
321 1761
322 706
322 1220
322 1913
323 1922
324 431
324 534
324 965
324 1254
325 955
325 1202
325 1964
326 550
326 1120
326 1535
327 1286
328 514
328 1111
328 1466
328 1515
328 1581
329 1406
329 1416
329 1639
330 1251
330 1577
330 1753
330 1779
330 1789
330 1885
330 1954
330 1982
330 1985
330 1991
331 909
331 911
331 1337
331 1577
331 1640
331 1794
332 1550
333 405
333 1039
334 650
334 694
334 791
334 1336
334 1492
334 1550
334 1666
335 569
335 586
335 1561
335 1948
336 819
336 1130
336 1206
336 1291
336 1418
336 1450
336 1546
336 1754
337 760
337 1288
337 1642
337 1954
338 638
338 808
338 927
338 1678
338 1968
339 1004
339 1110
339 1421
339 1619
339 1816
340 451
340 596
340 762
340 767
340 892
341 685
342 489
342 1149
342 1242
343 534
343 1129
343 1154
343 1313
343 1444
344 576
344 651
344 1037
344 1089
344 1173
344 1236
344 1271
344 1973
344 1995
345 566
345 1246
345 1553
345 1558
345 1789
345 1846
346 455
346 1165
346 1379
346 1543
346 1835
346 1843
347 1019
347 1235
347 1390
348 469
348 533
348 582
348 1522
349 425
349 621
349 831
349 1554
349 1851
349 1908
350 457
350 593
350 881
350 960
350 1437
351 579
351 723
351 1605
351 1924
352 385
352 1081
352 1444
352 1677
352 1742
352 1916
353 596
353 841
353 1311
353 1313
353 1473
353 1591
353 1952
354 427
354 654
354 815
355 1078
355 1329
355 1877
356 397
356 675
356 773
356 867
356 1064
357 377
357 1876
358 1011
358 1297
359 922
359 960
359 1199
359 1385
359 1399
359 1524
360 649
360 979
360 1378
360 1794
360 1832
360 1877
360 1900
362 868
362 1411
362 1724
363 940
363 1291
363 1688
363 1781
364 435
364 1176
364 1665
365 1406
365 1779
366 445
366 473
366 532
366 558
366 1096
366 1923
367 494
367 757
367 941
368 630
368 725
368 935
368 1514
368 1904
369 965
369 1410
369 1665
369 1847
370 370
370 1251
371 521
371 751
371 852
371 990
371 1447
371 1511
372 616
372 914
372 1522
372 1693
372 1782
373 483
373 1072
373 1123
373 1353
373 1567
373 1818
373 1970
374 857
374 1179
374 1335
375 534
375 1686
376 784
376 1039
376 1441
377 728
377 798
377 932
377 1885
378 401
378 766
378 1139
379 780
379 1002
379 1511
379 1586
379 1867
379 1954
380 993
380 1143
380 1568
381 627
381 1188
381 1596
382 583
382 715
382 1547
383 678
383 1153
383 1402
383 1825
384 457
384 869
384 1070
384 1367
384 1487
384 1606
385 465
385 505
385 568
385 963
386 581
386 703
386 752
386 1207
386 1432
386 1533
387 472
388 435
388 647
388 685
388 1065
388 1203
389 555
389 980
389 1189
389 1263
389 1450
389 1632
390 561
390 1329
390 1382
390 1547
391 969
392 593
392 641
392 1653
392 1945
393 913
393 1691
393 1984
394 525
394 881
394 1856
394 1916
394 1963
395 1177
396 1216
396 1230
396 1951
397 423
397 462
398 1277
398 1952
399 1358
399 1424
399 1865
400 1011
401 969
401 1055
401 1120
401 1197
401 1804
401 1964
402 1902
404 469
404 526
404 1558
404 1675
405 1168
405 1265
405 1927
406 458
406 510
406 724
406 978
406 1043
406 1133
406 1692
407 742
407 877
407 1198
407 1454
407 1670
408 987
408 1043
408 1606
408 1798
408 1957
409 587
409 717
409 1088
409 1328
409 1381
409 1999
410 437
410 440
410 1396
410 1851
411 497
411 1172
411 1415
411 1879
412 461
412 715
412 1240
412 1595
414 436
414 512
414 1482
415 692
415 1235
415 1354
416 988
416 1359
417 751
418 766
418 1544
419 484
419 634
419 912
419 1016
419 1418
419 1459
419 1815
419 1950
420 1216
420 1416
420 1486
421 544
421 572
421 575
421 883
421 1110
421 1252
421 1744
422 949
422 982
423 433
423 1282
423 1404
423 1464
424 508
424 959
424 984
424 990
424 1102
424 1449
424 1582
425 1787
426 633
426 678
426 900
426 991
426 1130
426 1629
427 771
427 836
427 1479
428 439
428 569
428 1426
428 1599
428 1606
429 765
429 795
429 996
429 1144
430 544
430 749
430 1724
431 444
431 837
431 1018
431 1562
431 1653
432 558
432 789
432 1181
433 518
433 784
433 1435
433 1698
434 985
434 1003
434 1039
434 1115
434 1152
434 1934
435 599
435 1290
435 1324
435 1544
436 1497
436 1704
437 551
437 605
437 643
437 660
437 1775
438 821
438 1941
439 505
439 1177
439 1320
440 882
440 1942
441 950
441 1044
441 1227
442 777
442 1335
442 1386
442 1625
443 535
443 916
443 1393
444 922
444 1113
444 1966
445 870
445 1570
445 1652
445 1913
446 738
447 1184
447 1486
448 841
448 1601
448 1612
449 1182
450 470
450 483
450 1748
451 577
451 1235
451 1456
452 1031
452 1520
453 494
453 628
453 1708
454 563
454 945
455 502
455 609
455 708
455 801
455 1574
456 689
457 1124
457 1857
458 648
458 1133
459 553
459 1050
459 1092
459 1189
460 1003
460 1251
460 1465
461 802
461 825
461 987
461 1850
461 1942
462 927
462 1037
462 1235
462 1358
463 1201
463 1345
463 1670
463 1839
464 553
464 1315
464 1685
464 1941
465 670
465 948
465 983
465 1956
466 505
466 640
466 782
466 1640
466 1781
467 564
467 659
467 735
467 763
467 853
467 1250
467 1895
468 485
468 777
468 1250
468 1328
468 1347
468 1877
469 849
469 1274
470 564
470 922
470 1019
470 1669
471 538
471 1039
471 1675
471 1915
472 1666
472 1716
473 516
473 764
473 1212
473 1324
473 1443
473 1682
474 1356
474 1507
474 1629
474 1641
474 1920
475 845
476 1261
476 1749
476 1761
477 526
477 1192
477 1689
478 794
478 1334
478 1670
478 1687
479 1008
479 1811
480 577
480 1498
480 1721
480 1862
480 1865
481 681
481 745
481 1207
481 1281
481 1643
482 730
482 1015
482 1293
482 1480
483 556
483 687
483 1180
483 1393
483 1409
483 1626
484 896
484 945
484 953
484 1023
484 1140
484 1232
484 1686
485 1357
485 1464
486 788
486 1000
486 1041
486 1411
487 512
487 820
487 1035
487 1123
488 1025
488 1494
489 501
489 792
489 897
489 1394
489 1470
490 1312
491 1073
491 1195
491 1434
491 1628
491 1737
492 515
492 546
492 1265
492 1849
493 1731
494 660
494 1556
495 786
495 945
495 1923
495 1981
496 1070
496 1284
496 1538
496 1852
496 1884
497 820
497 848
497 851
497 1389
497 1544
497 1677
497 1801
498 560
498 849
498 1436
498 1869
498 1910
498 1936
499 1362
499 1877
500 516
500 1028
500 1138
500 1933
501 960
502 1619
502 1689
502 1719
502 1791
502 1815
502 1944
503 953
503 1096
503 1955
504 975
504 1005
505 675
505 814
505 1175
505 1879
506 1726
507 625
507 1384
508 643
508 1682
508 1729
508 1963
509 751
509 752
509 1283
509 1303
509 1312
509 1547
509 1630
510 643
510 736
510 1190
510 1788
511 818
511 855
511 1086
511 1428
512 1314
512 1812
512 1964
513 557
513 1126
513 1157
513 1187
513 1613
513 1637
514 660
514 1020
515 750
515 906
516 734
516 777
516 1844
517 1424
517 1992
518 1197
518 1851
519 657
519 666
521 645
521 1107
521 1191
521 1777
521 1839
522 631
522 660
522 972
522 1346
523 679
523 1381
523 1407
523 1769
523 1960
523 1993
524 813
524 1139
525 1443
525 1541
525 1848
525 1896
526 841
526 869
526 1453
526 1624
526 1708
527 1658
527 1860
528 803
528 998
528 1533
529 623
529 1945
530 833
530 911
531 1587
532 785
532 1454
532 1497
533 617
533 924
533 1314
533 1363
533 1685
533 1977
534 669
534 968
534 1119
534 1306
534 1413
534 1936
535 1038
535 1141
535 1338
535 1517
536 696
536 704
536 1447
537 1098
537 1566
537 1646
537 1722
539 1101
539 1414
540 905
540 1056
540 1097
540 1220
540 1426
540 1585
540 1753
541 593
541 996
541 1751
542 1138
542 1269
542 1637
542 1657
543 722
543 1873
544 1390
544 1593
544 1881
545 794
545 1248
545 1408
545 1517
546 713
546 1276
546 1450
546 1979
548 807
548 1041
548 1177
548 1589
549 917
549 1106
549 1132
550 582
551 1881
552 1603
552 1614
553 843
553 1085
553 1096
553 1142
553 1171
553 1709
553 1895
553 1916
554 1076
554 1403
555 1138
556 888
556 1919
557 964
557 1068
558 808
558 1021
558 1542
559 859
559 881
559 1430
559 1660
560 706
560 1134
560 1334
560 1981
561 1899
562 645
562 933
562 1561
562 1685
562 1804
562 1960
562 1992
563 1153
563 1224
563 1254
563 1947
564 613
564 767
564 1748
564 1875
565 1088
565 1220
565 1776
566 614
566 894
566 1323
567 627
567 897
567 1044
567 1250
567 1390
567 1466
568 968
569 1516
569 1736
569 1900
570 662
570 684
570 730
570 1144
571 783
571 811
571 814
571 823
571 1216
571 1479
571 1799
572 1046
572 1324
572 1591
572 1676
572 1746
573 1283
573 1321
573 1334
573 1348
573 1375
573 1899
574 748
574 892
574 1042
574 1113
574 1314
574 1456
574 1647
574 1788
575 1945
575 1958
576 677
576 931
576 1387
577 1928
578 680
578 1181
578 1533
578 1593
578 1755
578 1798
578 1825
579 1307
579 1324
580 680
580 688
580 858
580 1200
580 1246
580 1358
580 1695
581 961
581 1253
581 1739
582 637
582 800
582 897
582 1455
582 1700
583 929
583 1410
583 1482
584 859
584 1424
584 1722
584 1729
584 1928
585 1143
586 715
586 1646
586 1840
587 1562
587 1714
587 1891
587 1892
588 1254
588 1539
589 647
590 835
590 1957
591 1765
592 687
592 886
592 1704
593 1187
593 1796
594 868
594 1015
594 1900
595 653
595 983
595 1011
595 1014
595 1487
595 1598
596 1241
596 1318
597 956
597 1300
597 1373
597 1407
598 736
598 1047
598 1263
598 1442
599 1110
600 1081
600 1556
600 1899
601 761
601 907
601 1668
601 1728
602 623
602 983
603 1107
603 1206
603 1779
604 657
604 918
604 956
604 1772
604 1804
605 1078
605 1290
605 1776
606 724
606 831
606 846
606 874
606 877
606 963
606 1358
606 1364
606 1628
607 802
607 1121
608 1008
608 1663
608 1704
608 1772
609 944
609 947
610 690
610 703
610 957
610 1280
610 1378
610 1524
611 789
611 1992
612 1310
612 1367
612 1487
612 1771
612 1834
612 1864
613 860
613 927
613 942
613 1272
613 1605
613 1825
614 890
614 1167
614 1479
614 1509
614 1799
615 656
615 801
615 888
615 1206
615 1966
616 701
616 1254
616 1291
616 1421
616 1770
616 1914
616 1990
617 645
617 710
617 879
617 1370
617 1390
617 1913
618 901
618 952
618 1482
618 1493
618 1547
618 1723
618 1837
619 730
619 762
619 804
619 902
621 1301
621 1422
621 1500
621 1557
621 1699
621 1846
621 1928
622 1022
622 1049
622 1553
622 1698
623 974
623 1170
623 1540
623 1979
624 885
624 1416
624 1792
624 1841
625 1437
626 967
626 1154
626 1155
626 1291
626 1339
627 704
627 1084
628 1031
628 1157
628 1808
629 1122
629 1283
629 1572
630 1361
631 685
631 814
631 1029
631 1189
631 1397
631 1455
631 1694
631 1879
632 1888
632 1905
633 889
633 1454
634 852
634 936
634 1932
635 1119
635 1673
636 1486
636 1926
637 1747
638 938
638 1024
638 1494
639 1088
639 1299
640 1157
640 1274
641 1823
642 1542
643 923
643 1053
643 1578
644 1032
644 1621
645 1519
645 1732
646 898
647 1324
648 763
648 1219
649 1428
649 1513
651 944
651 1060
651 1147
651 1342
651 1424
651 1799
652 1701
653 790
653 939
653 1832
653 1920
654 911
654 1360
654 1519
655 1313
655 1432
655 1625
656 773
656 859
656 1062
656 1083
656 1754
657 856
657 956
657 1361
657 1413
657 1943
657 1962
658 1114
658 1318
658 1368
658 1526
658 1845
658 1941
659 706
659 1173
659 1187
659 1201
659 1357
659 1905
660 1133
660 1445
661 1156
661 1727
662 1433
662 1474
663 983
663 1119
664 1096
664 1156
664 1371
664 1655
664 1710
664 1766
664 1997
665 772
665 1799
665 1934
666 1243
666 1252
666 1265
666 1333
666 1542
666 1704
667 672
667 967
667 979
667 1023
667 1576
667 1708
668 1277
668 1626
669 703
669 824
669 995
669 1185
669 1923
670 1366
670 1464
670 1486
670 1488
670 1766
671 816
671 1641
672 1613
672 1706
673 802
673 1014
673 1527
674 1020
674 1507
674 1568
675 946
675 1089
675 1235
675 1388
676 780
677 1238
677 1406
677 1740
678 1030
678 1134
678 1799
679 1478
680 1117
680 1435
681 1690
681 1845
682 1138
682 1701
682 1727
683 966
683 1006
683 1332
683 1364
683 1880
684 693
684 1123
684 1321
684 1507
684 1640
685 835
685 1327
685 1843
685 1861
686 1020
686 1711
686 1801
686 1849
687 940
687 1045
687 1347
688 719
688 1222
688 1327
688 1352
688 1717
688 1766
688 1767
688 1985
689 904
689 1091
689 1094
689 1915
690 768
690 948
690 1345
690 1503
690 1567
691 878
691 1330
692 1303
692 1904
692 1973
693 1019
693 1412
693 1419
693 1757
693 1901
694 762
694 1969
694 1973
695 726
695 1135
695 1603
695 1880
696 698
696 1067
696 1406
696 1540
696 1775
696 1911
697 876
697 942
697 1052
697 1104
697 1135
697 1678
697 1779
697 1806
698 786
698 1554
698 1607
698 1803
698 1986
699 951
699 1061
699 1359
699 1373
699 1680
699 1694
700 722
700 949
700 1447
700 1601
700 1901
701 1009
701 1068
701 1410
701 1900
702 1243
703 729
703 1018
704 1127
704 1161
704 1462
705 868
705 1302
705 1366
706 908
706 997
706 1100
706 1271
706 1479
706 1526
707 734
707 1356
707 1409
708 787
708 1205
708 1730
709 1640
709 1801
710 1564
710 1944
711 723
711 781
711 1228
711 1295
711 1685
712 1902
713 994
713 1046
713 1596
713 1612
713 1722
714 892
714 1205
714 1692
715 752
715 1730
715 1893
716 1888
716 1994
717 938
717 1001
717 1166
718 811
718 1062
718 1203
718 1207
718 1837
718 1937
718 1988
720 762
720 1791
721 776
721 982
721 987
721 1397
721 1574
721 1726
721 1811
721 1981
722 939
722 1525
722 1949
723 1184
724 1050
724 1119
724 1341
725 1010
725 1528
726 798
726 813
726 1563
726 1597
727 1278
727 1402
728 923
728 1001
728 1011
728 1064
728 1159
728 1280
729 758
729 916
729 1593
730 796
730 954
730 1213
730 1253
730 1523
731 1273
731 1464
731 1669
732 1013
732 1049
732 1168
732 1760
732 1981
733 1611
733 1946
733 1991
734 1340
734 1728
734 1980
734 1998
735 859
735 1269
735 1362
736 834
736 1379
738 1351
738 1835
739 889
739 1012
739 1480
739 1559
740 847
740 1598
740 1803
741 1071
741 1702
741 1916
742 945
743 915
743 1125
743 1483
743 1638
744 1224
745 799
746 1653
747 1118
747 1340
747 1507
747 1900
748 1041
748 1547
748 1832
749 809
749 901
749 1163
749 1294
750 949
750 1215
750 1742
750 1792
750 1965
751 1379
751 1864
752 953
752 1573
752 1842
753 1336
753 1345
753 1453
754 769
754 792
754 1021
754 1103
754 1796
755 1591
755 1814
756 1288
757 1025
757 1611
758 906
758 1002
758 1895
759 1041
759 1741
759 1891
760 861
760 924
760 1532
760 1923
761 930
761 1621
761 1648
761 1963
762 1058
762 1163
762 1819
763 862
763 1049
763 1218
763 1312
763 1524
763 1805
763 1874
764 1647
765 861
765 939
766 855
766 1185
766 1339
766 1591
767 914
767 1373
768 869
768 1080
769 952
769 1848
770 1194
770 1648
770 1988
772 787
772 905
772 1675
773 1743
773 1770
774 825
774 1515
775 1049
775 1242
775 1763
775 1962
776 1139
776 1445
776 1495
776 1503
778 1226
778 1283
778 1313
778 1389
778 1710
778 1715
779 836
779 984
779 1737
779 1790
780 910
780 1061
780 1388
780 1442
781 1503
781 1849
782 1102
782 1512
783 1394
783 1653
784 1151
784 1479
784 1612
784 1780
785 948
785 1280
785 1541
785 1709
786 1694
786 1912
787 879
787 1167
787 1642
787 1738
788 1103
788 1223
788 1282
789 1086
789 1512
789 1896
790 1027
790 1311
790 1778
790 1827
791 1481
791 1572
791 1753
792 1166
792 1530
792 1546
792 1956
793 946
793 1108
793 1114
793 1560
793 1818
793 1895
793 1911
794 1275
794 1695
794 1869
795 844
795 1168
796 1586
796 1816
797 1136
798 1255
798 1412
798 1510
798 1747
798 1844
799 1625
799 1737
800 967
800 1274
800 1337
800 1795
800 1834
801 902
801 1532
802 827
802 971
802 1679
803 1594
804 931
804 959
804 1647
805 1200
806 1314
806 1869
807 1132
807 1464
807 1505
807 1661
808 878
808 1972
809 900
809 1967
810 1036
810 1039
810 1098
810 1251
810 1483
811 867
811 891
811 1306
812 1321
812 1510
812 1676
812 1702
813 1237
815 1590
815 1762
816 1253
816 1468
816 1941
817 833
817 1283
817 1486
817 1507
817 1646
818 1072
818 1321
818 1844
818 1929
819 929
819 1077
819 1162
819 1188
819 1316
819 1483
819 1697
819 1864
819 1977
820 1274
820 1496
821 1671
821 1751
822 1969
824 1183
824 1487
825 1060
825 1469
826 1491
827 860
827 1399
828 1480
828 1773
829 967
829 1136
830 1254
830 1963
831 1282
831 1433
832 1438
832 1446
832 1866
834 881
834 991
834 1008
834 1025
834 1281
834 1371
834 1393
834 1907
835 1759
836 1635
836 1697
837 934
837 1249
837 1918
838 1448
838 1460
838 1473
838 1612
839 918
839 1072
839 1303
839 1337
839 1642
839 1650
840 865
840 982
840 1401
840 1498
840 1659
840 1683
841 1247
842 926
842 1078
842 1195
842 1712
842 1719
844 1073
844 1084
844 1544
845 1002
845 1268
845 1541
845 1712
846 991
846 1347
846 1442
847 887
847 1020
847 1065
848 964
848 1239
848 1285
848 1332
848 1566
848 1599
849 899
849 1089
849 1348
849 1372
849 1639
849 1683
850 1275
850 1967
851 876
851 1547
851 1598
851 1758
851 1772
852 852
852 1050
852 1942
853 1755
853 1784
853 1872
854 1058
854 1501
854 1864
855 874
855 1363
857 1350
857 1509
858 1162
858 1179
858 1723
858 1761
859 906
859 1203
859 1533
861 1156
861 1334
861 1589
862 1194
862 1903
863 886
863 945
863 1864
864 1994
865 1013
865 1118
865 1152
865 1785
865 1877
865 1976
866 871
866 1112
866 1513
867 1052
867 1118
868 872
868 1748
869 1565
871 1366
871 1957
872 942
872 957
872 1951
874 1431
874 1509
874 1945
875 1311
875 1340
875 1537
875 1808
876 1331
877 958
877 1089
877 1103
877 1242
878 1421
878 1479
878 1570
878 1768
879 1199
879 1270
879 1378
879 1630
880 1646
880 1706
880 1835
881 996
881 1583
881 1971
882 1031
882 1279
882 1496
882 1809
882 1991
883 1149
883 1221
883 1469
884 1195
884 1390
884 1515
884 1839
885 1036
885 1231
885 1452
885 1756
885 1897
886 1068
887 1980
888 901
888 1551
889 1403
890 1043
890 1145
890 1152
890 1299
890 1568
890 1690
890 1879
891 962
891 1453
891 1559
891 1784
892 1242
892 1257
892 1575
892 1707
893 1573
893 1828
894 1686
895 1153
895 1609
896 1075
896 1163
896 1306
896 1347
896 1759
897 897
897 1223
897 1591
897 1812
897 1872
898 1151
898 1488
898 1618
898 1633
898 1670
899 1143
899 1259
899 1276
899 1377
899 1821
901 1814
901 1928
902 915
902 1100
902 1495
902 1739
902 1859
903 1934
904 1164
904 1259
904 1737
905 975
905 1162
905 1550
905 1883
906 926
906 1961
907 941
907 1491
908 1278
908 1672
909 921
909 1502
909 1801
909 1943
910 1486
910 1587
910 1616
910 1914
911 1400
911 1505
912 1488
912 1946
913 928
913 1206
913 1379
913 1904
914 1232
915 1461
916 1255
916 1736
918 930
918 1241
918 1611
919 1006
919 1098
920 970
920 1590
920 1667
920 1691
920 1700
920 1766
920 1806
920 1957
921 959
921 1772
921 1789
921 1804
921 1944
922 1102
922 1110
922 1733
923 999
924 953
924 1196
924 1298
924 1530
924 1667
924 1738
924 1864
924 1883
925 1161
925 1184
926 1041
926 1270
926 1408
926 1594
926 1976
927 1520
927 1591
927 1925
928 1037
930 1041
931 953
931 1527
931 1594
932 1650
932 1978
933 981
933 1654
933 1729
934 1110
934 1241
934 1487
935 1292
936 1801
936 1936
936 1997
937 1152
937 1406
937 1544
937 1968
938 1221
938 1441
938 1501
938 1614
939 1179
939 1330
940 1368
940 1900
941 1049
941 1091
941 1109
941 1188
941 1599
941 1655
942 1011
942 1016
942 1568
942 1642
943 1096
944 1110
944 1144
944 1507
944 1591
944 1988
945 1139
945 1467
945 1613
945 1976
946 1285
947 1089
947 1647
947 1717
948 1292
948 1450
948 1513
948 1688
949 984
949 1211
950 1950
951 1676
951 1900
952 1574
952 1788
953 1023
953 1211
954 1169
955 1049
955 1063
955 1498
955 1702
956 1503
957 1179
957 1230
958 1787
958 1815
959 1331
959 1337
959 1363
960 1008
960 1368
960 1532
962 1066
962 1370
962 1377
962 1417
962 1566
962 1952
962 1979
963 1162
963 1339
963 1668
964 1282
964 1666
965 1652
966 1022
966 1050
966 1053
966 1572
966 1583
966 1618
967 1054
967 1951
967 1966
969 1203
969 1522
970 1529
970 1832
971 1214
971 1355
971 1815
972 1834
973 1061
973 1150
973 1237
973 1604
973 1829
974 991
974 1441
974 1797
975 994
975 1435
975 1599
975 1889
976 1364
976 1599
977 1329
977 1420
977 1479
977 1580
978 1358
978 1403
978 1716
978 1761
979 1117
979 1813
980 1638
981 1081
981 1371
981 1739
981 1956
982 1186
982 1240
982 1302
983 1899
985 992
985 1680
986 1684
987 1066
987 1087
987 1162
988 1258
988 1412
988 1416
988 1698
989 1354
989 1692
989 1707
990 1019
990 1162
990 1558
992 1774
993 1011
993 1966
994 1115
994 1302
995 1235
995 1698
995 1857
996 1114
996 1166
996 1406
996 1436
996 1550
997 1808
997 1849
997 1905
998 1493
998 1506
999 1006
999 1758
999 1779
1000 1183
1000 1868
1001 1470
1003 1476
1003 1525
1003 1554
1003 1728
1004 1420
1004 1799
1004 1867
1005 1209
1006 1524
1006 1966
1007 1347
1007 1705
1007 1840
1008 1284
1008 1329
1008 1418
1008 1571
1009 1854
1009 1977
1010 1591
1010 1977
1011 1128
1011 1569
1012 1121
1012 1175
1012 1289
1012 1519
1012 1605
1012 1770
1012 1854
1012 1950
1013 1735
1014 1342
1014 1454
1014 1743
1015 1452
1015 1470
1015 1861
1015 1887
1016 1536
1018 1298
1018 1532
1018 1784
1020 1970
1020 1990
1021 1738
1022 1885
1024 1136
1024 1346
1024 1494
1024 1810
1025 1033
1025 1349
1025 1857
1026 1432
1026 1650
1027 1468
1027 1786
1027 1919
1028 1435
1028 1663
1028 1841
1029 1882
1030 1611
1031 1625
1031 1827
1031 1882
1032 1152
1033 1049
1033 1234
1033 1934
1034 1132
1034 1332
1034 1979
1034 1985
1035 1397
1035 1790
1035 1849
1035 1875
1036 1301
1036 1678
1036 1790
1036 1913
1037 1569
1038 1368
1038 1457
1039 1193
1039 1521
1039 1597
1039 1602
1039 1934
1040 1216
1040 1730
1041 1382
1041 1506
1041 1718
1042 1409
1042 1650
1042 1742
1042 1864
1043 1147
1043 1332
1043 1541
1044 1958
1045 1049
1046 1054
1046 1125
1046 1142
1046 1244
1046 1358
1046 1399
1046 1453
1046 1519
1046 1887
1047 1252
1048 1315
1049 1103
1049 1457
1049 1534
1049 1646
1050 1265
1051 1166
1051 1305
1052 1159
1052 1760
1053 1284
1053 1499
1054 1695
1055 1219
1055 1450
1057 1349
1057 1851
1058 1112
1058 1127
1058 1262
1058 1541
1058 1589
1059 1173
1060 1665
1060 1846
1060 1855
1061 1137
1061 1821
1061 1944
1062 1361
1063 1552
1063 1627
1063 1929
1064 1456
1064 1468
1064 1531
1064 1559
1064 1562
1065 1336
1065 1552
1066 1269
1066 1700
1066 1796
1067 1975
1068 1237
1068 1413
1068 1426
1069 1239
1069 1443
1069 1582
1069 1586
1069 1746
1070 1356
1070 1789
1070 1958
1071 1312
1071 1556
1071 1708
1071 1837
1071 1976
1072 1464
1074 1449
1074 1453
1074 1697
1074 1906
1075 1734
1075 1760
1075 1995
1076 1671
1076 1721
1076 1758
1077 1077
1077 1559
1077 1670
1077 1797
1077 1875
1078 1623
1078 1765
1078 1916
1081 1112
1081 1611
1082 1087
1082 1231
1082 1234
1082 1975
1083 1315
1083 1457
1083 1531
1083 1535
1083 1613
1083 1949
1085 1495
1085 1620
1085 1875
1086 1139
1086 1870
1087 1108
1087 1204
1088 1280
1088 1726
1088 1866
1088 1872
1088 1976
1089 1322
1090 1729
1091 1180
1091 1493
1091 1629
1091 1770
1091 1953
1092 1510
1092 1904
1093 1782
1094 1364
1094 1659
1094 1725
1095 1296
1095 1369
1095 1488
1095 1807
1096 1443
1098 1411
1098 1633
1098 1691
1099 1296
1099 1658
1100 1882
1101 1598
1101 1606
1101 1754
1102 1121
1102 1289
1102 1324
1102 1703
1102 1724
1102 1861
1103 1420
1103 1941
1104 1120
1104 1309
1106 1370
1106 1710
1106 1764
1108 1163
1108 1653
1109 1901
1109 1984
1110 1438
1110 1439
1110 1948
1111 1262
1111 1318
1111 1817
1111 1959
1112 1156
1113 1189
1113 1543
1113 1846
1114 1173
1114 1452
1114 1930
1115 1227
1115 1529
1116 1569
1116 1597
1117 1376
1117 1607
1117 1706
1117 1761
1118 1256
1118 1568
1119 1200
1119 1288
1119 1799
1120 1727
1120 1734
1121 1476
1121 1531
1122 1714
1123 1827
1124 1399
1124 1791
1125 1607
1125 1825
1126 1431
1126 1814
1127 1156
1127 1258
1127 1476
1128 1588
1128 1836
1128 1852
1129 1162
1129 1640
1129 1663
1129 1865
1130 1486
1130 1864
1132 1475
1132 1496
1132 1924
1133 1316
1135 1246
1135 1601
1135 1861
1135 1899
1136 1592
1137 1497
1137 1883
1138 1750
1139 1506
1140 1366
1141 1586
1142 1968
1143 1427
1143 1785
1143 1866
1145 1235
1145 1610
1146 1221
1146 1665
1147 1811
1148 1618
1148 1821
1150 1607
1151 1497
1152 1644
1153 1190
1153 1511
1153 1753
1154 1446
1155 1331
1155 1627
1155 1684
1156 1288
1156 1413
1156 1416
1156 1725
1156 1877
1157 1403
1158 1529
1158 1614
1158 1837
1159 1354
1160 1197
1160 1536
1160 1590
1160 1646
1161 1774
1161 1782
1162 1835
1164 1322
1164 1371
1164 1406
1164 1438
1164 1472
1164 1812
1166 1761
1168 1232
1168 1736
1169 1254
1169 1407
1169 1759
1169 1772
1170 1501
1171 1322
1172 1376
1172 1561
1174 1348
1174 1539
1175 1499
1175 1915
1176 1198
1176 1373
1177 1194
1177 1574
1178 1487
1178 1867
1179 1214
1179 1467
1179 1820
1180 1217
1180 1619
1180 1710
1182 1702
1182 1725
1183 1213
1183 1332
1184 1234
1184 1601
1184 1955
1185 1876
1186 1243
1186 1249
1186 1753
1187 1407
1187 1806
1189 1467
1189 1858
1190 1325
1190 1596
1192 1298
1192 1483
1192 1577
1192 1701
1193 1467
1193 1474
1194 1648
1198 1368
1198 1634
1199 1545
1200 1214
1200 1259
1200 1271
1201 1795
1202 1947
1203 1356
1203 1497
1203 1547
1203 1921
1204 1785
1205 1576
1205 1834
1206 1824
1206 1884
1206 1889
1207 1306
1207 1684
1208 1886
1209 1664
1209 1763
1210 1284
1210 1674
1210 1816
1210 1841
1210 1903
1211 1224
1211 1700
1211 1798
1212 1257
1213 1830
1214 1215
1214 1732
1214 1961
1215 1658
1216 1286
1216 1345
1216 1663
1217 1438
1217 1777
1219 1302
1219 1590
1219 1911
1219 1929
1220 1396
1221 1597
1221 1601
1221 1641
1221 1702
1221 1823
1221 1905
1222 1416
1222 1597
1222 1711
1224 1986
1225 1542
1225 1618
1225 1976
1226 1508
1226 1826
1226 1870
1228 1259
1228 1453
1229 1551
1229 1633
1230 1275
1230 1319
1230 1844
1230 1890
1231 1580
1231 1647
1231 1961
1232 1314
1232 1439
1232 1518
1232 1540
1233 1398
1233 1542
1234 1921
1235 1809
1235 1981
1236 1668
1236 1908
1237 1278
1237 1349
1238 1927
1239 1932
1240 1276
1240 1758
1242 1592
1243 1244
1243 1360
1244 1351
1245 1315
1245 1561
1245 1613
1245 1658
1247 1427
1247 1586
1247 1691
1247 1713
1248 1632
1248 1740
1249 1251
1249 1631
1250 1763
1251 1316
1251 1542
1251 1920
1252 1427
1252 1529
1255 1955
1257 1300
1257 1586
1257 1754
1258 1518
1259 1605
1259 1888
1259 1918
1259 1933
1260 1624
1260 1746
1260 1817
1260 1926
1261 1962
1262 1918
1262 1947
1263 1544
1263 1704
1263 1835
1265 1813
1265 1860
1266 1335
1266 1772
1267 1537
1267 1569
1267 1956
1268 1448
1268 1575
1268 1884
1269 1753
1269 1780
1270 1372
1271 1633
1271 1951
1272 1716
1272 1787
1273 1751
1273 1957
1275 1974
1276 1530
1276 1696
1277 1808
1277 1950
1278 1956
1278 1957
1279 1373
1280 1620
1280 1780
1280 1850
1280 1916
1281 1769
1283 1562
1284 1545
1284 1675
1285 1402
1285 1884
1286 1825
1286 1844
1288 1709
1288 1956
1289 1664
1289 1985
1290 1503
1290 1974
1291 1920
1292 1598
1293 1536
1293 1917
1294 1842
1294 1854
1295 1887
1295 1948
1296 1464
1297 1679
1298 1553
1298 1871
1299 1441
1299 1462
1299 1697
1300 1748
1300 1807
1301 1892
1303 1654
1303 1805
1303 1811
1304 1566
1305 1671
1305 1731
1305 1973
1307 1775
1307 1950
1308 1563
1308 1736
1309 1789
1310 1659
1311 1676
1311 1781
1312 1501
1312 1725
1313 1660
1314 1842
1315 1616
1316 1739
1318 1853
1318 1865
1320 1657
1320 1807
1320 1881
1320 1903
1321 1581
1321 1743
1323 1424
1323 1505
1323 1564
1324 1716
1324 1930
1325 1776
1326 1471
1327 1960
1328 1360
1328 1421
1329 1449
1329 1465
1329 1541
1329 1554
1329 1951
1330 1686
1331 1558
1331 1894
1332 1467
1332 1622
1332 1657
1333 1338
1333 1578
1333 1603
1333 1833
1334 1516
1334 1643
1334 1645
1334 1743
1334 1773
1335 1356
1335 1608
1336 1590
1336 1628
1336 1932
1336 1968
1337 1610
1337 1875
1339 1747
1340 1451
1341 1840
1342 1367
1342 1471
1342 1968
1343 1492
1343 1551
1343 1686
1344 1493
1346 1410
1346 1763
1348 1692
1349 1623
1349 1678
1350 1464
1350 1668
1351 1489
1352 1557
1352 1594
1352 1929
1353 1559
1354 1520
1354 1738
1354 1767
1355 1892
1355 1990
1356 1422
1357 1464
1357 1707
1358 1495
1359 1578
1359 1586
1359 1777
1363 1664
1363 1903
1365 1500
1365 1531
1367 1694
1367 1716
1368 1387
1368 1523
1368 1788
1368 1827
1368 1932
1370 1549
1370 1842
1373 1459
1374 1500
1374 1765
1374 1920
1375 1888
1375 1948
1376 1802
1376 1981
1376 1999
1377 1475
1378 1438
1378 1964
1380 1726
1381 1532
1382 1950
1383 1908
1384 1702
1384 1735
1384 1879
1384 1916
1384 1940
1385 1486
1386 1433
1386 1441
1387 1844
1388 1885
1389 1444
1389 1453
1389 1671
1390 1546
1391 1551
1391 1928
1392 1591
1392 1635
1393 1599
1393 1633
1393 1755
1393 1827
1393 1944
1395 1759
1395 1763
1395 1799
1396 1432
1396 1718
1397 1417
1398 1502
1399 1917
1400 1502
1400 1514
1400 1975
1402 1468
1403 1455
1403 1531
1404 1560
1404 1633
1404 1871
1405 1742
1406 1479
1406 1881
1408 1888
1408 1948
1409 1415
1409 1899
1410 1452
1410 1986
1411 1570
1411 1608
1411 1623
1414 1791
1414 1906
1415 1719
1416 1820
1416 1845
1417 1496
1417 1691
1417 1797
1418 1835
1418 1841
1418 1991
1418 1993
1419 1974
1420 1685
1420 1696
1420 1698
1420 1823
1421 1548
1422 1961
1422 1996
1424 1424
1424 1644
1425 1618
1425 1766
1425 1820
1426 1790
1427 1739
1427 1918
1429 1554
1429 1916
1430 1591
1431 1943
1432 1664
1433 1671
1433 1744
1433 1774
1433 1853
1433 1898
1437 1728
1438 1748
1439 1924
1442 1741
1442 1814
1443 1914
1443 1932
1444 1514
1446 1969
1448 1573
1451 1495
1452 1992
1453 1845
1456 1999
1457 1880
1458 1660
1458 1866
1463 1487
1463 1695
1463 1743
1465 1971
1466 1627
1466 1796
1466 1935
1467 1528
1467 1570
1467 1633
1467 1821
1468 1789
1469 1620
1470 1932
1470 1955
1471 1878
1471 1891
1472 1836
1473 1534
1474 1981
1474 1982
1475 1840
1476 1959
1478 1741
1485 1709
1486 1888
1487 1582
1487 1939
1488 1511
1488 1662
1492 1553
1492 1800
1494 1691
1495 1547
1495 1814
1496 1811
1497 1746
1498 1595
1499 1655
1499 1777
1501 1656
1503 1526
1504 1634
1505 1733
1505 1957
1506 1916
1508 1807
1508 1940
1510 1575
1510 1788
1511 1656
1511 1729
1511 1732
1511 1777
1511 1939
1514 1659
1514 1677
1514 1876
1515 1525
1517 1772
1517 1863
1517 1877
1519 1650
1519 1964
1521 1796
1521 1904
1522 1909
1523 1807
1523 1845
1525 1536
1525 1641
1526 1898
1526 1938
1527 1767
1528 1633
1528 1721
1528 1867
1528 1887
1528 1895
1529 1659
1532 1725
1533 1723
1535 1819
1536 1769
1536 1830
1539 1903
1539 1989
1540 1541
1540 1623
1540 1938
1542 1681
1542 1715
1542 1885
1543 1672
1543 1764
1543 1900
1544 1783
1547 1609
1547 1617
1547 1683
1547 1842
1548 1740
1548 1758
1549 1895
1550 1815
1550 1852
1552 1554
1552 1915
1554 1839
1556 1626
1558 1974
1558 1977
1561 1706
1561 1777
1562 1813
1563 1730
1564 1897
1565 1644
1566 1613
1568 1709
1568 1899
1568 1993
1570 1570
1571 1855
1573 1626
1573 1635
1573 1932
1574 1909
1576 1868
1577 1924
1579 1859
1579 1949
1581 1906
1583 1988
1584 1931
1586 1636
1587 1695
1587 1933
1589 1625
1589 1766
1589 1976
1590 1951
1590 1991
1593 1628
1594 1831
1595 1776
1596 1996
1597 1959
1598 1782
1600 1702
1602 1689
1605 1747
1605 1989
1609 1637
1610 1939
1613 1898
1613 1918
1614 1618
1614 1814
1615 1690
1619 1622
1619 1697
1621 1686
1622 1912
1623 1649
1624 1670
1624 1786
1625 1647
1625 1896
1625 1933
1626 1664
1629 1792
1630 1967
1631 1898
1632 1807
1633 1917
1634 1705
1634 1840
1636 1976
1637 1704
1637 1950
1640 1803
1641 1756
1642 1729
1644 1960
1645 1718
1647 1932
1649 1821
1650 1892
1651 1840
1651 1906
1652 1689
1652 1791
1652 1915
1652 1971
1653 1693
1655 1934
1655 1967
1656 1811
1656 1959
1656 1979
1657 1784
1659 1732
1661 1866
1663 1846
1664 1916
1665 1747
1665 1751
1667 1986
1675 1737
1675 1879
1676 1880
1677 1850
1678 1985
1679 1797
1680 1782
1683 1765
1686 1747
1688 1805
1688 1889
1690 1780
1690 1840
1690 1972
1691 1736
1691 1872
1692 1703
1694 1821
1695 1785
1695 1815
1696 1874
1696 1920
1697 1715
1697 1975
1699 1769
1700 1897
1701 1756
1701 1874
1701 1985
1704 1789
1705 1787
1706 1932
1707 1742
1707 1757
1708 1782
1710 1795
1712 1754
1712 1832
1715 1817
1715 1948
1716 1919
1719 1878
1724 1862
1727 1780
1728 1778
1728 1903
1728 1986
1730 1921
1731 1955
1733 1989
1734 1791
1737 1969
1738 1899
1739 1878
1739 1937
1744 1793
1745 1756
1746 1805
1746 1895
1750 1773
1750 1973
1751 1890
1754 1980
1755 1828
1756 1862
1757 1854
1757 1949
1758 1921
1760 1900
1762 1904
1762 1960
1765 1902
1767 1792
1767 1911
1770 1807
1770 1919
1770 1997
1773 1792
1776 1798
1781 1993
1782 1956
1789 1884
1798 1815
1798 1821
1798 1850
1799 1979
1807 1898
1809 1929
1812 1943
1814 1936
1816 1884
1817 1824
1818 1866
1820 1910
1822 1902
1823 1841
1827 1963
1828 1885
1829 1979
1830 1907
1830 1908
1831 1967
1832 1915
1834 1843
1837 1840
1837 1951
1838 1879
1841 1850
1841 1989
1842 1949
1844 1886
1852 1944
1852 1948
1854 1982
1857 1917
1859 1934
1859 1967
1866 1928
1871 1938
1876 1891
1876 1972
1877 1951
1878 1943
1878 1985
1885 1997
1888 1950
1889 1989
1891 1937
1891 1986
1892 1999
1896 1985
1902 1950
1910 1972
1910 1990
1915 1991
1918 1968
1946 1968
1948 1971
1967 1982
