2000
0 511
0 1195
0 1314
0 1588
1 42
1 214
1 855
1 995
1 1249
1 1629
2 228
2 1005
2 1010
2 1899
3 412
3 944
3 1239
3 1362
3 1410
3 1509
3 1522
3 1713
4 73
4 1400
4 1885
5 1182
5 1798
6 285
6 521
6 902
7 113
7 1102
7 1170
7 1310
7 1778
8 40
8 221
8 1290
8 1386
8 1553
10 1639
11 347
11 1067
12 86
12 1289
12 1583
12 1894
12 1954
13 392
13 1029
13 1134
14 434
14 842
14 1714
14 1868
15 16
15 1364
16 18
16 518
16 1213
16 1323
16 1414
16 1441
16 1550
16 1997
17 998
17 1149
17 1376
17 1508
17 1872
18 646
18 792
18 874
18 1806
19 1461
19 1537
19 1628
19 1752
20 1146
20 1618
20 1721
21 596
22 917
22 1391
22 1751
23 768
23 1489
23 1716
23 1753
23 1983
24 30
24 882
24 1064
24 1070
24 1311
25 371
25 454
25 877
25 1188
25 1365
25 1613
26 314
26 403
26 764
26 1150
26 1504
26 1592
26 1602
27 109
27 373
27 861
27 1357
27 1418
27 1646
27 1755
27 1803
28 312
28 486
28 866
28 980
28 1424
29 214
29 541
29 701
29 1597
29 1714
30 511
30 565
30 1118
30 1403
30 1823
30 1894
31 776
31 841
31 999
32 111
32 465
32 766
32 1492
32 1702
32 1719
33 277
33 1264
33 1457
34 416
34 619
34 882
34 884
34 923
34 1274
34 1895
34 1957
35 1121
35 1155
35 1163
35 1404
35 1444
35 1635
35 1727
36 323
36 557
36 609
36 1096
36 1558
36 1849
37 275
37 729
37 1048
37 1260
38 160
38 231
38 361
38 406
38 1046
38 1079
38 1662
39 795
39 1056
39 1527
39 1609
39 1658
39 1814
40 421
40 884
40 1884
41 421
42 692
42 1130
42 1167
42 1838
43 822
43 977
43 1095
44 1120
44 1230
44 1271
44 1453
44 1461
44 1495
44 1859
44 1876
45 137
45 296
45 444
45 918
45 1278
45 1371
45 1401
45 1428
45 1475
46 258
46 469
46 1145
46 1438
47 928
47 1099
47 1336
48 1310
48 1530
49 561
49 996
49 1567
50 566
50 675
50 686
50 1014
50 1464
50 1748
51 429
51 519
51 766
51 1028
51 1156
52 130
52 159
52 1134
52 1705
54 1423
54 1481
54 1534
54 1602
54 1831
54 1833
55 462
55 1276
55 1421
55 1596
56 487
56 655
56 1564
56 1937
57 513
57 602
57 626
57 1182
57 1347
57 1906
58 195
58 1022
58 1426
58 1692
58 1960
58 1972
59 812
59 956
59 1212
59 1294
59 1328
59 1627
59 1819
59 1846
60 665
60 1708
61 177
61 1327
62 109
62 1452
63 328
63 407
63 731
63 811
63 947
64 366
64 398
64 611
64 1247
64 1304
64 1834
65 92
65 385
65 456
65 1149
66 1037
66 1366
66 1397
66 1922
67 108
67 527
67 844
67 1021
68 149
68 575
68 1426
68 1559
69 1203
69 1841
70 435
70 437
70 685
70 687
70 904
71 271
71 442
71 1989
72 174
72 374
72 1855
73 196
73 928
73 1257
73 1618
73 1808
73 1862
74 399
74 945
74 1072
74 1106
75 1177
75 1320
75 1463
76 486
76 801
76 869
76 1034
76 1091
76 1802
77 264
77 946
77 1190
77 1277
77 1893
77 1995
78 584
78 617
78 930
78 1421
78 1696
79 134
79 287
79 357
79 401
79 1122
79 1212
80 122
80 601
80 1339
80 1882
81 1006
81 1548
82 164
82 320
82 350
82 1648
82 1876
83 906
83 1115
83 1118
83 1378
84 415
84 609
84 1108
84 1561
84 1668
85 111
85 387
85 965
85 1153
85 1994
86 1453
86 1908
86 1934
87 174
87 836
87 1338
87 1522
87 1561
88 479
88 635
88 764
88 1528
88 1839
89 299
89 464
89 718
89 1300
90 769
90 1050
90 1552
90 1674
91 829
91 1201
91 1208
91 1285
91 1362
92 405
92 1294
93 578
93 606
93 609
93 1318
94 145
94 146
94 1666
94 1803
95 104
95 657
95 1341
95 1362
95 1910
96 322
96 411
96 643
96 1113
97 1069
98 509
98 575
98 1385
98 1397
99 437
99 777
99 886
99 1592
99 1668
100 170
100 476
100 1908
100 1966
101 615
101 766
101 776
101 1178
101 1238
101 1538
102 195
102 339
102 359
102 993
102 1148
102 1580
103 592
103 1009
103 1023
103 1044
103 1635
104 186
104 971
104 1687
104 1863
105 766
105 787
105 948
105 1212
105 1483
105 1850
106 817
106 1137
106 1160
106 1293
106 1718
107 318
107 571
107 832
107 1964
108 734
108 954
108 1311
108 1667
108 1870
109 347
109 555
109 616
109 881
109 906
109 1862
110 296
110 698
110 844
110 1494
110 1616
111 480
111 540
111 815
111 1009
111 1325
112 246
112 447
112 1050
112 1481
113 239
113 397
114 1585
114 1970
115 606
115 1025
115 1066
115 1375
115 1604
115 1759
115 1865
116 1528
116 1627
117 1397
117 1536
118 815
118 1870
118 1970
119 297
119 452
119 505
119 1065
119 1318
119 1364
119 1612
120 141
120 697
120 1208
120 1470
120 1630
120 1631
121 718
121 790
121 1280
121 1905
122 216
122 312
122 356
122 993
122 1180
122 1190
122 1648
122 1961
123 1235
123 1835
124 187
125 771
125 1101
125 1803
125 1882
126 755
126 1111
126 1112
126 1863
126 1876
127 658
127 771
127 978
127 1551
128 564
128 734
128 1349
128 1791
130 293
130 330
130 378
130 989
130 1078
130 1138
130 1479
130 1658
130 1713
131 573
131 625
131 996
131 1058
131 1230
131 1407
131 1458
132 215
132 239
132 464
132 573
132 654
132 702
132 1021
132 1452
132 1497
132 1538
132 1587
132 1676
133 180
133 403
133 550
133 1275
133 1919
134 627
134 1333
134 1610
134 1847
135 1478
135 1584
136 1081
137 154
137 1425
138 282
138 1452
139 176
139 391
139 440
139 1606
140 557
140 662
140 1245
140 1275
141 187
141 945
141 1059
141 1207
141 1234
142 377
142 955
142 1008
142 1366
142 1719
143 697
143 1282
143 1481
144 512
144 998
144 1031
144 1292
144 1893
145 224
145 439
145 947
145 1114
145 1196
145 1695
145 1739
145 1817
146 387
146 427
146 615
146 627
146 728
147 264
147 428
147 1344
147 1396
147 1877
148 286
148 504
148 1041
148 1166
148 1606
149 1776
149 1907
150 747
150 930
150 1342
151 651
151 1191
151 1245
152 557
152 951
152 953
152 1058
152 1386
153 695
153 699
153 1378
153 1512
154 1157
155 587
155 970
155 1056
156 537
156 1071
156 1382
156 1572
156 1583
157 278
157 310
157 347
157 757
157 947
157 1080
157 1297
158 554
158 1629
158 1710
158 1763
159 464
159 531
159 860
159 908
159 1849
160 446
160 795
160 1051
160 1317
160 1735
161 382
161 1018
161 1609
162 1436
162 1494
163 553
163 555
163 848
163 949
163 989
163 993
163 1101
163 1530
163 1670
163 1721
164 491
164 733
164 870
164 1655
164 1926
165 385
165 1433
165 1899
166 1083
166 1754
167 1651
167 1838
168 615
168 1483
168 1618
168 1846
169 773
169 1404
169 1475
169 1827
169 1933
170 496
170 904
170 1295
170 1714
171 318
171 480
171 542
171 1258
172 353
172 978
172 1217
172 1960
173 432
173 619
173 1330
173 1615
173 1843
174 235
174 981
174 1235
174 1830
175 264
175 1225
175 1605
176 410
176 1013
176 1772
177 460
177 837
177 1897
177 1902
178 445
178 766
178 895
178 993
178 1487
178 1964
179 628
179 693
179 1620
180 556
180 921
180 1447
180 1976
181 1488
181 1667
182 614
182 831
182 1052
182 1178
182 1367
182 1684
182 1918
183 313
183 754
183 1180
183 1222
183 1754
183 1755
183 1907
184 1080
185 205
185 262
186 271
186 385
186 401
186 1109
186 1333
187 206
187 434
187 659
187 1353
187 1467
188 1913
189 407
189 706
189 760
189 1024
189 1570
189 1694
189 1812
189 1980
190 269
190 672
190 896
190 902
190 1114
190 1189
190 1240
191 588
191 731
191 1581
191 1915
192 836
193 653
193 1317
193 1363
193 1818
194 429
194 737
194 937
194 1144
194 1421
195 714
195 1153
195 1359
195 1484
195 1828
196 325
196 619
196 760
196 804
196 1294
196 1527
196 1551
197 678
197 1147
197 1853
197 1895
198 201
198 418
198 447
198 1775
199 290
199 313
199 607
199 811
199 1812
200 653
200 1803
200 1888
201 210
201 756
201 1894
202 482
202 664
202 936
202 966
202 1254
202 1642
202 1663
202 1880
203 359
203 557
203 837
204 455
204 598
204 1147
204 1586
204 1721
204 1916
204 1974
205 667
205 820
205 1168
205 1776
206 451
206 721
206 1736
207 342
207 619
207 725
207 826
207 1724
208 472
208 552
208 984
208 1604
208 1809
209 373
209 495
209 1017
209 1115
209 1973
210 541
210 672
210 1428
210 1550
210 1980
211 509
211 856
211 1042
211 1515
212 309
212 578
212 698
212 729
212 1271
212 1485
212 1551
212 1762
213 481
213 556
213 674
213 1665
213 1985
214 785
214 1595
215 565
215 1199
215 1232
215 1363
215 1608
215 1629
215 1720
216 466
216 626
216 943
216 1084
216 1307
216 1693
217 767
217 1539
218 706
218 923
218 1076
218 1677
218 1942
219 310
219 710
219 872
221 1021
221 1147
221 1869
222 408
222 1097
222 1335
222 1808
223 247
223 456
223 561
223 627
223 713
223 1997
224 619
224 659
224 698
224 1068
224 1483
224 1499
224 1692
224 1757
225 296
225 335
225 790
225 1571
225 1801
225 1992
226 369
226 992
226 1553
226 1631
227 596
227 1100
227 1730
228 577
228 955
228 1414
228 1525
228 1846
229 350
229 543
229 1053
229 1870
230 446
230 1466
230 1634
231 356
231 947
231 1052
231 1072
231 1092
231 1326
231 1392
232 651
232 982
232 1250
232 1611
232 1621
233 1584
233 1979
234 446
234 934
234 1909
235 529
235 628
235 853
235 1376
235 1781
236 637
236 766
236 1118
237 671
237 1605
237 1720
238 254
238 293
238 427
238 857
238 1874
239 785
239 1878
239 1951
240 601
240 777
240 851
240 1142
240 1380
240 1415
240 1426
241 766
241 1346
241 1365
242 1786
243 247
243 506
243 932
243 1129
243 1577
244 532
244 989
245 1970
246 505
246 1107
246 1424
247 770
247 974
247 1181
247 1322
247 1580
247 1658
247 1669
248 416
248 719
249 1741
249 1879
250 289
250 402
250 420
250 616
250 1042
250 1394
250 1800
251 361
251 579
251 1136
251 1580
252 454
252 825
252 1335
252 1676
253 449
253 977
253 986
254 385
254 472
254 1535
254 1780
255 379
255 698
255 721
255 1436
255 1590
255 1599
256 616
256 980
256 1212
257 732
257 837
257 1020
257 1374
258 274
258 371
258 751
258 1573
258 1765
259 597
260 784
260 1511
260 1539
261 691
261 1659
261 1687
261 1690
261 1976
262 776
262 915
262 1153
262 1272
262 1818
263 449
263 1149
263 1784
264 728
264 779
264 1282
265 628
265 724
265 1481
265 1491
265 1737
265 1921
265 1926
266 1102
266 1464
266 1735
266 1905
267 1545
267 1855
267 1943
268 289
268 865
268 916
269 291
269 970
269 1154
269 1413
269 1784
270 772
270 1171
270 1285
270 1496
271 806
271 1076
271 1099
271 1687
272 694
272 996
272 1441
273 851
273 886
273 1805
273 1999
274 369
274 722
274 1601
275 1146
275 1833
276 1566
276 1623
277 732
277 903
277 1604
277 1859
277 1933
278 278
278 624
278 958
279 558
279 649
279 776
280 1047
280 1360
280 1593
281 487
281 1458
281 1551
281 1614
282 323
282 1343
283 463
283 588
283 602
283 981
283 1023
283 1063
283 1458
284 382
284 441
284 737
284 1609
284 1728
285 555
285 884
285 1176
285 1984
286 302
286 359
286 1191
286 1466
286 1498
286 1901
287 398
287 713
287 854
287 941
287 1495
288 424
288 1103
288 1106
288 1110
288 1370
288 1451
289 352
289 1372
289 1388
289 1583
289 1761
289 1914
289 1925
289 1930
290 439
290 714
290 1037
290 1809
291 1576
291 1994
292 871
292 1598
294 327
294 528
294 974
294 1255
294 1400
294 1402
294 1598
294 1640
295 316
295 708
295 790
295 874
295 1107
295 1324
295 1833
296 1260
296 1331
296 1470
297 594
297 715
297 717
298 823
298 984
298 1208
299 601
299 610
299 1660
299 1713
299 1780
299 1838
300 1505
300 1704
300 1833
301 330
301 482
301 1105
301 1169
301 1306
301 1607
302 1308
303 327
303 570
303 639
303 646
303 1732
303 1808
304 1549
305 1338
305 1911
306 327
306 585
306 850
306 962
306 1228
306 1367
306 1735
307 1368
307 1722
308 340
308 887
308 917
309 433
309 718
309 754
309 1010
309 1968
309 1997
310 614
310 762
310 789
310 901
310 913
310 1011
310 1044
310 1506
311 467
312 547
312 905
312 1781
313 400
313 939
313 1141
313 1807
313 1899
313 1975
314 626
314 948
315 450
315 589
315 1218
315 1220
315 1535
316 357
316 374
316 517
316 849
316 1793
316 1892
318 1973
319 480
319 1643
319 1869
320 856
320 1395
320 1701
320 1821
321 348
321 454
321 481
321 881
321 1768
322 1092
322 1383
323 342
323 544
323 587
323 1113
323 1510
323 1748
323 1898
324 1153
324 1691
325 380
325 575
325 731
325 1194
325 1320
325 1641
325 1645
325 1956
326 1934
326 1957
327 620
327 837
327 914
327 1044
328 359
328 599
328 1228
328 1768
329 1086
329 1458
329 1708
330 471
330 954
330 1639
331 718
331 1263
331 1484
332 1202
332 1314
333 590
333 1467
334 994
334 1256
334 1312
334 1416
334 1572
334 1682
335 351
335 726
335 945
335 1438
335 1878
335 1980
336 1511
336 1698
337 772
337 1949
338 681
338 708
338 741
338 1411
338 1688
338 1986
339 448
339 694
339 832
339 1762
339 1935
340 725
341 347
341 1508
341 1700
341 1918
342 383
342 1099
342 1127
342 1158
342 1248
342 1489
342 1512
342 1829
342 1865
343 1158
343 1228
343 1240
343 1371
343 1411
344 1079
344 1726
345 735
345 864
345 1374
345 1984
346 582
346 995
346 1137
346 1366
346 1902
347 445
347 754
347 1214
347 1310
347 1787
348 556
349 416
349 928
349 990
349 1145
349 1515
350 418
350 1405
351 396
351 432
351 491
351 1892
352 914
352 941
352 999
352 1478
353 821
354 396
355 416
355 701
355 872
355 878
356 621
356 630
356 814
356 1651
357 497
357 1316
357 1960
358 509
358 1188
358 1358
359 1338
359 1546
360 887
360 1091
360 1219
360 1781
360 1818
361 959
361 1118
361 1645
362 885
362 1914
363 515
363 894
363 1075
363 1635
363 1746
364 704
364 828
364 1397
364 1936
365 371
365 410
365 467
365 483
365 1513
365 1846
365 1851
367 1074
367 1439
367 1549
368 741
368 1102
368 1195
368 1508
368 1818
370 567
370 1037
370 1232
370 1235
370 1334
370 1877
371 523
371 1184
371 1203
373 1438
374 748
374 911
374 1122
375 498
375 532
375 908
375 1458
376 682
376 896
377 1099
377 1312
377 1905
378 1498
378 1567
378 1823
378 1905
378 1938
379 394
379 702
379 891
379 1122
380 583
380 587
380 799
380 806
381 490
381 1448
381 1562
382 563
382 930
382 1089
382 1243
383 580
383 1168
383 1369
384 737
384 1115
384 1233
384 1772
384 1962
385 490
385 993
385 1241
385 1808
385 1914
385 1972
386 900
386 1513
387 1723
387 1804
387 1832
387 1833
388 634
388 682
388 1681
389 586
389 671
389 945
390 464
390 1172
390 1222
390 1363
390 1462
390 1783
391 843
391 1439
391 1455
391 1971
392 829
392 930
392 941
392 1950
393 398
393 468
393 822
394 964
394 983
394 1212
394 1402
394 1479
395 397
395 484
395 1661
396 478
396 628
396 1630
396 1681
397 411
397 444
397 501
397 753
397 1027
397 1250
397 1283
398 670
398 720
398 1613
400 1195
401 411
401 906
401 1258
401 1295
401 1759
401 1765
402 1257
403 406
403 569
403 1384
403 1408
403 1796
404 490
404 595
404 1875
405 1165
405 1715
406 837
406 1471
406 1665
407 1340
407 1555
407 1793
408 557
408 600
408 636
408 914
408 954
408 1021
409 568
409 1218
409 1613
410 702
410 838
410 1200
410 1782
411 537
411 791
411 1195
411 1216
411 1660
411 1866
411 1921
412 1059
412 1578
413 756
413 1068
414 912
414 1331
414 1487
414 1587
415 659
415 1617
415 1645
415 1648
416 1929
417 1356
417 1867
418 886
418 1740
419 447
419 965
419 1374
419 1697
420 1207
420 1726
421 564
422 844
422 1254
423 916
423 1073
423 1407
423 1604
423 1715
423 1802
423 1848
423 1881
423 1980
424 1209
424 1295
425 491
425 615
426 519
426 710
426 1631
427 550
427 1000
428 480
428 1104
428 1229
428 1531
429 929
429 961
429 1298
430 574
430 909
430 1063
430 1537
430 1667
430 1929
431 623
431 998
431 1082
431 1259
432 800
432 1585
433 852
433 1398
433 1404
433 1910
434 519
434 1197
434 1465
434 1616
434 1723
434 1852
435 603
435 1890
435 1974
436 493
436 849
436 1807
436 1882
436 1971
436 1999
437 940
437 957
437 1274
437 1383
437 1422
438 576
438 1225
438 1752
439 1225
439 1573
440 494
440 1596
441 509
441 735
441 1826
441 1958
442 1046
442 1443
442 1885
443 947
443 980
443 1258
444 558
444 579
444 912
444 1130
445 669
445 777
445 1204
445 1628
446 560
446 1556
447 517
447 1153
447 1249
447 1494
447 1884
448 462
448 827
448 977
448 1046
448 1550
448 1768
449 452
449 668
449 697
449 1596
450 1512
450 1517
450 1699
450 1928
451 935
451 1284
451 1368
451 1812
452 484
452 712
452 983
452 1220
452 1634
452 1647
453 1263
455 474
455 1409
456 602
456 803
456 879
456 1341
456 1507
456 1730
457 631
457 787
457 986
457 1288
458 590
458 1179
458 1291
458 1633
459 1434
459 1499
459 1843
460 511
460 1022
460 1200
460 1407
460 1484
460 1790
461 785
461 1210
461 1533
461 1588
461 1663
461 1935
462 989
462 1111
462 1518
462 1852
463 681
463 1764
464 489
464 748
464 880
464 887
464 1519
465 1197
465 1439
465 1889
466 988
466 1505
466 1947
467 530
467 696
468 514
468 535
468 709
468 1691
469 740
469 1519
469 1982
470 592
470 972
470 1589
470 1706
470 1982
471 504
471 602
471 1315
471 1501
471 1502
471 1655
472 863
472 1035
472 1360
472 1413
472 1477
472 1581
473 1715
473 1870
474 556
474 940
474 1149
475 1756
477 566
477 1317
477 1820
478 1060
478 1068
478 1342
478 1461
478 1537
478 1969
479 886
479 940
479 946
479 1340
479 1561
479 1728
479 1803
480 707
480 867
481 559
481 1203
482 1014
482 1021
482 1069
482 1867
483 1155
483 1311
483 1503
483 1589
483 1645
484 1642
485 639
485 647
485 713
485 1155
486 504
486 556
486 600
486 616
486 1213
486 1216
486 1859
487 977
487 1146
487 1206
487 1992
488 491
488 646
488 785
488 1432
488 1856
489 872
489 1185
489 1429
489 1482
489 1984
490 1226
491 940
491 1114
493 550
493 676
493 804
493 1286
493 1685
493 1879
494 911
495 597
495 957
495 1292
495 1761
496 717
496 1374
496 1531
496 1620
497 1308
497 1748
498 753
499 1575
499 1655
500 793
500 1274
500 1369
500 1681
500 1893
500 1968
501 1015
501 1396
501 1525
501 1832
502 507
502 783
502 888
502 1591
502 1846
503 1264
503 1743
504 647
504 1440
504 1911
505 676
505 1263
505 1619
506 689
506 1547
507 1541
508 888
508 1608
509 591
509 618
509 667
509 837
509 1572
509 1853
510 1304
510 1706
510 1974
511 633
511 803
511 1576
511 1999
512 823
512 1088
512 1354
512 1439
512 1710
512 1987
513 1015
514 983
514 1150
514 1187
514 1551
515 1063
515 1559
515 1958
515 1983
516 556
516 901
516 1048
517 844
517 1577
518 663
518 845
518 976
518 981
518 1140
519 652
519 797
519 956
519 1014
519 1324
519 1376
519 1483
519 1524
519 1913
520 641
520 948
520 1021
520 1667
520 1926
521 834
521 896
521 1282
521 1694
521 1734
522 717
522 1190
522 1324
522 1827
523 1449
523 1629
523 1773
524 1030
524 1045
524 1159
524 1336
524 1601
524 1846
525 1142
525 1954
526 545
526 572
526 803
526 1247
526 1429
526 1780
527 1025
527 1151
527 1960
528 621
528 1172
529 846
529 1153
529 1371
529 1440
529 1630
530 563
530 608
530 699
530 1054
530 1959
531 1020
531 1396
531 1481
532 621
532 687
532 839
532 866
532 1244
532 1522
532 1824
532 1902
533 806
533 1180
533 1463
533 1624
534 1347
534 1596
534 1786
535 854
536 550
536 1299
536 1400
537 1706
538 853
538 1257
538 1774
539 1172
539 1627
539 1808
539 1942
540 831
540 851
541 896
542 1017
542 1082
542 1362
542 1443
542 1527
543 871
544 813
544 1412
545 1034
545 1500
545 1753
546 597
546 1257
546 1534
547 638
547 1307
547 1512
548 560
548 1818
549 851
549 917
549 1111
550 782
550 1299
550 1629
550 1946
551 595
551 727
551 1000
551 1277
551 1328
551 1474
551 1648
552 641
552 1161
552 1505
552 1938
553 1929
554 1651
554 1709
554 1731
555 811
555 1559
556 1530
556 1553
556 1626
557 1425
557 1590
557 1766
558 591
558 642
558 812
558 931
558 1203
559 1460
559 1510
560 618
560 658
560 1187
560 1206
560 1542
560 1904
561 771
561 1363
562 1144
562 1368
562 1380
562 1870
563 1039
564 564
564 671
564 675
564 1883
565 939
565 1835
566 634
566 719
566 1042
567 718
567 984
568 651
568 1327
568 1829
569 1047
569 1229
569 1375
569 1686
570 792
570 907
570 1841
571 1119
571 1166
572 967
572 1377
572 1917
573 857
573 1502
574 1570
575 843
575 1709
576 874
576 947
576 953
576 1744
577 749
577 946
577 1348
577 1556
578 1130
578 1393
579 703
579 1119
580 633
580 653
580 1032
580 1505
580 1870
580 1918
581 1671
581 1749
581 1755
581 1789
582 1205
582 1262
582 1471
582 1625
583 586
583 1284
583 1596
583 1948
583 1974
584 1477
584 1607
585 688
585 921
585 1087
586 874
587 590
587 857
587 971
587 999
587 1925
588 1567
588 1929
589 1546
590 1552
590 1880
591 690
591 1085
592 1261
592 1728
592 1926
593 720
593 851
593 1905
594 607
594 694
594 965
594 1987
595 1591
596 1398
596 1754
596 1975
597 1431
597 1701
597 1844
598 886
599 1246
599 1335
599 1849
600 701
600 777
600 827
600 963
600 991
600 1216
600 1329
600 1423
601 790
601 808
601 1079
601 1380
601 1768
602 1130
602 1356
602 1931
603 1280
603 1307
604 745
604 1769
605 768
605 1195
605 1352
606 1163
606 1667
606 1703
606 1873
607 960
607 1468
608 893
608 1111
608 1436
608 1651
609 1705
610 717
610 989
610 1043
610 1227
610 1305
610 1567
610 1878
611 855
611 1236
611 1446
611 1592
611 1991
612 1048
612 1634
613 801
613 1243
613 1581
614 686
614 1345
614 1951
615 648
615 880
615 940
616 1072
616 1114
616 1705
617 836
617 950
617 1302
617 1538
617 1602
618 1163
618 1254
618 1273
618 1543
620 732
620 769
620 1407
621 938
621 1131
621 1784
621 1980
622 760
622 796
622 899
622 1566
622 1778
622 1890
623 870
623 1004
623 1702
623 1791
624 730
624 1767
625 1930
625 1953
626 1961
627 1489
627 1501
628 1513
628 1795
629 870
629 1728
630 777
630 976
630 1406
630 1522
630 1690
631 783
631 1220
631 1802
631 1803
632 726
632 1348
632 1588
633 801
633 1162
633 1221
633 1857
634 837
634 1492
634 1765
634 1986
635 810
635 932
635 1146
635 1159
635 1247
635 1799
636 781
636 1245
637 1731
638 644
638 1128
638 1181
639 962
640 781
640 1394
640 1972
641 1779
642 660
642 1182
642 1359
642 1940
643 830
643 1023
644 786
645 933
645 963
646 1080
647 670
647 1041
647 1271
647 1575
647 1884
648 1197
648 1446
649 1022
649 1023
649 1044
649 1190
649 1405
649 1496
650 1788
650 1799
652 1399
652 1494
653 875
653 1108
653 1330
653 1441
653 1546
655 665
655 708
655 850
655 871
655 1138
655 1443
655 1501
656 890
656 934
657 1021
658 1107
658 1355
659 1628
659 1791
660 1005
660 1604
661 1255
661 1368
661 1929
662 1256
662 1566
662 1707
663 1856
664 986
664 1140
664 1326
665 1376
666 1997
667 1572
667 1765
668 1299
669 1228
670 736
670 760
670 1033
670 1037
670 1071
670 1881
671 850
671 1271
671 1470
672 944
672 1398
672 1881
673 765
673 1685
673 1925
675 1372
675 1734
675 1997
676 1175
676 1784
677 872
677 925
678 794
678 848
678 1186
678 1501
678 1536
678 1768
678 1795
678 1917
679 1397
679 1840
680 1370
680 1740
681 885
681 1301
681 1347
681 1465
682 828
682 1005
682 1592
682 1647
682 1938
683 1664
684 771
684 1962
685 772
685 960
686 765
686 797
686 997
687 1637
688 958
688 1943
689 999
689 1218
689 1250
689 1888
690 1673
691 1057
691 1749
691 1795
692 1053
693 755
693 1966
694 1502
695 1388
696 1176
697 1481
697 1680
697 1831
697 1948
698 1880
699 924
699 961
699 1589
699 1599
699 1981
700 736
700 818
700 896
700 900
700 1029
701 950
701 1606
701 1856
702 919
702 1834
702 1860
702 1887
703 751
703 1402
703 1800
703 1875
703 1888
704 720
704 1192
704 1618
705 1309
705 1957
705 1994
706 1246
706 1787
706 1850
707 838
707 1519
707 1911
708 752
708 968
709 1428
710 945
710 1052
710 1670
711 1175
711 1926
712 1695
712 1955
713 1450
714 805
714 1063
714 1531
714 1815
714 1831
715 757
715 930
715 1276
715 1574
715 1735
715 1867
716 796
716 856
716 1123
716 1202
716 1748
717 955
717 958
717 1078
717 1401
717 1760
717 1832
717 1842
718 1134
720 737
720 857
720 1971
721 1005
721 1260
721 1325
722 830
722 937
722 1023
722 1122
722 1460
722 1897
722 1995
723 956
723 1480
723 1528
725 763
725 855
726 727
726 1047
726 1239
726 1316
726 1548
726 1974
727 1215
727 1473
728 1052
728 1312
728 1588
729 1385
729 1516
729 1662
729 1772
730 815
730 867
730 1486
730 1949
730 1988
731 1203
731 1634
731 1904
732 913
732 1164
732 1253
732 1279
733 745
733 883
733 972
733 1056
733 1064
733 1097
733 1162
733 1513
734 860
734 1920
735 1283
735 1506
736 936
736 1236
736 1473
738 744
738 1024
738 1310
738 1669
738 1678
738 1877
739 859
739 1477
739 1726
739 1733
739 1798
740 1044
740 1573
740 1580
741 1548
742 1182
743 846
743 856
743 1181
743 1623
744 1006
744 1682
745 752
745 1081
746 749
746 804
746 1523
746 1862
747 823
747 1081
747 1292
747 1581
747 1650
747 1800
748 1531
749 1200
749 1597
750 1728
751 933
751 1442
751 1811
751 1858
752 961
752 1198
752 1419
752 1610
752 1904
753 1118
753 1319
753 1567
754 953
754 1385
754 1434
755 909
755 1128
755 1616
755 1735
755 1832
755 1974
756 767
756 768
756 1323
756 1763
757 933
757 1063
757 1508
757 1914
757 1973
758 957
758 1132
758 1146
758 1661
759 1364
759 1994
760 825
760 834
760 1695
761 879
761 1063
761 1436
761 1659
761 1711
761 1896
762 885
762 1030
762 1179
762 1709
762 1824
764 1532
764 1920
764 1952
765 813
765 999
765 1306
765 1422
765 1845
766 1189
767 1200
767 1506
767 1569
768 853
768 1022
770 975
770 1193
770 1246
771 862
771 1166
771 1633
772 1344
772 1543
772 1819
772 1839
772 1942
773 1642
774 996
774 1037
774 1597
774 1711
774 1821
775 1134
775 1162
775 1165
775 1904
776 1000
776 1003
776 1088
776 1128
776 1312
776 1572
776 1619
777 1203
777 1955
778 1595
779 1060
779 1704
779 1866
780 1038
781 871
782 1110
782 1776
783 934
783 1409
783 1469
783 1958
784 900
784 1394
784 1982
784 1989
785 1034
785 1424
785 1946
786 789
786 813
786 1173
786 1542
786 1940
787 865
787 1336
787 1454
787 1970
788 958
788 1581
789 977
789 1324
789 1335
789 1344
789 1827
790 1091
791 1144
792 1942
793 1116
793 1562
793 1581
793 1907
793 1973
794 835
794 1662
794 1787
794 1977
795 1365
795 1534
796 1007
796 1010
796 1485
796 1502
797 884
797 1538
798 1331
798 1627
799 866
799 1032
799 1282
799 1408
799 1940
799 1996
801 1497
803 852
803 1206
803 1280
803 1330
804 1124
804 1309
805 1550
806 1868
807 916
807 1346
807 1895
807 1953
808 823
808 1384
809 1341
810 908
810 1678
810 1679
810 1838
811 986
811 1065
811 1089
811 1124
811 1299
811 1586
811 1823
811 1860
811 1942
812 1033
812 1724
813 1188
813 1879
814 1585
814 1838
815 882
815 908
815 1070
815 1218
815 1414
815 1484
815 1647
816 890
816 1348
817 1155
817 1877
817 1933
817 1999
818 1417
818 1623
818 1648
819 1232
819 1751
819 1917
820 1562
820 1584
820 1640
821 1432
822 1124
822 1286
822 1660
822 1951
823 1209
824 913
824 1361
826 1147
826 1334
827 863
827 1202
828 1075
828 1320
828 1587
829 1393
829 1917
830 850
830 1060
832 910
833 1086
833 1538
834 1069
834 1188
834 1737
834 1805
836 1253
836 1722
837 973
838 838
838 932
838 951
838 988
838 1017
838 1780
839 878
839 1203
839 1268
840 1585
841 1122
841 1700
842 1027
842 1035
842 1424
843 903
843 1379
843 1527
843 1871
844 1612
844 1695
844 1870
845 987
845 1634
845 1804
846 1475
847 1200
847 1747
848 1972
849 1274
849 1686
849 1894
849 1942
849 1957
850 1123
851 1406
851 1556
852 1757
853 1043
853 1079
853 1144
853 1208
854 1020
854 1432
854 1670
854 1705
855 1063
856 1023
856 1664
856 1680
856 1764
856 1785
856 1980
857 1390
857 1455
858 868
859 1438
859 1630
860 1082
860 1149
861 966
861 984
861 1030
861 1070
861 1165
861 1224
861 1312
861 1911
862 1346
862 1540
862 1672
862 1742
863 1459
863 1654
863 1790
863 1952
864 1069
864 1343
864 1362
864 1830
864 1979
865 1853
865 1887
866 1202
866 1420
866 1626
867 1223
867 1278
867 1654
868 1944
869 892
869 1051
869 1362
869 1532
870 1199
870 1405
870 1982
871 1275
871 1399
872 1336
872 1400
872 1498
873 1090
873 1490
873 1627
873 1940
873 1959
874 1482
874 1597
874 1627
874 1965
875 898
875 1662
876 933
876 1235
876 1389
876 1552
877 1781
878 1293
878 1725
879 1713
880 1061
880 1632
881 1048
881 1450
881 1597
881 1819
881 1879
881 1947
882 1688
883 1115
885 1604
886 1204
887 1323
888 1175
888 1467
888 1530
889 994
889 1409
890 964
890 1103
890 1363
890 1953
891 1354
891 1846
892 986
892 1165
892 1265
893 1269
893 1416
894 896
894 1762
894 1987
895 1587
895 1912
895 1992
896 1000
896 1582
896 1960
897 1980
898 1160
898 1467
898 1510
898 1696
898 1881
899 936
900 944
900 1605
900 1682
901 1639
901 1654
902 1032
902 1426
902 1568
902 1753
903 1539
903 1577
903 1619
904 961
904 1715
904 1926
905 919
906 974
906 1589
906 1993
907 1108
907 1313
907 1991
908 1011
908 1602
908 1907
909 1363
910 1041
910 1797
911 1575
911 1962
912 1016
912 1291
912 1369
912 1549
913 1012
913 1713
913 1790
914 1589
914 1936
915 924
916 1803
918 1149
918 1697
918 1900
919 943
920 1029
920 1082
920 1965
921 1282
922 1706
923 976
923 1029
923 1526
924 976
924 1028
924 1629
924 1797
925 1295
925 1452
926 1129
926 1204
926 1222
926 1397
927 966
927 1062
927 1155
928 1097
928 1231
928 1483
928 1804
929 1377
929 1454
929 1611
930 940
930 1563
930 1965
931 1671
931 1751
932 1817
933 1207
933 1339
933 1939
934 1385
934 1584
936 1103
936 1159
936 1492
936 1766
937 1976
938 1147
939 1398
939 1527
939 1551
939 1820
939 1860
939 1996
940 1290
940 1380
940 1412
941 1927
943 994
943 1739
945 1299
945 1587
946 1492
947 1148
947 1422
947 1854
948 1181
948 1897
949 1023
949 1738
949 1748
949 1814
949 1911
950 958
950 1789
951 1048
951 1132
951 1904
952 1668
953 976
953 1203
953 1275
953 1978
954 1254
954 1334
954 1622
954 1921
955 1379
955 1563
956 1270
957 1053
957 1182
958 993
958 1007
958 1355
958 1379
958 1841
959 965
959 1016
959 1115
960 1074
960 1710
961 1312
961 1746
962 1387
962 1765
963 1115
963 1500
963 1535
964 1019
964 1403
964 1508
965 1101
966 1251
966 1596
967 1465
968 1162
969 1622
969 1718
969 1950
970 1132
970 1550
970 1993
971 1175
971 1227
971 1294
971 1433
971 1535
971 1886
971 1918
972 1108
972 1380
973 1122
973 1612
973 1657
973 1768
974 1584
974 1953
975 1332
975 1971
976 1440
976 1502
976 1774
976 1826
977 1469
977 1513
978 1424
978 1685
979 1086
980 1402
980 1826
980 1852
980 1911
981 1573
981 1605
982 1099
983 1105
983 1285
983 1438
983 1675
983 1831
984 1050
984 1262
984 1693
984 1700
984 1978
984 1996
985 1172
985 1394
986 1646
986 1805
986 1862
987 1287
987 1392
987 1631
987 1768
988 1000
988 1380
991 1045
991 1208
991 1532
991 1535
992 1984
993 1083
993 1112
994 1532
994 1611
994 1806
995 1017
995 1082
995 1804
995 1866
995 1908
996 1054
996 1433
996 1820
997 1184
997 1279
997 1620
998 1192
998 1972
999 1004
999 1612
1000 1539
1000 1703
1000 1776
1001 1289
1001 1581
1001 1683
1003 1004
1003 1747
1003 1794
1004 1213
1006 1022
1007 1556
1008 1563
1010 1190
1010 1804
1011 1512
1012 1269
1013 1119
1013 1219
1013 1651
1014 1680
1015 1148
1015 1367
1017 1081
1017 1320
1017 1387
1017 1475
1017 1536
1018 1387
1018 1510
1018 1931
1019 1512
1020 1067
1020 1416
1021 1321
1021 1359
1021 1770
1021 1883
1021 1943
1022 1033
1022 1402
1023 1220
1023 1377
1023 1773
1024 1040
1024 1160
1024 1170
1025 1720
1026 1382
1026 1550
1026 1641
1027 1214
1027 1403
1027 1440
1027 1484
1027 1638
1028 1653
1028 1823
1029 1547
1029 1658
1030 1155
1030 1220
1031 1084
1031 1324
1031 1472
1031 1638
1031 1783
1032 1722
1033 1321
1033 1593
1033 1792
1034 1380
1034 1785
1035 1475
1035 1643
1035 1720
1036 1166
1036 1240
1036 1472
1036 1901
1036 1919
1037 1368
1037 1562
1037 1817
1037 1896
1038 1142
1039 1818
1040 1380
1040 1785
1041 1467
1041 1698
1043 1167
1043 1543
1044 1321
1044 1407
1046 1104
1047 1411
1047 1772
1048 1562
1048 1733
1048 1823
1048 1984
1049 1764
1050 1054
1050 1367
1050 1373
1050 1436
1050 1582
1050 1608
1051 1302
1051 1956
1054 1327
1054 1579
1054 1681
1055 1306
1056 1213
1056 1658
1057 1399
1057 1661
1057 1759
1058 1070
1058 1598
1058 1687
1059 1102
1059 1106
1059 1788
1060 1130
1060 1559
1060 1666
1060 1873
1061 1118
1061 1211
1061 1373
1061 1974
1063 1293
1063 1337
1063 1501
1063 1507
1063 1995
1064 1676
1064 1677
1065 1147
1065 1435
1065 1670
1066 1338
1067 1173
1067 1414
1067 1675
1067 1896
1068 1264
1068 1654
1068 1822
1070 1331
1070 1510
1070 1519
1070 1739
1070 1904
1071 1468
1071 1536
1072 1269
1072 1590
1073 1103
1073 1827
1074 1089
1074 1173
1074 1869
1075 1988
1076 1092
1077 1109
1078 1543
1078 1670
1078 1736
1078 1763
1078 1960
1079 1495
1080 1843
1080 1880
1080 1998
1081 1097
1081 1572
1082 1776
1083 1084
1083 1113
1083 1961
1084 1423
1084 1733
1085 1133
1085 1168
1085 1581
1087 1380
1087 1888
1087 1970
1088 1152
1088 1285
1088 1360
1088 1413
1089 1130
1089 1339
1089 1910
1091 1375
1091 1528
1091 1939
1092 1301
1092 1833
1092 1966
1093 1295
1093 1572
1094 1462
1094 1718
1095 1665
1095 1902
1097 1171
1097 1901
1098 1116
1098 1293
1098 1652
1099 1788
1100 1475
1100 1971
1101 1353
1101 1818
1103 1434
1104 1155
1104 1417
1104 1525
1104 1938
1105 1249
1105 1419
1105 1444
1106 1134
1107 1107
1107 1377
1107 1622
1107 1931
1107 1943
1107 1991
1108 1157
1108 1548
1108 1925
1109 1748
1110 1346
1110 1365
1111 1649
1112 1699
1113 1725
1114 1492
1115 1269
1115 1276
1115 1683
1116 1190
1116 1426
1118 1442
1120 1241
1120 1819
1121 1125
1121 1761
1122 1340
1123 1290
1123 1453
1123 1603
1123 1986
1124 1201
1124 1423
1124 1579
1125 1428
1125 1959
1127 1530
1128 1215
1129 1923
1130 1432
1130 1513
1131 1570
1132 1351
1132 1516
1133 1896
1134 1811
1134 1830
1135 1222
1135 1928
1136 1786
1136 1996
1137 1971
1138 1358
1138 1590
1138 1787
1139 1529
1139 1663
1139 1671
1139 1690
1140 1177
1140 1409
1141 1273
1142 1782
1142 1811
1144 1200
1145 1150
1145 1384
1146 1465
1146 1567
1147 1830
1147 1922
1148 1309
1148 1389
1148 1774
1149 1521
1149 1525
1150 1204
1150 1447
1151 1454
1152 1642
1153 1678
1156 1411
1156 1579
1156 1777
1156 1976
1157 1177
1157 1853
1159 1321
1159 1990
1160 1284
1162 1954
1164 1213
1164 1318
1164 1354
1164 1607
1164 1792
1165 1357
1165 1556
1165 1593
1165 1755
1165 1772
1166 1601
1166 1828
1167 1865
1168 1594
1168 1977
1169 1865
1169 1904
1170 1677
1171 1355
1171 1362
1171 1498
1171 1814
1171 1908
1172 1290
1172 1942
1173 1463
1173 1978
1174 1589
1174 1606
1175 1308
1175 1317
1175 1360
1176 1590
1176 1681
1178 1311
1178 1612
1179 1914
1180 1294
1180 1556
1181 1732
1181 1802
1182 1199
1184 1365
1185 1235
1185 1332
1185 1971
1186 1414
1187 1413
1187 1712
1187 1763
1188 1583
1189 1276
1189 1371
1189 1873
1190 1286
1190 1342
1192 1277
1192 1434
1193 1392
1193 1941
1194 1218
1194 1296
1194 1393
1194 1654
1194 1843
1194 1863
1195 1933
1196 1414
1197 1369
1197 1822
1198 1202
1199 1921
1200 1741
1201 1521
1202 1728
1202 1746
1203 1206
1204 1280
1204 1346
1204 1673
1204 1958
1205 1340
1205 1757
1206 1701
1206 1961
1207 1379
1208 1215
1208 1721
1209 1426
1209 1692
1210 1891
1211 1282
1211 1381
1212 1662
1212 1883
1213 1283
1213 1447
1213 1482
1213 1486
1213 1873
1214 1725
1215 1468
1215 1609
1216 1222
1216 1231
1216 1731
1216 1970
1217 1693
1218 1343
1218 1901
1219 1651
1220 1283
1220 1421
1220 1913
1221 1767
1222 1565
1225 1504
1225 1509
1226 1391
1227 1725
1227 1866
1228 1231
1229 1480
1229 1779
1229 1938
1230 1285
1231 1387
1231 1712
1231 1766
1231 1778
1232 1687
1233 1886
1234 1613
1234 1616
1235 1577
1235 1609
1235 1635
1235 1667
1236 1679
1236 1765
1237 1252
1237 1656
1237 1724
1240 1664
1243 1394
1243 1694
1243 1772
1243 1896
1243 1943
1244 1489
1244 1821
1245 1481
1248 1276
1248 1755
1250 1731
1251 1953
1252 1750
1253 1348
1253 1474
1254 1274
1254 1466
1254 1817
1255 1953
1257 1260
1257 1493
1258 1960
1260 1981
1262 1318
1262 1840
1264 1600
1264 1669
1264 1748
1264 1871
1264 1874
1265 1310
1265 1405
1265 1439
1266 1535
1266 1636
1267 1740
1269 1276
1269 1891
1270 1312
1271 1418
1271 1649
1271 1956
1272 1272
1272 1442
1272 1960
1274 1942
1275 1300
1277 1537
1277 1830
1278 1603
1278 1889
1279 1720
1279 1886
1280 1358
1280 1512
1281 1318
1281 1457
1282 1451
1282 1923
1283 1476
1284 1636
1284 1741
1285 1318
1288 1472
1288 1533
1288 1540
1288 1807
1289 1650
1290 1356
1290 1504
1290 1508
1291 1768
1294 1618
1295 1584
1295 1741
1295 1845
1295 1878
1298 1461
1299 1394
1299 1968
1300 1610
1301 1386
1301 1461
1301 1958
1302 1576
1302 1813
1303 1660
1304 1483
1305 1525
1305 1686
1305 1842
1306 1342
1306 1803
1308 1679
1309 1871
1310 1486
1310 1969
1311 1539
1312 1958
1313 1355
1314 1974
1316 1353
1316 1409
1317 1444
1317 1845
1318 1324
1319 1323
1320 1729
1320 1789
1320 1810
1321 1532
1321 1587
1322 1686
1323 1761
1324 1906
1325 1374
1325 1874
1327 1934
1328 1880
1329 1403
1329 1469
1331 1656
1331 1685
1331 1988
1332 1948
1333 1722
1334 1363
1334 1719
1336 1810
1337 1594
1338 1575
1338 1641
1339 1499
1341 1676
1342 1458
1342 1520
1342 1823
1342 1843
1343 1921
1344 1502
1344 1640
1347 1493
1347 1966
1350 1742
1351 1420
1352 1925
1354 1854
1355 1951
1357 1435
1358 1816
1359 1432
1360 1610
1360 1632
1360 1640
1360 1675
1361 1446
1361 1551
1361 1700
1362 1930
1364 1489
1364 1584
1364 1697
1365 1911
1365 1992
1366 1687
1367 1724
1368 1755
1368 1956
1370 1383
1370 1408
1370 1490
1370 1783
1371 1374
1371 1529
1371 1686
1372 1490
1372 1964
1372 1973
1373 1710
1374 1627
1377 1576
1377 1684
1377 1749
1378 1859
1379 1397
1379 1638
1379 1934
1381 1696
1383 1604
1383 1787
1385 1532
1385 1574
1385 1784
1385 1979
1386 1801
1387 1548
1387 1942
1389 1668
1390 1816
1391 1693
1391 1793
1391 1826
1392 1629
1394 1688
1395 1773
1395 1842
1397 1650
1397 1783
1397 1842
1398 1626
1398 1636
1398 1768
1399 1511
1399 1815
1400 1626
1401 1582
1401 1723
1402 1586
1402 1687
1402 1737
1402 1924
1404 1690
1404 1962
1405 1731
1405 1916
1405 1944
1405 1947
1406 1663
1406 1954
1407 1657
1407 1793
1407 1977
1408 1916
1409 1609
1410 1861
1411 1796
1411 1842
1412 1615
1417 1603
1417 1863
1417 1974
1418 1698
1419 1498
1419 1552
1420 1520
1421 1508
1421 1781
1422 1831
1423 1423
1423 1596
1425 1606
1425 1780
1426 1435
1426 1534
1426 1542
1426 1854
1430 1495
1430 1955
1431 1881
1432 1585
1433 1743
1435 1488
1437 1892
1438 1443
1440 1888
1443 1676
1443 1697
1444 1563
1444 1576
1444 1754
1445 1749
1446 1510
1446 1658
1447 1787
1448 1584
1449 1564
1449 1620
1450 1530
1450 1715
1450 1789
1450 1809
1450 1813
1451 1789
1451 1943
1452 1720
1453 1760
1453 1968
1454 1504
1456 1876
1456 1889
1457 1553
1457 1696
1457 1910
1458 1577
1460 1578
1460 1775
1460 1829
1463 1630
1464 1798
1468 1533
1469 1871
1470 1486
1470 1624
1470 1875
1471 1654
1471 1960
1472 1579
1472 1867
1472 1952
1475 1653
1475 1803
1475 1952
1476 1546
1476 1884
1477 1619
1477 1659
1477 1852
1477 1856
1478 1574
1479 1626
1479 1912
1480 1671
1481 1562
1481 1637
1482 1501
1482 1522
1482 1537
1484 1787
1484 1896
1485 1972
1486 1647
1487 1624
1488 1798
1488 1976
1489 1949
1490 1982
1490 1983
1491 1792
1492 1592
1492 1898
1493 1909
1494 1970
1495 1523
1495 1781
1496 1577
1497 1498
1497 1737
1500 1608
1503 1642
1503 1709
1506 1966
1507 1865
1508 1750
1509 1744
1509 1873
1509 1877
1510 1634
1510 1818
1511 1636
1511 1856
1512 1835
1516 1719
1517 1526
1517 1954
1519 1590
1519 1602
1520 1664
1520 1715
1520 1806
1521 1590
1521 1729
1522 1905
1522 1961
1523 1525
1523 1582
1523 1808
1523 1964
1525 1652
1525 1833
1528 1589
1528 1719
1528 1721
1531 1780
1531 1994
1532 1613
1532 1696
1534 1930
1537 1696
1537 1750
1537 1846
1538 1567
1538 1609
1538 1960
1540 1574
1540 1928
1542 1810
1542 1974
1543 1561
1543 1622
1543 1764
1544 1939
1544 1982
1544 1995
1546 1635
1546 1724
1548 1600
1550 1894
1551 1909
1551 1942
1552 1656
1552 1999
1553 1571
1555 1744
1556 1642
1556 1955
1557 1710
1558 1811
1561 1998
1562 1619
1562 1840
1565 1608
1568 1955
1571 1754
1572 1779
1573 1618
1573 1666
1573 1857
1573 1905
1573 1913
1573 1985
1574 1675
1578 1722
1578 1894
1579 1717
1579 1874
1581 1666
1581 1788
1581 1981
1582 1586
1582 1822
1583 1899
1583 1939
1584 1984
1589 1705
1589 1948
1590 1635
1590 1698
1590 1708
1591 1991
1592 1968
1595 1773
1595 1895
1595 1923
1596 1924
1597 1817
1598 1989
1600 1707
1601 1898
1601 1923
1604 1732
1604 1824
1604 1909
1604 1999
1609 1835
1612 1703
1613 1753
1613 1766
1613 1982
1615 1678
1616 1888
1620 1684
1620 1782
1623 1853
1624 1980
1625 1875
1627 1824
1629 1784
1630 1890
1631 1791
1632 1931
1635 1857
1637 1767
1638 1844
1639 1644
1639 1679
1639 1712
1642 1752
1642 1827
1643 1657
1643 1943
1645 1777
1645 1879
1646 1655
1646 1758
1649 1704
1649 1825
1650 1706
1650 1841
1652 1676
1652 1686
1654 1840
1654 1899
1656 1730
1656 1915
1660 1771
1665 1699
1666 1745
1671 1755
1672 1808
1673 1876
1673 1955
1674 1806
1678 1795
1679 1808
1679 1809
1680 1934
1687 1956
1689 1752
1690 1846
1693 1747
1694 1731
1695 1828
1700 1906
1701 1917
1705 1727
1707 1756
1707 1829
1708 1859
1710 1740
1710 1992
1711 1781
1716 1864
1717 1823
1717 1960
1718 1728
1718 1730
1719 1823
1721 1940
1721 1948
1722 1793
1723 1726
1725 1878
1726 1961
1727 1771
1727 1970
1728 1802
1729 1805
1729 1930
1730 1964
1731 1955
1732 1951
1735 1937
1737 1963
1739 1959
1745 1821
1745 1904
1747 1899
1748 1774
1751 1916
1751 1975
1752 1852
1753 1989
1754 1852
1754 1965
1763 1903
1765 1883
1765 1963
1772 1942
1773 1821
1773 1828
1776 1989
1778 1881
1778 1922
1781 1888
1785 1886
1790 1946
1791 1995
1796 1862
1798 1991
1803 1885
1808 1819
1809 1935
1812 1894
1813 1893
1813 1936
1823 1987
1827 1952
1828 1981
1828 1985
1830 1918
1834 1877
1835 1980
1840 1892
1846 1936
1848 1875
1851 1901
1851 1971
1852 1872
1853 1872
1853 1915
1858 1944
1861 1981
1862 1947
1866 1924
1868 1947
1871 1941
1873 1919
1888 1971
1892 1954
1899 1909
1911 1971
1915 1987
1923 1965
1926 1959
1926 1991
1927 1954
1938 1990
1949 1993
1967 1968
1971 1986
1976 1984
