2000
0 627
0 777
0 1201
0 1207
0 1766
1 126
1 910
1 1165
1 1333
1 1423
1 1948
1 1997
2 329
2 414
2 577
2 863
2 1258
2 1576
2 1880
3 225
3 240
3 267
3 447
3 800
3 1128
3 1300
3 1350
3 1567
3 1681
3 1868
4 709
4 799
4 1253
4 1331
4 1432
4 1646
5 287
5 640
5 678
5 1037
5 1102
5 1210
5 1345
6 225
6 383
6 426
6 451
6 458
6 689
6 894
6 937
6 952
6 1008
6 1094
6 1113
6 1160
6 1866
7 254
7 318
7 597
7 1373
7 1510
7 1940
8 760
8 916
8 1141
9 69
9 151
9 1114
9 1470
9 1833
9 1923
9 1926
9 1982
10 279
10 302
10 831
10 1547
10 1852
11 179
11 206
11 296
11 459
11 772
11 1029
11 1353
11 1647
11 1919
11 1957
12 16
12 249
12 354
12 401
12 949
12 956
12 999
12 1018
12 1191
12 1260
12 1770
12 1784
13 103
13 212
13 401
13 518
13 689
13 713
13 921
13 1033
13 1261
13 1270
13 1697
14 197
14 339
14 1011
14 1152
14 1435
14 1503
14 1982
15 113
15 665
15 736
15 755
15 1077
15 1136
15 1525
15 1827
15 1929
16 33
16 138
16 205
16 560
16 576
16 664
16 1290
16 1458
16 1481
16 1858
16 1909
17 272
17 478
17 657
17 719
17 833
17 1026
17 1332
17 1490
17 1822
17 1937
18 124
18 125
18 263
18 460
18 506
18 558
18 1366
18 1638
18 1753
18 1996
19 721
19 779
19 1372
19 1754
19 1865
19 1977
19 1985
20 82
20 97
20 101
20 737
20 789
20 1038
20 1506
20 1740
20 1928
21 195
21 580
21 1089
21 1107
21 1549
21 1623
22 65
22 310
22 326
22 588
22 938
22 1193
22 1314
22 1336
22 1353
22 1447
22 1682
23 203
23 497
23 972
23 1074
23 1146
23 1168
23 1955
23 1965
24 95
24 139
24 379
24 1084
24 1392
25 682
25 1094
25 1116
25 1268
25 1402
25 1661
26 593
26 919
26 1672
26 1864
27 270
27 406
27 425
27 509
27 652
27 773
27 997
27 1108
27 1278
27 1512
27 1652
28 383
28 744
28 1332
28 1359
28 1848
29 314
29 579
29 815
29 1178
29 1385
29 1763
30 497
30 1004
30 1385
30 1732
30 1848
30 1902
31 328
31 464
31 769
31 790
31 1430
31 1431
31 1793
32 104
32 154
32 316
32 408
32 411
32 457
32 1402
32 1591
32 1616
32 1701
32 1734
32 1857
33 322
33 405
33 464
33 940
33 1296
33 1297
33 1315
34 689
34 704
34 1586
34 1721
35 63
35 219
35 293
35 712
35 866
35 994
35 1386
35 1565
36 47
36 519
36 775
36 1814
36 1924
36 1978
37 333
37 622
37 699
37 703
37 775
37 805
37 1359
37 1382
37 1625
37 1882
38 525
38 601
38 1333
38 1482
38 1500
39 247
39 379
39 406
39 455
39 791
39 1055
39 1330
39 1525
39 1812
40 332
40 422
40 646
40 958
40 1068
40 1214
40 1593
40 1813
41 97
41 110
41 115
41 457
41 744
41 782
41 1845
42 177
42 294
42 539
42 709
42 734
42 921
42 1009
42 1039
42 1227
42 1329
42 1682
42 1798
42 1954
43 178
43 358
43 714
43 810
43 838
43 971
43 1018
43 1081
43 1199
43 1543
43 1712
44 64
44 149
44 231
44 574
44 938
44 985
44 1012
44 1028
44 1218
44 1291
44 1777
45 462
45 613
45 1002
45 1097
45 1196
45 1479
45 1563
46 535
46 784
46 1696
47 548
47 575
47 577
47 654
47 715
47 720
47 1047
47 1468
47 1727
47 1975
48 319
48 569
48 756
48 1156
48 1230
48 1241
48 1639
48 1914
49 317
49 404
49 564
49 704
49 842
49 913
49 1446
49 1547
49 1992
50 160
50 309
50 338
50 991
50 1151
50 1220
50 1655
50 1714
50 1722
50 1818
50 1898
51 848
51 1046
51 1088
51 1249
51 1535
51 1847
52 217
52 967
52 1163
52 1399
52 1694
52 1789
52 1834
52 1881
53 102
53 480
53 1225
53 1276
53 1367
53 1654
53 1796
53 1995
54 121
54 307
54 490
54 607
54 648
54 724
54 807
54 841
54 869
54 872
54 943
54 1384
54 1404
54 1866
55 331
55 463
55 718
55 764
55 838
55 1080
55 1098
55 1112
55 1288
56 224
56 705
56 813
56 1004
56 1020
56 1514
56 1529
56 1568
57 483
57 765
57 974
57 1231
57 1269
57 1661
57 1722
57 1814
57 1874
58 246
58 274
58 277
58 432
58 434
58 436
58 438
58 732
58 900
58 932
58 1088
58 1178
58 1232
58 1397
58 1539
59 870
59 910
59 977
59 1693
60 312
60 475
60 562
60 612
60 647
60 811
60 1034
60 1291
60 1459
60 1654
60 1800
60 1841
61 143
61 471
61 613
61 781
61 864
61 1527
61 1576
61 1653
61 1667
61 1759
61 1811
62 293
62 406
62 466
62 816
62 933
62 1145
62 1169
62 1479
62 1772
63 73
63 76
63 81
63 679
63 890
63 904
63 972
63 987
63 1028
63 1227
63 1744
63 1977
64 101
64 277
64 414
64 1068
64 1453
64 1697
64 1907
64 1930
65 345
65 422
65 591
65 985
65 1411
65 1417
65 1609
65 1839
66 425
66 584
66 626
66 1018
67 478
67 1273
67 1484
68 297
68 604
68 732
68 964
68 972
68 1034
68 1360
68 1466
68 1788
69 273
69 758
69 1078
69 1260
69 1295
69 1306
69 1566
69 1756
69 1819
70 153
70 286
70 439
70 1103
70 1202
70 1421
71 292
71 808
71 1276
71 1499
71 1861
72 264
72 453
72 1112
72 1338
72 1369
72 1559
72 1648
73 960
73 969
73 1234
73 1988
74 108
74 198
74 275
74 428
74 497
74 524
74 1557
74 1606
74 1713
75 271
75 545
75 1270
75 1328
75 1562
75 1605
75 1973
76 324
76 358
76 662
76 715
76 874
76 1038
76 1199
76 1427
76 1507
76 1553
77 258
77 270
77 602
77 636
77 723
77 1195
77 1311
77 1452
77 1648
77 1716
77 1801
77 1889
78 148
78 596
78 621
78 780
78 942
78 1055
78 1121
78 1225
78 1727
79 224
79 438
79 1206
79 1324
79 1419
79 1445
79 1670
79 1733
80 226
80 240
80 513
80 536
80 606
80 886
80 1396
80 1404
80 1408
81 134
81 643
81 725
81 870
81 1103
81 1179
81 1755
82 464
82 511
82 1031
82 1142
82 1154
82 1506
82 1617
82 1708
82 1752
83 153
83 349
83 423
83 950
83 975
83 1248
83 1627
83 1668
83 1744
84 611
84 959
84 1178
84 1400
84 1433
84 1520
84 1603
84 1670
84 1711
85 1120
85 1231
85 1911
85 1978
85 1995
86 113
86 281
86 792
86 905
86 1596
86 1754
87 1576
87 1861
87 1871
88 397
88 778
88 838
88 887
88 927
88 1282
88 1311
88 1489
88 1800
89 202
89 540
89 602
89 932
89 1077
89 1284
89 1578
89 1658
89 1979
90 134
90 205
90 428
90 437
90 589
90 613
90 1059
90 1435
90 1489
90 1613
90 1668
91 93
91 197
91 290
91 468
91 1043
91 1407
92 349
92 421
92 766
92 932
92 1086
92 1399
92 1462
92 1899
93 1030
93 1688
94 161
94 371
94 526
94 537
94 629
94 976
94 1377
94 1629
95 451
95 886
95 1024
95 1035
95 1161
95 1459
95 1527
96 134
96 266
96 320
96 726
96 794
96 1052
96 1618
97 239
97 261
97 335
97 427
97 693
97 716
97 820
97 957
97 1121
97 1401
97 1547
97 1595
97 1966
97 1985
98 422
98 431
98 717
98 877
98 962
98 1006
98 1127
98 1688
99 373
99 440
99 685
99 813
99 825
99 1386
100 627
100 666
100 1660
100 1839
100 1852
100 1866
101 162
101 755
101 1299
101 1825
101 1989
102 117
102 154
102 456
102 658
102 929
102 1152
102 1535
102 1570
103 162
103 539
103 569
103 1110
103 1212
104 322
104 455
104 565
104 586
104 1098
104 1205
104 1290
104 1936
105 269
105 481
105 687
105 1041
105 1672
105 1768
106 698
106 709
106 804
106 1017
106 1068
106 1392
106 1776
106 1795
106 1908
107 351
107 380
107 432
107 436
107 802
107 847
107 991
107 1158
107 1175
107 1430
107 1786
108 893
108 1090
108 1124
108 1779
108 1935
108 1951
109 132
109 222
109 680
109 771
109 882
109 996
109 1834
109 1982
110 119
110 167
110 441
110 457
110 475
110 900
110 1070
110 1210
110 1692
110 1737
110 1882
111 424
111 542
111 552
111 634
111 938
111 1268
112 284
112 435
112 496
112 601
112 636
112 853
112 1180
112 1181
112 1182
112 1542
112 1884
112 1980
112 1989
113 163
113 382
113 438
113 511
113 759
113 1357
113 1400
113 1956
114 255
114 719
114 952
114 1105
114 1376
115 775
115 992
115 1188
115 1300
115 1390
115 1713
116 307
116 400
116 694
116 720
116 1100
116 1295
116 1582
116 1944
117 299
117 315
117 337
117 468
117 472
117 629
117 734
117 1249
117 1308
117 1888
117 1961
118 385
118 508
118 558
118 737
118 1224
118 1233
118 1348
118 1661
119 133
119 134
119 477
119 789
119 1528
119 1762
119 1997
120 710
120 1018
120 1445
120 1772
120 1923
121 291
121 479
121 1076
121 1252
121 1385
121 1391
121 1445
121 1728
122 149
122 259
122 291
122 647
122 1050
122 1305
122 1385
122 1529
122 1555
122 1765
122 1835
122 1913
122 1979
123 582
123 855
123 865
123 1006
123 1413
123 1931
123 1941
124 193
124 240
124 293
124 489
124 963
124 1410
124 1434
124 1917
125 163
125 180
125 301
125 1407
125 1528
125 1776
125 1783
126 147
126 708
126 1051
127 486
127 643
127 1138
127 1256
127 1781
127 1793
127 1882
128 433
128 527
128 950
128 1421
128 1542
128 1801
129 812
129 924
129 1721
130 437
130 472
130 587
130 622
130 1037
130 1327
130 1342
131 706
131 935
131 988
131 1366
131 1800
131 1922
132 1167
132 1797
133 742
133 1119
133 1240
133 1288
133 1553
134 146
134 185
134 411
134 441
134 831
134 833
134 1052
134 1090
134 1125
134 1165
134 1188
134 1241
134 1458
134 1893
135 303
135 889
135 1127
135 1131
135 1184
135 1344
135 1365
135 1393
135 1396
135 1635
135 1786
136 419
136 620
136 746
136 792
136 799
136 855
136 932
136 1461
136 1573
136 1918
137 1237
137 1345
137 1598
137 1709
137 1768
138 924
138 1117
138 1413
138 1581
138 1701
139 845
139 936
139 1000
139 1419
139 1492
139 1509
139 1616
140 141
140 627
140 680
140 706
140 794
140 1026
140 1069
140 1090
140 1697
141 580
141 964
141 1001
141 1024
141 1037
141 1098
141 1229
141 1285
141 1720
141 1797
142 307
142 405
142 416
142 499
142 520
142 562
142 801
142 904
142 941
142 1124
142 1168
142 1446
142 1610
142 1621
142 1622
142 1925
142 1927
143 144
143 187
143 981
143 1186
143 1223
143 1399
143 1432
143 1496
143 1793
143 1892
143 1908
143 1994
144 210
144 348
144 376
144 379
144 413
144 561
144 677
144 678
144 1012
145 266
145 579
145 846
145 1193
145 1507
145 1798
146 488
146 747
146 782
146 807
146 863
146 951
146 1149
146 1474
147 897
147 937
147 1046
147 1317
147 1413
147 1633
148 723
148 1185
148 1260
148 1536
148 1547
149 407
149 578
149 1825
149 1842
150 166
150 369
150 484
150 760
150 1581
151 152
151 300
151 423
151 1228
151 1232
151 1381
151 1463
151 1707
151 1857
151 1929
152 204
152 208
152 495
152 765
152 908
152 1004
152 1528
152 1631
152 1744
153 488
153 1361
153 1414
153 1578
153 1587
153 1683
153 1892
154 271
154 304
154 670
154 849
154 1714
154 1864
155 305
155 414
155 688
155 1089
155 1525
156 496
156 662
156 736
156 1120
156 1122
156 1414
156 1600
156 1705
156 1719
156 1734
156 1781
156 1860
157 380
157 400
157 545
157 901
157 1493
157 1494
157 1554
157 1887
158 316
158 381
158 406
158 978
158 980
158 1547
158 1777
158 1781
158 1978
159 159
159 293
159 600
159 683
159 998
159 1081
159 1766
159 1970
159 1998
160 202
160 296
160 469
160 564
160 744
160 1137
160 1209
160 1359
160 1481
160 1904
161 433
161 521
161 540
161 796
161 918
162 551
162 597
162 742
162 1464
162 1554
163 367
163 756
163 1508
163 1697
164 389
164 731
164 869
164 895
164 1021
164 1647
164 1848
165 500
165 556
165 717
165 788
165 994
165 1507
165 1703
166 728
166 1057
166 1347
166 1493
166 1822
167 179
167 607
167 1163
167 1675
167 1716
167 1852
167 1958
168 787
168 807
168 808
168 1125
168 1383
168 1401
168 1449
168 1450
168 1882
169 233
169 334
169 590
169 680
169 684
169 802
169 1883
169 1922
169 1942
170 350
170 467
170 617
170 897
170 1343
170 1625
170 1761
170 1767
170 1771
171 809
171 892
171 958
171 1110
171 1749
171 1792
172 324
172 349
172 704
172 906
172 1282
172 1324
172 1467
172 1472
172 1557
172 1814
173 394
173 427
173 458
173 814
173 1126
173 1307
173 1626
173 1697
173 1725
173 1728
173 1830
173 1965
174 332
174 342
174 1287
174 1346
174 1404
174 1643
174 1659
174 1829
175 279
175 1033
175 1258
175 1404
175 1926
176 325
176 582
176 626
176 1037
176 1480
176 1535
176 1600
176 1660
176 1694
176 1886
176 1959
176 1984
177 415
177 590
177 821
177 825
177 974
177 1431
177 1484
177 1766
177 1893
178 222
178 266
178 267
178 399
178 583
178 735
178 966
178 1393
178 1627
178 1713
178 1830
178 1947
179 517
179 535
179 597
179 630
179 876
179 1330
179 1864
180 512
180 562
180 618
180 839
180 1120
180 1237
180 1379
180 1817
181 191
181 247
181 710
181 909
181 996
181 1021
181 1092
181 1216
181 1287
182 205
182 275
182 432
182 452
182 459
182 813
182 1174
182 1234
182 1484
182 1726
183 637
183 958
183 963
183 1081
183 1267
183 1584
183 1744
183 1877
183 1967
184 279
184 362
184 422
184 586
184 1229
184 1457
184 1462
184 1467
184 1531
184 1595
184 1757
184 1848
184 1982
185 223
185 415
185 459
185 512
185 877
185 977
185 1190
185 1378
185 1463
185 1475
185 1889
186 284
186 1051
186 1137
186 1440
186 1470
186 1549
186 1556
186 1741
186 1756
186 1840
187 360
187 831
187 880
187 1503
188 773
188 1408
188 1412
188 1652
188 1861
188 1949
189 559
189 606
189 696
189 700
189 1012
189 1183
189 1625
190 218
190 492
190 788
190 872
190 1107
190 1148
190 1386
191 455
191 922
191 1149
191 1227
191 1283
192 684
192 686
192 1045
192 1146
192 1436
192 1824
192 1979
192 1988
193 344
193 452
193 1183
193 1278
193 1369
193 1522
193 1799
194 1035
194 1074
194 1475
194 1890
195 200
195 322
195 522
195 933
195 937
195 1215
196 270
196 407
196 451
196 1447
196 1515
197 204
197 620
197 729
197 742
197 747
197 1229
197 1337
197 1475
197 1544
198 240
198 351
198 765
198 1149
198 1249
198 1259
198 1356
198 1418
198 1581
199 386
199 576
199 1331
199 1508
199 1594
199 1692
200 440
200 634
200 744
200 1026
200 1233
200 1261
200 1264
200 1282
200 1576
200 1975
201 410
201 443
201 788
201 1645
202 358
202 687
203 274
203 596
203 638
203 769
203 1507
203 1590
203 1742
203 1782
203 1874
204 1213
204 1360
204 1526
204 1847
205 332
205 523
205 645
205 1128
205 1177
205 1526
205 1704
205 1729
206 300
206 555
206 581
206 591
206 651
206 924
206 1000
206 1354
206 1463
206 1935
207 939
207 1140
207 1322
207 1346
207 1492
207 1602
208 620
208 711
208 745
208 773
208 798
208 925
208 930
208 1154
208 1673
208 1726
208 1832
208 1936
208 1991
209 470
209 630
209 657
209 1073
209 1410
209 1529
209 1842
209 1985
210 305
210 434
210 716
210 937
210 948
210 1079
210 1102
210 1144
210 1311
210 1322
210 1428
210 1480
210 1508
210 1608
210 1914
211 438
211 901
211 908
211 1190
211 1206
211 1825
212 1368
212 1811
212 1886
213 253
213 492
213 500
213 573
213 1237
213 1265
213 1480
213 1626
213 1795
213 1800
213 1813
213 1897
214 643
214 770
214 1030
214 1118
214 1191
214 1439
214 1696
214 1819
215 323
215 563
215 770
215 1159
215 1719
215 1939
216 339
216 397
216 710
216 898
216 1018
216 1525
217 428
217 448
217 873
217 891
217 896
217 1341
217 1652
217 1704
217 1733
217 1918
217 1930
218 1292
218 1327
218 1674
218 1748
218 1868
219 335
219 396
219 823
219 1485
219 1635
220 248
220 277
220 445
220 483
220 493
220 607
220 969
220 1114
220 1189
220 1267
220 1304
220 1696
220 1859
221 304
221 322
221 376
221 1203
221 1269
221 1453
221 1458
222 1210
222 1330
222 1595
222 1708
223 336
223 696
223 732
223 822
223 1135
223 1189
223 1401
223 1463
223 1655
223 1893
223 1982
224 292
224 337
224 499
224 1075
224 1219
224 1451
224 1612
225 653
225 654
225 809
225 1003
225 1027
225 1414
225 1863
225 1864
226 348
226 383
226 388
226 521
226 869
226 920
226 932
226 1268
226 1615
227 586
227 840
228 309
228 898
228 1059
228 1485
228 1505
229 311
229 600
229 715
229 785
229 1237
229 1286
229 1290
229 1510
229 1691
229 1726
230 268
230 523
230 698
230 821
230 1299
230 1461
230 1510
230 1723
230 1846
231 245
231 344
231 473
231 1075
231 1081
231 1212
231 1333
231 1643
232 722
232 841
232 1102
232 1287
232 1400
232 1599
233 241
233 243
233 307
233 513
233 627
233 993
233 1143
233 1346
234 1202
234 1317
234 1364
234 1683
234 1740
234 1901
234 1958
235 294
235 327
235 679
235 869
235 1193
235 1218
235 1488
235 1948
235 1958
236 553
236 922
236 1138
236 1745
236 1770
237 263
237 1112
237 1669
237 1948
237 1968
238 289
238 317
238 320
238 486
238 662
238 928
238 953
238 1527
238 1593
238 1837
239 494
239 606
239 822
239 1033
239 1284
239 1427
239 1481
240 416
240 509
240 512
240 514
240 541
240 745
240 1115
240 1431
240 1993
241 328
241 548
241 661
241 822
241 1049
242 404
242 724
242 1080
242 1665
242 1844
242 1961
243 502
243 611
243 752
243 794
243 874
243 1077
243 1225
243 1386
243 1570
243 1894
244 454
244 608
244 1149
244 1173
244 1229
244 1230
244 1403
244 1465
244 1597
245 388
245 406
245 692
245 834
245 1000
245 1216
245 1454
245 1492
245 1913
245 1975
246 447
246 942
246 1127
246 1153
246 1192
246 1592
246 1605
246 1869
246 1961
246 1994
247 285
247 649
247 1434
247 1585
247 1797
247 1932
248 248
248 369
248 848
248 1022
248 1547
248 1602
249 305
249 332
249 386
249 535
249 1205
249 1457
249 1533
249 1641
249 1695
249 1727
249 1890
250 519
250 770
250 1002
250 1098
250 1166
250 1249
250 1573
250 1806
251 880
252 275
252 666
252 676
252 705
252 709
252 807
252 1135
252 1509
252 1551
253 275
253 379
253 519
253 1247
253 1360
253 1877
254 296
254 307
254 912
254 993
254 1054
254 1781
255 299
255 386
255 1062
255 1501
255 1551
255 1571
255 1725
256 336
256 587
256 823
256 1067
256 1499
256 1777
256 1854
257 324
257 566
257 685
257 724
257 856
257 902
257 1399
257 1476
257 1498
257 1697
257 1965
258 260
258 350
258 357
258 504
258 592
258 1704
258 1807
258 1865
259 401
259 429
259 1040
259 1189
259 1581
259 1586
259 1678
260 1251
260 1286
260 1359
260 1398
260 1676
260 1726
260 1871
260 1880
261 699
261 870
261 915
261 1123
261 1352
261 1459
261 1659
261 1692
261 1883
261 1990
262 308
262 348
262 1049
262 1097
262 1333
262 1464
262 1685
262 1936
263 1356
263 1543
264 498
264 757
264 766
264 788
264 838
264 842
264 872
264 1222
264 1267
264 1336
264 1570
264 1581
264 1913
264 1997
265 637
265 950
265 1458
265 1557
265 1796
265 1825
265 1954
266 493
266 655
266 843
266 930
266 1115
266 1293
266 1430
266 1592
266 1675
266 1751
267 574
267 587
267 827
267 896
267 1013
267 1068
267 1346
268 966
268 1255
268 1549
268 1815
269 391
269 726
269 1199
269 1222
269 1310
269 1449
269 1574
269 1939
270 280
270 300
270 728
270 1121
270 1427
270 1777
271 1430
271 1517
271 1760
271 1816
271 1931
272 483
272 665
272 739
272 806
272 1343
272 1630
273 304
273 466
273 1257
273 1390
273 1469
273 1537
274 359
274 610
274 682
274 817
274 1335
274 1555
274 1683
274 1932
275 507
275 1091
275 1241
275 1359
276 319
276 348
276 359
276 479
276 548
276 1209
276 1232
276 1909
277 1051
277 1085
277 1683
277 1949
278 415
278 920
278 1081
278 1233
278 1536
278 1672
278 1756
279 438
279 536
279 741
279 760
279 931
279 1179
279 1786
279 1890
279 1963
280 669
280 1565
280 1939
281 301
281 633
281 748
281 772
281 1439
281 1674
282 397
282 561
282 577
282 721
282 744
282 873
282 1078
282 1479
282 1644
282 1713
283 332
283 417
283 669
283 1191
283 1565
283 1688
283 1722
284 315
284 372
284 932
284 934
284 1489
284 1778
285 376
285 539
285 561
285 990
285 1158
285 1162
285 1673
285 1760
285 1859
286 463
286 1843
287 400
287 571
287 797
287 827
287 829
287 924
287 1414
287 1500
287 1993
288 883
289 445
289 1023
289 1081
289 1343
289 1508
289 1829
289 1931
289 1960
290 338
290 538
290 571
290 596
290 610
290 726
290 1180
290 1314
290 1492
291 293
291 384
291 635
291 1153
291 1481
291 1937
292 456
292 1093
292 1312
292 1426
292 1998
293 371
293 465
293 514
293 623
293 764
293 769
293 818
293 1151
293 1588
293 1673
293 1758
293 1922
294 294
294 733
294 838
294 1222
294 1242
294 1707
294 1827
294 1872
295 394
295 835
295 967
295 1035
295 1112
295 1356
295 1631
296 578
296 617
296 1260
296 1764
297 312
297 328
297 464
297 1217
297 1775
297 1812
298 690
298 994
298 1199
298 1585
298 1957
299 439
299 1173
299 1450
300 559
300 685
300 767
300 800
300 1067
300 1222
300 1224
300 1704
301 551
301 1695
301 1731
301 1793
302 307
302 359
302 581
302 596
302 728
302 755
302 1209
302 1345
302 1710
303 582
303 1059
303 1209
303 1421
304 439
304 590
304 893
304 903
304 1442
304 1896
305 1054
305 1586
305 1599
305 1856
306 660
306 735
306 749
306 775
306 818
306 1058
306 1301
306 1361
306 1972
307 741
307 818
307 1007
307 1231
307 1267
307 1333
307 1369
307 1741
307 1807
308 609
308 960
308 1044
308 1482
308 1555
309 409
309 466
309 589
309 780
309 920
309 1405
309 1675
310 802
310 996
310 1225
310 1358
310 1399
310 1448
310 1575
310 1599
310 1800
310 1963
311 381
311 533
311 750
311 799
311 833
311 1025
311 1423
311 1424
311 1555
311 1591
311 1737
311 1898
311 1908
311 1959
312 393
312 414
312 994
312 1017
312 1096
312 1124
312 1127
312 1220
312 1257
312 1467
312 1520
312 1623
313 364
313 1097
313 1172
313 1181
313 1208
313 1272
313 1669
313 1813
314 605
314 895
314 1308
314 1771
314 1966
315 319
315 458
315 945
315 985
315 1051
315 1229
315 1292
315 1535
315 1754
316 699
316 843
316 932
316 987
316 1218
316 1631
316 1892
317 635
317 743
317 1084
317 1442
317 1740
317 1869
317 1916
317 1923
318 398
319 548
319 650
319 682
319 690
319 1073
319 1084
319 1262
319 1297
319 1443
319 1854
319 1907
320 609
320 1179
320 1189
321 812
321 994
321 1259
321 1284
321 1384
321 1832
321 1879
322 638
322 642
322 978
322 1056
322 1306
322 1432
322 1828
322 1900
322 1921
322 1953
323 332
323 416
323 947
324 324
324 360
324 381
324 628
324 834
324 846
324 959
324 1113
324 1288
325 361
325 376
325 534
325 843
325 1100
325 1191
325 1327
325 1437
325 1796
326 378
326 564
326 925
326 1062
326 1106
326 1207
326 1208
326 1237
326 1583
326 1728
327 450
327 453
327 458
327 611
327 731
327 1097
327 1163
327 1623
328 571
328 859
328 949
328 1663
328 1681
328 1810
329 406
329 485
329 629
329 710
329 951
329 1194
329 1929
329 1952
330 445
330 581
330 921
330 992
330 1109
330 1329
330 1399
331 354
331 422
331 446
331 707
331 1146
331 1299
331 1535
331 1588
331 1825
332 423
332 538
332 1014
332 1029
332 1203
332 1225
332 1496
332 1593
332 1738
332 1853
333 355
333 531
333 664
333 754
333 857
333 979
333 1267
333 1627
334 725
334 804
334 1001
334 1083
334 1354
334 1538
334 1612
334 1777
334 1792
334 1885
335 381
335 427
335 568
335 616
335 1166
335 1376
335 1434
335 1566
335 1762
335 1982
335 1985
336 555
336 861
336 955
336 1185
336 1457
336 1582
336 1640
336 1746
336 1862
337 407
337 432
337 539
337 957
337 1876
338 362
338 408
338 698
338 713
338 877
338 1213
338 1343
338 1476
338 1673
338 1690
339 849
339 955
339 1391
339 1942
340 609
340 968
340 1161
341 437
341 1086
341 1419
341 1431
341 1609
341 1730
342 601
342 1526
343 649
343 951
344 624
344 865
344 903
344 1247
344 1481
344 1531
344 1618
345 570
345 594
345 1056
345 1418
345 1514
345 1563
345 1790
345 1980
346 429
346 944
346 1009
346 1107
346 1109
346 1404
346 1511
347 385
347 507
347 826
347 1044
347 1489
347 1546
347 1643
348 368
348 409
348 502
348 1032
348 1255
348 1831
348 1909
349 361
349 431
349 524
349 903
349 1561
349 1837
349 1966
350 519
350 1078
351 463
351 567
351 1197
352 773
352 922
352 944
352 1918
352 1994
353 454
353 913
353 1121
353 1616
353 1903
353 1978
354 461
354 556
354 589
354 821
354 891
354 912
354 1654
355 482
355 1027
355 1112
355 1118
355 1755
355 1888
356 490
356 643
356 797
356 971
356 1294
356 1768
357 570
357 706
357 753
357 896
357 1105
357 1209
357 1562
357 1579
358 414
358 749
358 849
358 1023
358 1079
358 1199
359 437
359 592
359 638
359 639
359 682
359 1258
359 1868
360 389
360 450
360 465
360 524
360 1121
360 1725
361 570
361 1006
361 1214
361 1457
362 393
362 450
362 532
362 695
362 905
362 957
362 1045
362 1308
362 1455
362 1729
362 1884
363 880
363 940
363 1405
363 1481
363 1512
363 1680
364 576
364 1097
364 1351
364 1596
365 388
365 614
365 620
365 649
365 659
365 857
365 945
365 978
365 1088
365 1107
365 1503
365 1528
365 1702
365 1887
366 749
366 1801
366 1873
367 739
367 1177
368 463
368 802
368 1211
369 580
369 608
369 611
369 631
369 1961
370 1123
370 1986
371 458
371 937
371 1195
371 1495
371 1971
372 685
372 1970
373 1058
373 1074
373 1084
373 1269
373 1285
373 1296
373 1644
373 1698
373 1721
374 601
374 680
374 1013
374 1033
374 1342
374 1418
374 1748
374 1751
375 523
375 1157
375 1262
375 1950
376 684
376 789
376 1200
376 1274
376 1789
377 612
377 925
377 1266
377 1738
378 810
378 1798
379 449
379 630
379 1286
379 1595
379 1841
379 1907
379 1918
380 415
380 725
380 1059
380 1206
380 1229
380 1499
380 1915
381 393
381 631
381 732
381 745
382 414
382 648
382 1181
382 1355
382 1365
382 1411
382 1497
382 1731
382 1823
383 497
383 810
383 928
383 1034
383 1151
383 1960
383 1968
384 760
384 994
384 1386
384 1523
384 1625
385 500
385 613
385 710
385 762
385 780
385 1369
385 1392
385 1452
385 1506
385 1556
385 1602
385 1757
385 1837
385 1925
386 387
386 765
386 803
386 1072
386 1178
386 1270
386 1655
387 1045
388 898
388 988
388 1656
388 1815
389 517
389 804
389 811
389 843
389 1070
389 1207
389 1417
389 1563
389 1599
389 1942
389 1946
390 440
390 998
390 1092
390 1146
390 1261
390 1316
390 1378
390 1441
390 1482
390 1882
391 399
391 513
391 642
391 703
391 911
391 1159
391 1206
391 1993
392 641
392 874
392 1055
392 1157
392 1259
392 1553
392 1561
392 1563
392 1835
393 734
393 973
393 1034
393 1445
393 1455
393 1842
394 515
394 1071
394 1298
394 1344
394 1478
394 1588
394 1989
395 1074
395 1752
395 1977
396 515
396 1373
396 1627
396 1703
396 1713
396 1950
397 478
397 612
397 715
397 746
397 1028
397 1037
397 1220
397 1420
398 1232
398 1377
398 1675
398 1861
398 1989
399 504
399 630
399 719
399 759
399 1034
399 1200
399 1374
400 483
400 655
400 803
400 1335
400 1430
400 1502
400 1546
400 1721
400 1902
401 1015
401 1244
401 1582
401 1695
401 1843
402 644
402 687
402 1584
402 1663
402 1857
402 1918
402 1953
403 584
403 670
403 1048
403 1153
403 1181
403 1308
403 1640
403 1675
404 663
404 878
404 994
404 1105
404 1238
404 1900
405 773
405 1312
405 1676
405 1852
406 572
406 635
406 1102
406 1390
406 1437
407 464
407 515
407 870
407 1684
407 1734
407 1765
407 1909
408 485
408 608
408 1351
408 1652
408 1890
408 1960
409 485
409 768
409 926
409 1022
409 1516
410 523
410 744
411 442
411 448
411 639
411 718
411 881
411 1169
411 1322
411 1660
411 1925
412 497
412 578
412 933
412 1041
412 1210
412 1763
412 1962
413 521
413 631
413 1060
413 1147
413 1720
413 1959
414 571
414 576
414 731
414 996
414 1489
415 439
415 696
415 969
415 1084
415 1222
415 1401
415 1538
415 1758
415 1906
416 603
416 905
416 978
416 1141
416 1188
416 1311
416 1565
417 653
417 825
417 841
417 1241
417 1253
417 1355
417 1415
417 1429
417 1732
417 1986
418 429
418 726
418 770
418 894
418 1019
418 1201
419 669
419 743
419 843
419 1019
419 1092
419 1436
419 1746
420 425
420 1054
420 1101
420 1344
420 1737
421 590
421 1418
421 1668
421 1804
421 1813
421 1890
422 677
422 697
422 715
422 751
422 777
422 1124
422 1246
422 1295
422 1627
422 1666
422 1668
422 1788
422 1811
423 998
423 1077
423 1312
423 1495
423 1830
423 1875
424 450
424 795
424 806
424 826
424 931
424 1051
424 1173
424 1329
424 1582
424 1898
425 579
425 954
425 965
425 1226
425 1422
425 1848
425 1989
425 1998
426 1154
426 1257
426 1510
427 498
427 612
427 893
427 1343
427 1523
427 1616
427 1968
428 452
428 466
428 503
428 666
428 905
428 1413
429 446
429 662
429 788
429 903
429 951
429 1008
429 1069
429 1159
429 1590
430 518
430 790
430 833
430 1414
431 850
431 1056
431 1219
431 1733
431 1852
432 791
432 820
432 878
432 904
432 972
432 1056
432 1289
432 1356
432 1642
432 1775
433 527
433 945
433 986
433 1799
433 1832
434 513
434 536
434 1566
434 1688
434 1775
435 718
435 889
435 951
435 1149
435 1457
435 1673
436 547
436 732
436 1097
436 1170
436 1179
436 1453
436 1801
437 475
437 696
437 911
437 935
437 1311
437 1347
438 509
438 799
438 950
438 1066
438 1320
438 1581
438 1643
438 1682
438 1932
439 1387
439 1563
439 1633
439 1790
439 1845
439 1883
440 625
440 1380
440 1740
440 1986
441 593
441 789
441 1108
441 1271
441 1323
441 1368
441 1458
441 1971
442 449
442 612
442 766
442 814
442 1651
442 1849
442 1872
443 505
443 966
443 1555
443 1860
444 561
444 1525
444 1819
445 576
445 603
445 903
445 1154
445 1407
445 1674
445 1689
445 1812
446 696
446 1420
446 1461
446 1596
446 1872
447 655
447 692
447 894
447 1074
447 1078
447 1174
447 1572
447 1808
448 512
448 614
448 620
448 1407
448 1475
448 1860
449 536
449 590
449 1012
449 1166
449 1364
449 1925
450 630
450 713
450 786
450 931
450 1334
450 1930
451 540
451 1615
451 1925
451 1974
451 1989
452 592
452 840
452 1002
452 1080
452 1333
452 1582
452 1659
452 1923
452 1942
453 896
453 1276
453 1485
453 1536
453 1891
454 646
454 797
454 1194
454 1450
454 1811
454 1833
455 593
455 1475
456 1051
456 1178
456 1402
456 1478
456 1620
457 459
457 530
457 1745
457 1783
458 504
458 759
458 968
458 1217
458 1339
458 1690
458 1868
459 1034
459 1242
459 1463
459 1709
459 1768
460 517
460 942
460 1117
460 1302
460 1819
460 1971
461 819
461 1073
461 1669
461 1884
462 554
462 569
462 726
462 1192
462 1231
462 1553
462 1898
463 673
463 771
463 834
463 1038
463 1604
464 616
464 861
464 914
464 1230
464 1287
464 1520
465 474
465 534
465 616
465 811
465 950
465 1161
465 1214
465 1324
466 662
466 1071
466 1136
466 1617
466 1767
466 1970
467 641
467 662
467 781
467 889
467 1338
467 1442
467 1476
468 576
468 803
468 1075
468 1206
468 1658
469 545
469 875
469 1004
469 1129
469 1671
469 1820
470 707
470 1017
470 1079
470 1639
470 1813
471 709
471 968
471 1092
471 1216
471 1254
471 1779
471 1988
472 634
472 702
472 822
472 829
472 1035
472 1068
472 1206
472 1957
473 545
473 870
473 918
473 1191
473 1439
473 1555
473 1691
473 1711
473 1782
473 1825
474 864
474 1639
475 706
475 976
475 1184
475 1185
476 977
476 993
476 1098
476 1167
476 1512
476 1628
476 1697
476 1758
476 1770
477 655
477 864
477 886
477 952
477 1039
477 1085
477 1191
477 1429
477 1714
477 1918
478 655
478 738
478 948
478 1093
478 1374
478 1666
478 1795
479 585
479 608
479 772
479 1235
479 1268
479 1503
479 1546
480 529
480 573
480 1228
480 1337
480 1750
481 1254
481 1323
481 1532
481 1594
481 1626
481 1851
481 1949
482 833
482 949
482 1042
482 1380
482 1451
482 1640
482 1833
483 600
483 717
483 891
483 1012
483 1087
483 1381
483 1996
484 815
484 1187
484 1330
484 1363
484 1569
484 1950
485 605
485 1295
485 1452
485 1708
485 1721
485 1723
486 562
486 851
486 914
486 977
486 1012
486 1254
486 1330
486 1427
486 1451
486 1629
486 1680
486 1875
486 1964
487 741
487 1138
487 1489
487 1713
487 1865
488 594
488 633
488 1121
488 1293
488 1484
488 1676
488 1967
489 616
489 669
489 751
489 1027
489 1105
489 1326
489 1365
489 1872
490 828
490 942
490 1195
490 1258
490 1361
491 622
491 633
491 1130
491 1409
491 1531
491 1717
491 1823
491 1831
491 1874
491 1933
492 509
492 831
492 1424
493 811
493 1113
493 1626
494 537
494 845
494 947
494 1007
494 1226
494 1513
495 625
495 749
495 927
495 934
495 1225
495 1248
495 1541
495 1554
495 1641
495 1700
495 1928
496 967
496 1475
496 1614
497 998
497 1146
497 1174
497 1676
497 1688
497 1917
498 971
498 1197
499 1807
499 1968
500 1116
500 1257
500 1314
500 1322
500 1376
500 1411
500 1738
501 535
501 867
501 924
501 1230
501 1400
502 506
502 573
502 666
502 1043
502 1149
502 1269
502 1306
502 1452
502 1462
502 1923
503 922
503 962
503 1061
503 1464
503 1716
503 1723
503 1856
504 514
504 762
504 816
504 1077
504 1360
504 1575
504 1786
504 1974
505 716
505 819
505 922
505 1243
505 1321
505 1333
505 1351
505 1358
505 1374
506 507
506 524
506 737
506 789
506 1777
507 561
507 641
507 670
507 700
507 1114
507 1267
507 1330
507 1418
507 1428
507 1653
507 1667
507 1727
507 1890
508 661
508 691
508 745
508 891
508 910
508 912
508 1196
508 1234
508 1802
508 1894
509 1068
509 1148
509 1185
509 1379
509 1901
510 532
510 872
510 1660
510 1815
510 1997
511 1578
512 1168
512 1469
512 1616
512 1688
512 1706
512 1997
513 964
513 1613
513 1812
513 1839
513 1964
514 543
514 595
514 756
514 975
514 1048
514 1336
514 1683
514 1715
514 1840
515 562
515 688
515 689
515 1022
515 1166
515 1338
515 1650
516 849
516 1607
516 1632
516 1700
516 1816
516 1910
516 1949
517 911
517 943
517 1751
517 1777
517 1935
518 531
518 585
518 611
518 1042
518 1080
518 1101
518 1106
518 1160
518 1317
518 1357
518 1437
518 1453
518 1978
519 634
519 688
519 691
519 868
519 909
519 1086
519 1286
519 1606
519 1782
519 1846
520 610
520 905
520 1739
521 554
521 653
521 682
521 777
521 1022
521 1027
521 1048
521 1135
522 522
522 784
522 956
522 958
522 1196
522 1455
523 558
523 950
523 1050
524 1224
524 1284
524 1869
524 1879
525 581
525 810
525 840
525 941
525 962
525 1001
525 1138
525 1189
525 1336
525 1430
525 1622
525 1733
525 1734
525 1804
526 1158
526 1796
527 1323
527 1967
528 775
528 1575
528 1631
528 1742
529 650
529 742
529 1241
529 1284
529 1452
529 1691
529 1709
530 568
530 867
530 1536
530 1950
531 976
531 1130
531 1309
531 1313
531 1325
531 1589
531 1742
531 1818
531 1912
532 688
532 772
532 807
532 1329
532 1333
532 1397
532 1716
532 1746
533 976
533 1271
534 1068
534 1082
534 1220
534 1479
534 1679
535 744
535 1182
535 1409
536 703
536 865
536 1057
536 1505
536 1507
536 1586
537 639
538 699
538 1405
538 1504
538 1544
539 658
539 945
539 1007
539 1048
539 1534
539 1585
539 1765
539 1987
540 600
540 736
540 880
540 1047
540 1052
540 1180
540 1350
540 1550
540 1658
540 1788
541 747
541 1081
541 1115
541 1631
541 1991
542 882
542 952
542 1161
542 1322
542 1499
542 1624
543 712
543 883
543 1331
544 589
544 658
544 837
544 1589
544 1935
545 722
545 1104
545 1292
545 1322
545 1430
545 1536
546 692
546 834
546 1112
546 1253
546 1643
547 656
547 849
547 1329
547 1359
547 1487
548 627
548 668
548 1025
548 1259
549 959
549 1228
549 1719
549 1725
549 1949
550 581
550 593
550 618
550 1274
550 1356
550 1516
550 1576
550 1632
551 656
551 666
551 1394
551 1428
551 1465
551 1476
551 1862
552 823
552 825
552 1556
553 755
553 961
553 1089
553 1628
554 596
554 656
554 1031
554 1110
554 1623
554 1629
555 776
555 1454
555 1602
555 1691
555 1880
556 703
556 710
556 1009
556 1212
556 1357
556 1359
556 1431
557 562
557 690
557 1707
557 1754
557 1872
557 1888
557 1977
558 646
558 1962
559 1848
560 790
560 1384
560 1577
560 1856
560 1893
561 690
561 939
561 1124
561 1583
561 1587
561 1926
561 1970
562 1589
562 1602
562 1834
563 758
563 1193
563 1703
564 985
564 1632
564 1679
564 1692
565 674
565 696
565 968
565 1224
565 1361
565 1427
565 1722
565 1741
565 1814
566 949
566 1274
566 1341
566 1551
567 1277
567 1528
567 1888
567 1930
568 1439
568 1650
568 1904
568 1924
569 744
569 1056
569 1090
569 1773
569 1858
569 1876
569 1896
570 994
570 1254
571 986
571 1458
571 1854
572 728
572 1573
572 1667
572 1824
573 773
573 1139
573 1148
573 1229
573 1375
574 813
574 1056
574 1363
574 1439
574 1441
574 1470
574 1650
574 1695
574 1765
575 939
575 1106
575 1520
575 1741
575 1941
576 896
576 913
576 916
576 1239
576 1926
577 631
577 1012
577 1472
577 1558
577 1637
577 1917
578 754
578 928
578 970
578 1444
579 589
579 1612
580 1127
580 1169
580 1389
580 1451
580 1832
580 1885
581 1127
581 1405
581 1535
581 1894
582 759
582 995
582 1006
582 1571
582 1753
582 1873
583 714
583 1150
583 1419
583 1455
583 1531
583 1630
583 1724
583 1909
584 591
584 1150
584 1346
584 1424
585 657
585 792
585 1036
585 1263
585 1526
585 1641
585 1956
586 801
586 919
586 1011
586 1048
586 1326
586 1413
586 1530
586 1576
587 1305
587 1327
588 996
588 1092
588 1251
588 1441
588 1689
588 1743
588 1962
589 829
589 849
589 1290
589 1815
590 943
590 1183
590 1207
590 1815
590 1836
590 1879
591 679
591 759
591 814
591 894
591 957
591 1003
591 1060
591 1154
591 1324
591 1463
592 1012
592 1354
592 1630
593 1252
593 1539
593 1540
593 1545
593 1912
594 733
594 824
594 838
594 1315
594 1380
594 1474
594 1564
594 1572
594 1622
594 1824
594 1930
595 684
595 979
595 1747
595 1986
596 823
596 1185
596 1318
596 1337
596 1400
596 1470
596 1488
596 1665
597 691
597 833
597 910
597 1127
597 1575
597 1828
598 721
598 790
598 893
598 1096
598 1319
598 1484
598 1578
598 1761
598 1915
599 932
599 1037
599 1052
599 1647
600 815
600 925
600 1157
600 1182
600 1360
600 1552
600 1590
600 1680
601 718
601 720
601 827
601 1382
601 1509
601 1605
601 1671
601 1686
601 1708
601 1729
601 1874
602 790
602 806
602 1055
602 1290
602 1435
602 1570
602 1709
602 1764
603 637
603 1380
603 1878
604 1016
604 1303
604 1445
605 764
605 1016
605 1176
605 1688
605 1813
605 1942
606 969
606 1061
606 1187
606 1228
606 1479
606 1678
606 1918
607 1191
607 1712
607 1854
607 1921
608 718
608 1758
608 1784
609 1183
609 1261
609 1477
609 1563
609 1630
609 1700
609 1905
610 966
610 1113
610 1231
610 1476
610 1568
610 1962
611 621
611 1300
611 1322
612 1112
612 1293
612 1345
612 1618
613 1059
613 1775
614 719
614 1249
614 1302
614 1423
614 1592
614 1698
614 1967
615 1098
615 1257
615 1699
616 711
616 789
617 1680
617 1782
618 886
618 1063
618 1134
618 1382
618 1668
619 682
619 893
619 1125
619 1247
619 1253
619 1444
619 1761
620 1311
620 1388
620 1529
620 1581
621 626
621 686
621 826
621 1088
621 1189
621 1354
621 1365
621 1567
621 1923
621 1950
622 1741
623 642
623 927
623 1068
623 1193
623 1220
623 1553
623 1578
623 1690
623 1863
623 1904
623 1955
624 906
624 920
624 1145
624 1224
624 1446
624 1545
624 1644
624 1865
624 1888
624 1983
624 1985
625 671
625 684
625 705
625 791
625 834
625 922
625 1328
625 1426
625 1550
625 1687
626 941
626 1418
626 1441
626 1675
627 934
627 1532
627 1607
627 1701
628 633
628 780
628 818
628 1651
629 711
629 1312
629 1368
629 1382
630 1042
630 1411
630 1478
630 1740
631 998
631 1119
631 1225
631 1310
631 1365
631 1516
631 1880
631 1989
632 1233
632 1515
632 1554
632 1809
632 1888
633 700
633 840
633 1134
633 1265
633 1300
633 1326
633 1807
633 1809
634 1058
635 648
635 724
635 735
635 1039
635 1578
635 1876
636 1061
636 1125
637 815
637 1039
637 1056
637 1803
638 659
638 833
638 1380
638 1431
638 1548
638 1635
639 663
639 843
639 1146
639 1178
639 1374
639 1556
639 1856
640 750
640 940
640 1198
640 1217
640 1654
640 1782
641 657
641 660
641 725
641 766
641 869
641 1429
641 1570
641 1744
642 868
642 994
642 1082
642 1087
642 1546
642 1615
642 1721
642 1906
643 958
643 1535
643 1658
643 1853
643 1902
644 686
644 1256
644 1413
644 1503
644 1573
644 1607
644 1794
644 1817
644 1876
645 771
645 1015
645 1604
646 927
646 999
646 1615
646 1651
646 1830
647 1692
647 1736
647 1989
648 866
648 1130
648 1196
648 1218
648 1346
648 1416
648 1788
649 1169
649 1807
649 1808
649 1854
649 1889
649 1919
650 1303
650 1432
650 1456
650 1547
650 1724
650 1767
650 1825
651 735
651 807
651 839
651 895
651 1180
651 1913
652 1083
652 1310
652 1328
652 1992
653 975
653 978
653 1634
653 1751
654 1177
654 1434
655 662
655 823
655 1179
655 1469
655 1647
655 1882
656 1035
656 1473
656 1477
656 1587
657 678
657 868
657 1245
657 1792
657 1888
657 1926
657 1994
658 855
658 896
658 1080
658 1311
658 1562
658 1670
659 961
659 1211
659 1223
659 1254
659 1846
659 1937
660 798
660 991
660 1755
660 1787
660 1969
661 668
661 734
661 802
661 974
661 1054
661 1704
661 1983
662 1403
662 1440
662 1612
662 1639
662 1861
663 767
663 1157
663 1533
663 1546
664 783
664 939
664 988
664 1096
664 1235
664 1456
664 1960
664 1968
665 1031
665 1032
665 1060
665 1063
665 1171
665 1378
665 1501
665 1604
665 1670
665 1846
665 1919
666 1038
666 1232
666 1257
666 1425
666 1484
666 1743
666 1793
667 1307
668 969
668 1525
668 1623
668 1836
668 1846
669 749
669 975
669 1363
669 1411
669 1690
669 1754
670 819
670 824
670 842
670 1151
670 1200
670 1212
670 1784
671 807
671 1013
671 1384
671 1564
671 1606
672 821
673 1301
673 1722
673 1780
673 1793
673 1863
673 1943
674 979
674 1761
675 728
675 1176
675 1427
675 1562
675 1927
675 1944
676 741
676 1021
676 1894
677 703
677 837
677 1032
677 1713
678 895
678 1170
678 1252
678 1479
678 1558
678 1574
678 1712
679 716
679 750
679 898
679 1529
679 1777
680 1592
680 1766
680 1863
680 1886
681 1213
681 1461
681 1482
681 1815
682 943
682 1189
682 1633
682 1993
683 810
683 937
683 1206
683 1642
683 1763
684 704
684 862
685 792
685 845
685 898
685 918
685 1063
685 1070
685 1096
685 1484
685 1599
686 1019
686 1131
686 1387
686 1704
686 1981
687 987
687 1417
687 1726
687 1855
687 1906
688 895
688 1031
688 1065
688 1161
688 1452
688 1983
689 1085
689 1171
689 1259
689 1289
689 1392
689 1517
689 1562
689 1772
689 1811
690 1300
690 1590
691 1129
691 1448
691 1461
691 1647
691 1802
692 742
692 761
692 1471
692 1534
692 1661
693 719
693 938
693 1172
693 1405
693 1893
694 1159
694 1441
695 1401
695 1822
695 1869
696 754
696 1028
696 1040
696 1833
697 927
697 1004
697 1189
697 1345
697 1970
699 863
699 875
699 929
699 1267
699 1453
699 1499
699 1633
700 806
700 848
700 998
700 1602
700 1619
700 1680
701 834
701 1029
701 1055
701 1295
701 1321
701 1776
702 732
702 1006
702 1071
702 1103
702 1164
702 1203
702 1264
702 1482
702 1499
702 1741
703 1638
704 712
704 810
704 1055
704 1793
705 967
705 1064
705 1437
705 1520
705 1844
705 1949
706 828
706 915
706 937
706 1221
706 1389
706 1688
706 1998
707 802
707 871
707 1270
707 1359
707 1489
707 1781
708 1251
709 934
709 1070
709 1097
709 1154
709 1290
709 1543
709 1974
710 959
710 1554
710 1575
710 1687
711 914
711 952
711 972
711 1102
711 1197
711 1435
711 1682
712 830
712 1009
712 1031
712 1085
712 1108
713 953
713 1126
713 1138
713 1568
713 1934
714 780
714 1638
714 1749
714 1835
714 1942
715 1096
715 1118
715 1439
715 1489
715 1626
715 1769
716 888
716 948
716 1136
716 1344
716 1572
717 1203
717 1372
717 1747
717 1996
718 805
718 1089
718 1175
718 1293
718 1596
718 1787
718 1837
719 1193
719 1326
719 1458
719 1765
720 1089
720 1090
720 1251
720 1666
720 1679
720 1681
720 1965
721 1091
721 1350
721 1570
722 880
722 1045
722 1385
722 1404
722 1993
723 1031
723 1053
723 1101
723 1307
723 1542
723 1551
723 1710
723 1749
724 828
724 1013
724 1099
724 1243
724 1305
724 1309
724 1378
724 1475
724 1545
724 1720
724 1810
724 1881
724 1936
725 827
725 850
725 1005
725 1099
725 1135
725 1694
725 1869
726 1546
726 1772
726 1856
726 1943
727 748
727 752
727 1138
727 1141
728 969
728 1062
728 1709
728 1736
728 1974
729 1063
729 1156
730 877
730 1255
730 1343
730 1349
730 1354
730 1424
730 1425
730 1502
730 1888
731 1418
731 1635
731 1815
731 1909
732 1139
732 1320
732 1541
732 1543
732 1925
733 847
733 958
733 1096
733 1613
733 1896
734 937
734 1079
734 1848
734 1879
735 827
735 908
735 1775
735 1794
735 1804
736 785
736 1179
736 1550
736 1780
737 867
737 974
737 1085
737 1461
737 1521
738 836
738 1049
738 1144
738 1284
738 1365
738 1896
738 1935
739 797
739 798
739 980
739 1504
739 1725
740 1128
740 1134
740 1306
740 1346
741 851
741 987
741 1160
741 1265
741 1559
741 1825
742 755
742 1023
742 1226
742 1255
742 1261
742 1498
742 1693
743 1017
743 1291
743 1502
743 1589
744 806
744 974
744 1327
744 1473
744 1537
744 1748
744 1887
745 840
745 872
745 993
745 1430
745 1940
745 1960
746 931
746 1032
746 1346
747 927
747 1272
747 1727
747 1832
747 1905
747 1991
748 1058
748 1083
748 1480
749 1032
749 1219
749 1420
749 1464
749 1475
749 1666
750 777
750 1630
750 1755
750 1828
750 1914
751 999
751 1140
751 1286
751 1816
752 815
752 1009
752 1079
752 1159
752 1345
753 912
753 1154
753 1237
753 1598
753 1894
754 926
754 973
754 1029
754 1106
754 1368
755 777
755 853
755 1458
756 923
756 1573
756 1831
757 920
757 1028
757 1096
757 1617
757 1991
757 1994
758 802
758 817
758 965
758 1162
758 1250
758 1608
759 854
759 918
759 1091
759 1751
759 1903
760 818
760 903
760 1074
760 1260
760 1317
760 1626
760 1723
761 870
761 1258
761 1519
761 1870
762 1205
762 1585
762 1881
762 1927
763 852
763 1000
763 1459
763 1568
763 1817
764 1076
764 1563
765 966
765 1412
765 1794
765 1933
766 815
766 895
766 1224
766 1253
766 1397
766 1617
766 1677
766 1949
766 1975
767 841
767 988
767 1095
767 1187
767 1288
767 1599
767 1622
767 1893
767 1949
768 1323
768 1528
768 1727
769 882
769 924
769 1511
769 1665
769 1686
770 1027
770 1035
770 1092
771 1070
771 1351
771 1462
771 1483
771 1693
771 1869
771 1979
772 881
772 961
772 1112
772 1203
772 1679
772 1878
773 1023
773 1047
773 1108
773 1225
773 1514
773 1618
774 1222
774 1397
774 1764
774 1793
774 1956
775 1109
775 1293
775 1512
775 1664
775 1693
775 1837
775 1948
776 1505
776 1955
777 811
777 1921
777 1961
777 1969
778 843
778 1607
778 1749
779 807
779 1308
779 1341
779 1367
779 1603
779 1649
779 1732
780 1247
780 1269
780 1456
780 1489
780 1573
780 1757
781 809
781 1171
781 1403
781 1454
781 1538
781 1699
781 1730
782 1120
782 1432
782 1462
782 1653
782 1682
782 1849
783 940
783 977
783 1024
783 1089
783 1127
783 1840
783 1993
784 804
784 869
784 887
784 1510
785 1483
785 1719
785 1744
785 1760
785 1822
786 963
786 1096
786 1456
786 1614
786 1980
787 1548
787 1675
787 1799
787 1905
788 981
788 1511
788 1539
788 1542
788 1827
789 824
789 1004
789 1398
789 1589
789 1695
789 1787
789 1822
790 1337
790 1639
790 1842
790 1864
790 1914
791 992
791 1270
791 1290
791 1656
791 1867
791 1949
792 1232
792 1846
792 1866
792 1924
793 880
793 912
793 1443
793 1569
793 1705
793 1875
793 1926
794 951
794 963
794 1125
794 1326
794 1379
794 1723
794 1814
795 945
795 1419
795 1662
796 1119
796 1213
796 1338
796 1500
796 1763
797 849
797 898
797 1140
797 1157
797 1177
797 1401
797 1450
797 1550
797 1864
798 1208
798 1352
798 1428
799 1031
799 1451
799 1467
799 1945
800 823
800 952
800 1015
800 1350
800 1569
800 1769
800 1880
800 1893
801 1198
801 1301
802 803
802 853
802 1215
802 1227
802 1300
802 1431
802 1849
803 1026
803 1094
803 1148
803 1738
804 807
804 1400
804 1457
804 1545
804 1771
805 947
805 958
805 1211
805 1564
805 1780
805 1784
806 818
806 1200
806 1331
806 1374
806 1456
807 1070
807 1159
807 1163
807 1514
807 1924
808 983
808 1361
808 1419
808 1509
808 1630
808 1663
808 1900
808 1940
809 1202
809 1583
809 1863
809 1911
809 1989
810 1076
810 1709
810 1852
811 1138
811 1882
811 1919
812 918
812 1220
812 1641
812 1655
812 1782
813 918
813 941
813 1170
813 1321
813 1798
813 1912
813 1949
814 878
814 1064
814 1091
814 1109
814 1148
814 1218
814 1662
814 1980
815 1222
815 1718
815 1755
815 1768
815 1929
815 1936
816 831
816 1270
816 1381
817 1280
817 1589
817 1778
817 1815
818 887
818 1182
818 1414
818 1689
818 1870
818 1940
819 971
819 1005
820 1267
820 1381
820 1929
821 855
821 1540
821 1934
822 1678
822 1710
822 1760
822 1933
823 874
823 1208
823 1317
823 1710
823 1983
824 856
824 861
824 975
824 1337
824 1523
824 1811
824 1897
824 1949
825 1047
825 1249
825 1255
825 1295
825 1376
825 1885
826 1185
826 1358
826 1719
827 1028
827 1391
827 1412
827 1443
827 1868
827 1896
827 1899
827 1996
828 1136
828 1275
828 1385
828 1417
828 1473
828 1624
828 1635
828 1673
829 1229
829 1296
829 1720
829 1858
830 1183
830 1761
830 1799
830 1804
831 928
831 1131
831 1175
831 1255
831 1295
831 1342
832 1345
832 1509
832 1749
832 1907
833 916
833 1080
833 1255
833 1452
833 1718
834 997
834 1490
834 1599
834 1674
835 1080
835 1620
835 1919
836 1390
837 958
837 1319
837 1406
837 1459
837 1498
837 1789
838 980
838 1006
838 1081
838 1343
838 1426
838 1527
838 1907
838 1908
839 1076
839 1340
839 1560
839 1778
840 1285
840 1370
840 1819
840 1851
840 1998
841 1362
841 1413
841 1624
842 1330
842 1400
842 1461
842 1520
842 1552
842 1658
842 1824
842 1832
842 1923
842 1977
843 868
843 1322
843 1567
843 1574
843 1914
844 907
844 1037
844 1400
844 1412
844 1561
844 1716
844 1801
845 1141
845 1998
846 1051
846 1211
846 1637
846 1652
846 1776
846 1861
847 1363
847 1375
847 1385
847 1546
847 1589
847 1632
848 1455
848 1804
849 1038
849 1275
849 1398
850 869
850 1105
850 1436
850 1608
850 1936
851 1060
851 1291
851 1497
851 1906
852 974
852 1048
852 1254
852 1638
852 1813
853 1051
853 1073
853 1122
853 1132
853 1218
854 899
854 1153
854 1501
854 1515
854 1634
854 1863
855 1606
855 1751
855 1954
856 1514
856 1567
856 1891
857 912
857 1114
857 1305
857 1387
857 1558
857 1629
858 1062
858 1102
858 1427
858 1443
858 1819
859 1564
859 1595
860 1515
860 1620
860 1689
860 1786
860 1924
861 928
861 1232
861 1316
861 1357
861 1831
862 1453
862 1555
863 982
863 1156
863 1311
863 1410
863 1616
863 1852
864 1141
864 1394
864 1510
864 1645
865 963
865 994
865 1123
865 1164
865 1324
865 1379
866 900
866 930
866 1062
866 1467
866 1469
866 1494
867 1332
867 1377
867 1577
867 1716
867 1726
868 931
868 1207
868 1402
868 1521
868 1977
869 984
869 1008
869 1112
869 1463
870 872
870 1039
870 1093
870 1389
870 1408
870 1540
870 1678
870 1944
870 1977
872 915
872 955
872 1861
872 1871
873 1070
873 1085
873 1378
874 1030
874 1063
874 1311
874 1385
874 1569
874 1857
875 989
875 1460
875 1466
875 1625
875 1765
876 1047
876 1087
876 1094
876 1250
876 1578
876 1607
876 1762
876 1838
877 1261
877 1360
877 1568
877 1950
878 1168
878 1329
878 1356
879 951
879 1293
879 1428
879 1513
879 1636
879 1815
880 943
880 1083
880 1108
880 1450
880 1872
880 1982
880 1998
881 1357
881 1429
881 1648
881 1709
881 1771
881 1888
882 997
882 1121
882 1161
882 1407
883 1029
883 1153
883 1533
883 1544
883 1562
883 1578
883 1636
883 1794
884 1006
884 1087
884 1098
884 1863
884 1924
885 1377
885 1536
885 1851
885 1959
886 1018
886 1146
886 1311
887 1056
887 1146
887 1619
887 1725
888 917
888 984
888 1040
888 1127
888 1198
888 1474
888 1485
888 1653
889 1760
889 1993
890 1161
890 1214
890 1450
890 1759
890 1786
891 990
891 1064
891 1265
891 1270
892 976
892 1118
892 1139
892 1722
893 1096
893 1142
893 1256
893 1602
893 1608
893 1876
893 1980
894 1335
894 1505
894 1941
894 1959
895 1217
895 1372
895 1457
895 1638
895 1759
895 1865
895 1942
896 1367
896 1572
897 1003
897 1252
897 1416
897 1774
897 1932
898 1105
898 1489
898 1655
899 1235
899 1612
899 1679
899 1745
900 910
900 975
900 1661
900 1937
901 1543
901 1660
901 1711
902 1038
902 1255
902 1268
902 1647
903 1169
903 1521
903 1536
903 1594
903 1770
903 1917
903 1959
904 998
904 1123
904 1197
904 1266
904 1312
904 1566
904 1578
904 1634
904 1767
905 1128
905 1188
905 1268
905 1317
905 1508
905 1565
906 972
906 1215
906 1420
906 1434
906 1661
907 936
907 1498
907 1950
908 1080
908 1163
908 1328
908 1682
908 1716
909 1236
909 1691
909 1918
910 924
910 1121
910 1472
910 1820
911 1452
911 1563
911 1640
911 1809
912 1320
912 1476
912 1953
913 990
913 1314
913 1328
913 1586
913 1602
913 1712
913 1833
914 1438
914 1565
915 1316
915 1351
915 1567
915 1654
916 945
916 984
916 1224
916 1273
916 1328
916 1654
916 1705
916 1786
917 1120
917 1184
917 1236
917 1335
917 1344
917 1664
917 1791
917 1793
918 971
918 1132
918 1600
918 1639
918 1824
918 1917
919 1166
919 1929
920 1125
920 1247
920 1293
920 1529
920 1828
921 944
921 1423
921 1549
921 1586
921 1627
921 1805
921 1994
922 1376
922 1405
922 1515
922 1712
923 1297
923 1743
923 1751
924 1293
924 1368
924 1751
925 1374
925 1776
925 1883
925 1957
925 1986
926 1884
927 938
927 1072
927 1324
927 1976
928 1120
928 1245
928 1518
928 1679
928 1703
928 1769
928 1943
929 959
929 1150
929 1182
929 1295
929 1542
929 1905
929 1966
930 1252
930 1336
930 1552
930 1973
931 1187
931 1326
931 1386
932 1138
932 1162
932 1429
932 1463
932 1635
932 1836
933 1064
933 1157
933 1646
933 1714
934 1543
934 1981
935 966
935 974
935 1980
936 1188
936 1212
936 1287
936 1975
937 1039
937 1443
937 1801
937 1841
938 1271
938 1272
938 1275
938 1407
938 1459
938 1661
938 1742
938 1854
939 968
939 1212
939 1269
939 1322
939 1416
939 1582
939 1608
939 1629
939 1671
940 1185
940 1228
940 1248
940 1584
940 1844
941 1012
941 1017
941 1382
941 1419
941 1732
941 1907
942 1038
942 1091
942 1143
942 1161
942 1181
942 1352
943 1052
943 1218
943 1276
943 1309
943 1774
943 1813
944 983
944 1184
944 1986
945 1189
945 1500
946 1208
946 1704
946 1946
947 1015
947 1037
947 1135
947 1344
948 959
948 1181
948 1827
948 1848
949 1543
949 1723
949 1870
950 1060
950 1286
950 1580
950 1587
951 1478
951 1512
951 1533
951 1570
952 1631
952 1749
952 1764
953 996
953 1050
953 1262
953 1719
953 1875
954 1000
954 1124
954 1230
954 1530
954 1625
955 1281
955 1867
956 1044
956 1219
956 1387
956 1634
956 1934
956 1979
957 1167
957 1194
957 1354
957 1443
957 1972
958 1154
958 1192
958 1431
958 1621
958 1941
959 1099
959 1240
959 1395
959 1527
959 1795
960 1076
960 1115
960 1231
960 1396
960 1435
960 1588
961 1050
961 1401
961 1448
961 1473
961 1505
961 1855
962 1002
962 1144
963 1006
963 1711
963 1911
964 1459
964 1535
964 1992
965 1111
965 1325
965 1435
965 1440
965 1615
966 997
966 1173
966 1198
966 1292
966 1561
966 1702
966 1817
966 1950
968 1312
968 1322
968 1418
968 1583
968 1657
968 1886
969 1316
970 1269
970 1659
970 1746
971 1279
971 1562
971 1650
971 1680
971 1792
972 979
972 1549
972 1932
972 1969
973 1227
973 1232
973 1303
973 1505
973 1560
973 1588
974 1322
974 1398
974 1492
974 1699
976 1502
977 1067
977 1266
977 1333
977 1385
977 1843
978 1081
978 1122
978 1134
978 1490
978 1719
979 1130
979 1359
979 1719
980 1237
980 1403
980 1617
980 1878
980 1922
981 1324
981 1402
981 1479
981 1605
981 1774
981 1800
981 1836
982 1003
982 1105
982 1422
983 1008
983 1175
983 1562
983 1808
984 1375
984 1404
986 1472
986 1481
986 1688
986 1747
987 1341
988 1284
989 1218
989 1328
989 1605
989 1749
989 1758
990 1356
990 1832
991 999
991 1427
991 1428
991 1571
992 1558
993 1223
993 1268
993 1581
993 1625
993 1899
994 1084
995 1057
995 1341
995 1792
996 1221
996 1267
996 1282
996 1467
996 1474
996 1497
996 1686
996 1720
996 1785
996 1815
996 1872
997 1059
997 1796
997 1986
998 1186
998 1196
998 1349
998 1440
998 1549
998 1746
999 1036
999 1133
999 1409
999 1613
999 1829
999 1876
1000 1900
1000 1965
1001 1141
1001 1518
1001 1736
1002 1292
1002 1513
1003 1182
1003 1490
1003 1627
1003 1745
1003 1780
1004 1204
1004 1549
1004 1616
1004 1694
1004 1919
1005 1272
1005 1656
1005 1761
1006 1022
1006 1676
1006 1681
1006 1789
1007 1436
1007 1488
1007 1852
1007 1970
1008 1399
1008 1952
1009 1012
1009 1126
1009 1882
1009 1935
1010 1201
1010 1342
1010 1361
1010 1451
1010 1592
1010 1619
1010 1730
1010 1743
1010 1958
1011 1371
1011 1501
1011 1679
1011 1749
1011 1827
1011 1848
1011 1988
1012 1299
1012 1470
1012 1609
1012 1756
1013 1682
1014 1481
1014 1511
1014 1590
1014 1934
1015 1346
1015 1353
1016 1289
1016 1405
1017 1143
1017 1411
1017 1571
1017 1874
1018 1145
1018 1845
1019 1025
1019 1406
1019 1731
1019 1810
1019 1845
1019 1880
1019 1952
1020 1238
1020 1502
1020 1654
1020 1898
1021 1126
1021 1315
1021 1319
1022 1120
1022 1398
1022 1596
1022 1953
1023 1300
1023 1600
1023 1776
1023 1945
1024 1787
1024 1810
1024 1869
1025 1046
1025 1267
1025 1509
1025 1903
1025 1990
1026 1213
1026 1298
1027 1359
1027 1500
1027 1537
1027 1575
1027 1717
1027 1929
1028 1655
1028 1695
1029 1099
1029 1233
1029 1717
1030 1321
1030 1383
1030 1411
1030 1414
1030 1426
1030 1600
1030 1810
1030 1857
1031 1226
1031 1417
1031 1579
1031 1744
1031 1951
1032 1131
1032 1765
1032 1945
1033 1151
1033 1712
1033 1893
1034 1238
1034 1521
1035 1219
1035 1472
1035 1514
1036 1157
1036 1359
1036 1600
1036 1842
1036 1936
1037 1766
1037 1899
1038 1044
1038 1058
1038 1605
1038 1621
1038 1668
1038 1832
1039 1204
1039 1294
1039 1850
1039 1868
1039 1907
1039 1964
1040 1260
1040 1277
1040 1806
1040 1959
1041 1041
1041 1066
1041 1240
1041 1426
1042 1310
1042 1509
1042 1669
1042 1826
1042 1889
1042 1922
1042 1932
1043 1834
1043 1854
1044 1097
1044 1421
1045 1221
1045 1458
1045 1830
1046 1560
1046 1707
1047 1197
1047 1588
1047 1650
1048 1617
1048 1732
1048 1874
1049 1089
1049 1712
1049 1731
1049 1899
1050 1477
1051 1072
1051 1382
1051 1447
1051 1544
1051 1645
1051 1741
1051 1940
1051 1966
1052 1332
1052 1420
1052 1501
1052 1802
1053 1163
1053 1239
1053 1278
1053 1532
1054 1087
1054 1200
1054 1370
1054 1439
1054 1600
1055 1559
1055 1728
1055 1796
1056 1061
1056 1241
1056 1366
1056 1993
1057 1647
1058 1682
1059 1294
1059 1529
1059 1925
1060 1149
1060 1153
1060 1162
1060 1842
1060 1989
1061 1141
1061 1199
1062 1164
1062 1259
1062 1299
1062 1387
1063 1281
1063 1577
1063 1661
1063 1788
1063 1883
1064 1080
1064 1299
1064 1363
1064 1551
1065 1119
1065 1240
1065 1264
1065 1480
1065 1568
1065 1890
1066 1393
1066 1416
1066 1501
1066 1749
1066 1775
1066 1927
1067 1204
1067 1259
1067 1325
1067 1364
1067 1374
1067 1485
1067 1491
1067 1561
1068 1154
1068 1326
1068 1567
1068 1796
1069 1348
1069 1829
1070 1162
1070 1258
1070 1270
1070 1399
1070 1644
1070 1965
1070 1972
1071 1115
1071 1289
1071 1746
1071 1994
1072 1756
1073 1777
1074 1797
1075 1825
1075 1870
1076 1174
1076 1347
1077 1234
1077 1843
1077 1873
1077 1963
1077 1973
1078 1110
1078 1309
1078 1386
1078 1429
1078 1557
1078 1650
1078 1703
1078 1748
1078 1896
1079 1975
1080 1342
1080 1455
1080 1463
1080 1566
1080 1610
1080 1834
1080 1874
1080 1976
1081 1435
1081 1904
1081 1979
1082 1122
1082 1243
1082 1697
1083 1841
1084 1399
1084 1536
1084 1648
1084 1916
1085 1281
1085 1392
1085 1573
1085 1758
1085 1948
1086 1757
1086 1845
1086 1857
1086 1919
1087 1121
1087 1142
1087 1815
1087 1917
1089 1531
1090 1854
1090 1861
1091 1210
1091 1410
1091 1517
1091 1637
1091 1671
1091 1905
1091 1939
1092 1143
1092 1260
1092 1575
1092 1617
1092 1660
1093 1198
1093 1216
1093 1310
1093 1500
1093 1741
1093 1819
1093 1896
1094 1145
1094 1163
1094 1242
1094 1518
1095 1246
1095 1858
1095 1896
1096 1125
1096 1272
1096 1402
1096 1637
1096 1708
1096 1811
1097 1132
1097 1143
1097 1269
1097 1288
1097 1329
1098 1151
1098 1494
1099 1139
1099 1288
1099 1422
1099 1578
1099 1928
1100 1298
1100 1320
1100 1332
1100 1584
1100 1894
1101 1370
1101 1586
1101 1730
1101 1892
1102 1271
1103 1747
1104 1169
1104 1267
1104 1337
1104 1525
1104 1991
1105 1399
1105 1665
1105 1776
1105 1866
1106 1498
1106 1641
1106 1741
1107 1378
1107 1570
1108 1272
1108 1273
1108 1293
1108 1411
1108 1637
1109 1155
1109 1432
1109 1465
1109 1607
1109 1911
1110 1120
1110 1612
1110 1910
1111 1307
1111 1503
1111 1844
1111 1941
1112 1373
1112 1406
1112 1546
1112 1630
1113 1337
1113 1828
1113 1851
1113 1889
1114 1463
1114 1568
1115 1764
1115 1852
1116 1151
1116 1653
1116 1674
1116 1727
1116 1748
1116 1767
1116 1823
1116 1978
1117 1381
1117 1646
1117 1670
1117 1785
1118 1564
1118 1745
1118 1779
1119 1237
1119 1481
1119 1485
1119 1788
1119 1988
1120 1424
1120 1514
1120 1904
1121 1142
1121 1271
1121 1746
1122 1161
1122 1357
1122 1390
1123 1269
1123 1450
1123 1588
1123 1832
1124 1238
1124 1485
1124 1721
1124 1819
1124 1854
1124 1931
1124 1950
1124 1970
1125 1811
1126 1691
1127 1881
1127 1969
1128 1586
1128 1871
1128 1930
1129 1681
1129 1761
1130 1130
1130 1984
1131 1363
1131 1601
1131 1648
1132 1144
1132 1359
1132 1611
1132 1919
1133 1855
1134 1177
1134 1368
1134 1404
1134 1443
1134 1592
1134 1679
1135 1261
1135 1561
1136 1199
1136 1395
1137 1431
1137 1497
1137 1686
1137 1713
1138 1271
1138 1342
1138 1504
1138 1557
1138 1834
1138 1900
1138 1966
1139 1415
1139 1698
1139 1712
1140 1697
1140 1848
1140 1880
1141 1527
1141 1565
1141 1713
1142 1175
1142 1203
1142 1206
1142 1215
1142 1257
1142 1320
1142 1595
1143 1315
1143 1472
1144 1190
1144 1244
1144 1406
1144 1680
1144 1856
1145 1438
1145 1620
1146 1309
1146 1624
1146 1731
1147 1482
1147 1511
1148 1323
1148 1537
1148 1863
1149 1222
1149 1371
1149 1455
1149 1636
1150 1468
1151 1253
1152 1426
1152 1491
1152 1860
1153 1480
1154 1483
1155 1502
1155 1606
1155 1803
1155 1859
1156 1910
1157 1169
1157 1231
1157 1490
1157 1509
1157 1562
1157 1825
1158 1280
1158 1931
1159 1185
1159 1321
1159 1357
1159 1555
1160 1664
1160 1980
1161 1320
1161 1574
1162 1418
1162 1885
1162 1889
1163 1327
1163 1636
1164 1665
1165 1397
1165 1418
1166 1330
1166 1648
1166 1875
1167 1427
1167 1486
1168 1280
1168 1533
1168 1588
1168 1609
1168 1858
1169 1500
1169 1516
1169 1519
1169 1569
1169 1768
1169 1774
1169 1899
1170 1717
1171 1262
1171 1355
1171 1444
1171 1456
1171 1620
1171 1930
1172 1270
1172 1481
1172 1572
1172 1594
1173 1189
1173 1420
1173 1500
1173 1595
1173 1655
1174 1412
1174 1481
1174 1607
1174 1692
1174 1890
1175 1179
1175 1471
1175 1644
1175 1697
1175 1889
1176 1405
1176 1477
1176 1492
1176 1531
1176 1936
1177 1506
1177 1517
1177 1544
1178 1391
1178 1802
1178 1814
1178 1834
1178 1912
1179 1440
1179 1659
1179 1830
1180 1188
1180 1604
1180 1757
1181 1187
1181 1280
1181 1419
1181 1675
1181 1829
1181 1855
1181 1930
1182 1196
1182 1329
1182 1858
1182 1898
1183 1354
1183 1514
1183 1788
1184 1330
1184 1339
1184 1387
1184 1619
1185 1186
1185 1508
1185 1596
1185 1847
1186 1265
1186 1609
1186 1797
1187 1644
1187 1806
1187 1984
1188 1188
1188 1269
1188 1595
1188 1686
1188 1845
1188 1878
1189 1541
1190 1508
1190 1525
1190 1797
1190 1804
1191 1395
1191 1501
1191 1840
1191 1916
1192 1252
1192 1256
1192 1376
1192 1884
1192 1999
1193 1345
1193 1548
1193 1899
1193 1992
1193 1993
1194 1617
1195 1659
1195 1708
1195 1968
1196 1230
1196 1527
1196 1931
1197 1231
1197 1303
1197 1566
1198 1298
1198 1324
1198 1398
1198 1866
1198 1870
1199 1864
1200 1479
1200 1976
1201 1254
1201 1591
1201 1596
1201 1700
1201 1738
1202 1305
1202 1361
1202 1597
1203 1533
1203 1562
1204 1298
1204 1911
1205 1464
1205 1517
1205 1766
1205 1818
1205 1996
1206 1322
1208 1230
1208 1854
1209 1576
1209 1667
1210 1325
1210 1600
1210 1618
1210 1744
1210 1849
1210 1868
1211 1400
1211 1476
1211 1909
1212 1228
1212 1386
1212 1707
1212 1938
1213 1242
1213 1491
1213 1603
1213 1792
1213 1828
1215 1301
1215 1657
1216 1250
1216 1747
1216 1926
1216 1956
1217 1944
1217 1946
1218 1255
1218 1868
1219 1223
1219 1409
1219 1683
1219 1841
1220 1884
1221 1228
1221 1261
1221 1546
1222 1574
1222 1587
1222 1924
1223 1546
1223 1694
1223 1885
1224 1341
1224 1428
1224 1460
1224 1652
1224 1929
1225 1372
1226 1536
1226 1891
1226 1967
1227 1449
1227 1521
1227 1969
1228 1330
1228 1569
1228 1673
1228 1817
1228 1885
1228 1995
1229 1408
1229 1610
1229 1620
1230 1447
1230 1839
1230 1845
1231 1458
1231 1537
1231 1765
1232 1473
1232 1616
1232 1718
1233 1260
1233 1346
1233 1377
1233 1536
1233 1653
1233 1715
1233 1864
1234 1528
1234 1778
1234 1869
1234 1981
1235 1381
1235 1659
1235 1977
1236 1471
1236 1523
1236 1942
1237 1603
1237 1632
1237 1990
1238 1317
1238 1762
1239 1403
1239 1726
1239 1758
1239 1865
1239 1938
1240 1362
1240 1480
1240 1831
1240 1862
1241 1295
1241 1547
1241 1785
1242 1375
1242 1418
1242 1464
1242 1618
1242 1739
1242 1813
1243 1405
1243 1542
1243 1679
1243 1884
1243 1954
1243 1979
1244 1509
1244 1752
1245 1587
1245 1788
1246 1296
1246 1299
1246 1334
1246 1375
1246 1434
1246 1489
1246 1567
1246 1584
1247 1507
1247 1572
1247 1713
1247 1989
1248 1414
1248 1495
1248 1757
1249 1555
1249 1680
1250 1811
1250 1901
1251 1465
1251 1551
1251 1584
1251 1872
1251 1956
1252 1388
1252 1396
1252 1685
1252 1699
1252 1734
1252 1783
1253 1658
1253 1924
1254 1356
1254 1612
1254 1621
1254 1681
1254 1885
1255 1433
1255 1480
1256 1619
1256 1716
1257 1277
1257 1466
1257 1621
1257 1880
1257 1891
1258 1423
1259 1294
1259 1307
1259 1335
1259 1440
1259 1514
1259 1594
1259 1595
1259 1642
1260 1434
1260 1746
1260 1913
1261 1858
1263 1493
1263 1578
1263 1645
1264 1513
1264 1861
1265 1456
1265 1460
1265 1503
1265 1873
1266 1291
1266 1421
1266 1909
1267 1935
1268 1426
1269 1734
1270 1384
1270 1514
1270 1741
1271 1357
1271 1845
1271 1900
1273 1334
1273 1657
1273 1665
1273 1869
1274 1328
1274 1534
1274 1779
1275 1557
1275 1580
1275 1756
1275 1988
1276 1527
1276 1898
1276 1956
1277 1347
1277 1461
1277 1944
1277 1989
1278 1412
1278 1510
1278 1596
1278 1659
1278 1788
1278 1905
1279 1281
1279 1311
1279 1397
1279 1461
1279 1892
1279 1926
1279 1952
1280 1413
1280 1510
1280 1595
1280 1800
1281 1376
1281 1422
1281 1543
1281 1619
1281 1645
1281 1805
1281 1910
1282 1841
1282 1951
1283 1607
1283 1690
1283 1793
1283 1916
1284 1847
1284 1879
1284 1974
1285 1360
1285 1380
1285 1385
1285 1491
1285 1594
1285 1789
1285 1814
1285 1884
1286 1635
1286 1697
1286 1934
1287 1610
1287 1832
1287 1926
1288 1375
1288 1384
1288 1447
1289 1329
1289 1601
1289 1940
1290 1402
1291 1381
1291 1417
1291 1489
1291 1646
1291 1861
1293 1996
1294 1765
1294 1809
1294 1880
1294 1921
1295 1377
1295 1655
1295 1867
1295 1954
1296 1559
1296 1643
1297 1388
1297 1661
1298 1481
1298 1504
1298 1884
1299 1385
1299 1885
1300 1306
1300 1538
1300 1754
1300 1803
1300 1822
1300 1871
1301 1484
1301 1753
1302 1558
1303 1323
1303 1468
1303 1496
1303 1659
1304 1349
1304 1922
1305 1599
1305 1775
1305 1815
1306 1430
1306 1615
1306 1652
1307 1647
1307 1793
1308 1444
1308 1656
1308 1700
1309 1655
1309 1718
1309 1903
1310 1364
1310 1547
1310 1850
1311 1328
1311 1453
1312 1407
1312 1537
1312 1846
1313 1449
1313 1870
1314 1516
1314 1903
1315 1682
1315 1758
1317 1471
1317 1553
1317 1614
1317 1673
1319 1502
1319 1733
1319 1756
1319 1763
1320 1803
1320 1924
1321 1390
1321 1661
1321 1667
1321 1714
1321 1749
1322 1456
1323 1394
1323 1562
1324 1436
1325 1637
1325 1640
1325 1788
1326 1460
1327 1557
1327 1587
1327 1654
1329 1719
1329 1720
1329 1820
1330 1379
1330 1550
1330 1660
1330 1661
1331 1553
1331 1880
1332 1797
1333 1523
1333 1911
1334 1597
1334 1803
1334 1880
1334 1918
1335 1371
1335 1531
1335 1736
1336 1448
1336 1454
1336 1674
1336 1716
1336 1771
1337 1605
1337 1845
1338 1385
1338 1445
1341 1376
1341 1385
1341 1662
1342 1470
1342 1531
1342 1581
1342 1679
1343 1576
1343 1641
1343 1763
1343 1983
1344 1534
1344 1602
1344 1669
1344 1938
1345 1774
1346 1376
1346 1469
1346 1623
1346 1689
1346 1735
1347 1500
1347 1600
1347 1961
1348 1385
1348 1424
1348 1482
1348 1842
1348 1852
1348 1931
1349 1913
1349 1999
1350 1459
1350 1636
1352 1432
1352 1465
1352 1515
1352 1721
1352 1961
1353 1595
1354 1442
1354 1553
1354 1713
1354 1859
1355 1368
1355 1497
1355 1511
1355 1808
1355 1877
1356 1464
1356 1938
1357 1557
1357 1856
1358 1379
1358 1512
1358 1993
1359 1386
1359 1867
1360 1698
1360 1838
1361 1417
1361 1438
1361 1567
1361 1864
1361 1922
1361 1977
1362 1518
1362 1537
1362 1908
1362 1915
1363 1915
1364 1397
1364 1440
1364 1488
1364 1587
1364 1709
1364 1924
1364 1973
1365 1460
1365 1648
1365 1888
1366 1382
1366 1796
1366 1836
1368 1385
1368 1400
1368 1604
1368 1653
1368 1655
1368 1674
1368 1959
1369 1479
1369 1494
1369 1620
1369 1752
1370 1729
1370 1787
1371 1608
1371 1658
1372 1415
1372 1567
1372 1586
1373 1440
1373 1510
1373 1639
1373 1935
1373 1939
1374 1686
1375 1880
1376 1833
1377 1544
1377 1654
1377 1921
1378 1475
1378 1922
1379 1386
1379 1552
1380 1531
1381 1619
1381 1858
1381 1936
1382 1609
1382 1699
1382 1770
1382 1901
1382 1942
1383 1579
1383 1873
1383 1958
1384 1923
1385 1710
1386 1498
1386 1580
1386 1638
1386 1762
1386 1833
1386 1843
1387 1617
1387 1689
1387 1762
1387 1899
1388 1727
1388 1729
1388 1754
1389 1903
1390 1418
1390 1532
1391 1399
1391 1977
1392 1502
1392 1748
1393 1903
1393 1972
1393 1997
1394 1511
1394 1577
1394 1694
1394 1719
1395 1432
1395 1692
1395 1792
1395 1825
1395 1858
1396 1747
1398 1742
1398 1943
1399 1688
1399 1827
1400 1763
1400 1990
1401 1476
1401 1529
1401 1648
1402 1587
1402 1633
1402 1821
1403 1575
1403 1819
1403 1891
1404 1450
1404 1513
1404 1587
1404 1699
1404 1825
1404 1933
1405 1932
1406 1580
1406 1582
1406 1668
1406 1775
1406 1949
1407 1617
1407 1880
1407 1905
1407 1977
1407 1991
1407 1995
1408 1408
1408 1447
1409 1562
1410 1617
1410 1714
1410 1913
1410 1984
1411 1754
1411 1974
1413 1852
1414 1426
1414 1439
1414 1509
1414 1769
1414 1896
1415 1491
1415 1592
1416 1582
1416 1678
1417 1628
1418 1501
1418 1574
1418 1704
1419 1915
1419 1956
1420 1556
1420 1714
1420 1746
1421 1524
1421 1659
1422 1564
1423 1943
1424 1823
1425 1599
1425 1815
1426 1784
1426 1869
1426 1943
1427 1431
1427 1574
1427 1600
1427 1763
1428 1568
1428 1718
1428 1729
1428 1916
1428 1938
1429 1722
1430 1668
1430 1920
1431 1448
1431 1614
1431 1764
1431 1858
1432 1526
1432 1631
1433 1433
1433 1515
1433 1944
1434 1827
1434 1972
1435 1482
1435 1537
1435 1541
1435 1731
1435 1887
1435 1888
1435 1967
1435 1976
1436 1558
1436 1806
1436 1926
1438 1824
1439 1556
1439 1781
1440 1569
1440 1800
1441 1811
1441 1816
1442 1558
1442 1875
1442 1893
1443 1557
1443 1721
1443 1996
1444 1459
1444 1487
1444 1588
1444 1623
1444 1684
1445 1513
1445 1664
1446 1515
1446 1581
1446 1673
1446 1808
1446 1927
1447 1579
1448 1711
1449 1961
1450 1498
1450 1660
1451 1806
1451 1931
1452 1684
1452 1893
1453 1547
1453 1825
1453 1952
1454 1541
1454 1681
1454 1806
1454 1911
1454 1950
1455 1557
1455 1708
1456 1630
1456 1892
1456 1916
1457 1781
1457 1932
1458 1485
1458 1763
1458 1883
1458 1897
1459 1772
1460 1880
1460 1920
1461 1545
1462 1500
1462 1708
1462 1775
1462 1878
1465 1641
1465 1712
1465 1775
1465 1809
1465 1911
1466 1764
1466 1918
1467 1950
1468 1695
1468 1973
1469 1839
1469 1856
1469 1940
1470 1766
1470 1981
1471 1709
1471 1763
1471 1944
1472 1566
1473 1576
1473 1781
1474 1850
1475 1715
1475 1776
1475 1839
1475 1924
1476 1824
1476 1926
1478 1651
1478 1888
1478 1900
1479 1590
1480 1532
1481 1732
1481 1901
1482 1758
1482 1860
1482 1903
1483 1821
1483 1948
1484 1732
1484 1871
1485 1878
1486 1705
1488 1499
1488 1613
1488 1691
1488 1718
1488 1747
1488 1831
1489 1781
1489 1832
1491 1510
1491 1725
1492 1592
1492 1726
1492 1782
1493 1589
1493 1987
1494 1649
1494 1801
1494 1832
1494 1927
1494 1952
1495 1745
1495 1878
1496 1507
1496 1641
1496 1945
1497 1634
1497 1781
1497 1861
1500 1678
1500 1812
1501 1715
1502 1683
1502 1904
1502 1980
1503 1759
1504 1650
1504 1713
1505 1534
1506 1717
1507 1531
1507 1644
1507 1809
1508 1606
1508 1629
1508 1939
1509 1530
1509 1685
1509 1873
1509 1942
1509 1950
1510 1594
1511 1559
1512 1800
1513 1866
1513 1964
1514 1776
1514 1896
1515 1552
1515 1613
1515 1671
1515 1675
1516 1858
1516 1864
1517 1656
1517 1691
1517 1792
1518 1594
1518 1806
1518 1885
1519 1543
1520 1683
1520 1723
1520 1794
1520 1837
1520 1843
1522 1650
1524 1914
1524 1955
1525 1547
1525 1564
1525 1657
1527 1566
1528 1773
1528 1777
1528 1939
1528 1969
1529 1593
1529 1674
1530 1538
1530 1841
1530 1887
1531 1644
1531 1755
1532 1680
1534 1847
1534 1960
1535 1711
1536 1616
1537 1787
1538 1689
1539 1724
1539 1930
1540 1856
1541 1647
1541 1713
1541 1805
1541 1915
1542 1656
1542 1843
1542 1889
1542 1896
1542 1969
1543 1775
1544 1574
1544 1676
1544 1729
1545 1597
1545 1819
1545 1933
1546 1554
1546 1778
1546 1790
1546 1880
1547 1805
1547 1819
1547 1902
1548 1568
1548 1655
1548 1665
1548 1814
1548 1959
1549 1623
1549 1689
1550 1835
1550 1939
1551 1710
1551 1889
1552 1574
1552 1917
1553 1962
1553 1967
1554 1611
1554 1684
1554 1898
1555 1834
1558 1577
1558 1812
1558 1828
1559 1704
1559 1725
1559 1758
1559 1931
1560 1740
1560 1927
1561 1643
1561 1749
1562 1967
1565 1583
1565 1621
1565 1711
1566 1767
1566 1936
1567 1999
1569 1598
1569 1936
1570 1650
1570 1992
1571 1848
1572 1625
1572 1671
1573 1599
1573 1636
1573 1723
1574 1855
1574 1916
1575 1666
1576 1611
1577 1590
1578 1987
1580 1702
1581 1901
1583 1774
1584 1862
1585 1689
1586 1617
1587 1795
1587 1904
1588 1643
1588 1699
1588 1812
1589 1798
1589 1918
1590 1677
1590 1851
1590 1924
1592 1792
1593 1849
1593 1898
1594 1638
1594 1756
1596 1739
1596 1759
1596 1994
1597 1971
1598 1632
1599 1702
1599 1723
1599 1951
1599 1993
1601 1803
1601 1915
1602 1741
1602 1803
1605 1735
1606 1967
1607 1862
1607 1969
1608 1965
1610 1817
1610 1891
1611 1788
1611 1893
1612 1828
1613 1770
1614 1703
1614 1867
1616 1711
1618 1653
1621 1690
1623 1677
1624 1893
1625 1644
1625 1665
1625 1865
1625 1940
1626 1858
1627 1778
1628 1793
1631 1681
1631 1846
1631 1879
1631 1935
1632 1770
1634 1685
1634 1879
1635 1675
1635 1979
1637 1868
1638 1677
1640 1733
1640 1896
1640 1951
1641 1700
1642 1661
1642 1679
1642 1909
1642 1975
1644 1665
1644 1687
1644 1843
1644 1937
1646 1647
1647 1939
1647 1984
1648 1773
1648 1848
1648 1951
1650 1926
1650 1959
1651 1988
1653 1679
1653 1680
1653 1755
1653 1898
1653 1959
1653 1999
1654 1755
1654 1818
1655 1958
1655 1999
1656 1949
1657 1822
1658 1957
1659 1666
1659 1928
1660 1877
1661 1673
1661 1843
1661 1844
1662 1875
1663 1725
1663 1815
1665 1921
1666 1668
1666 1770
1666 1785
1667 1706
1667 1774
1667 1815
1668 1734
1669 1740
1669 1790
1669 1909
1670 1938
1673 1678
1673 1806
1674 1732
1675 1746
1675 1871
1675 1956
1675 1995
1677 1735
1679 1962
1680 1720
1682 1942
1684 1771
1684 1981
1686 1700
1686 1863
1686 1908
1687 1727
1687 1753
1688 1834
1690 1705
1691 1886
1693 1755
1694 1789
1694 1905
1695 1724
1695 1873
1696 1814
1697 1862
1697 1950
1697 1959
1699 1895
1700 1925
1701 1786
1701 1983
1701 1985
1702 1894
1702 1962
1703 1772
1703 1830
1703 1902
1704 1713
1704 1941
1706 1865
1707 1708
1708 1936
1709 1781
1709 1838
1709 1851
1710 1714
1710 1789
1710 1893
1710 1989
1711 1888
1711 1989
1714 1781
1714 1914
1716 1819
1716 1873
1716 1914
1717 1867
1719 1820
1720 1852
1721 1800
1721 1804
1722 1979
1726 1771
1726 1918
1727 1743
1727 1808
1727 1827
1728 1926
1728 1928
1729 1842
1731 1810
1731 1835
1731 1922
1733 1747
1733 1948
1735 1805
1737 1867
1738 1967
1741 1746
1741 1801
1741 1982
1742 1924
1743 1874
1744 1962
1745 1796
1746 1869
1747 1758
1748 1919
1749 1786
1750 1755
1750 1845
1750 1966
1753 1937
1754 1821
1754 1991
1755 1758
1755 1796
1757 1887
1757 1928
1758 1772
1760 1892
1760 1968
1761 1982
1762 1914
1762 1934
1763 1842
1763 1938
1765 1977
1766 1830
1766 1848
1766 1977
1767 1820
1768 1807
1768 1816
1768 1887
1768 1956
1769 1803
1771 1920
1772 1868
1772 1890
1773 1891
1776 1914
1776 1938
1777 1842
1777 1919
1778 1861
1778 1935
1780 1792
1780 1859
1780 1866
1780 1903
1780 1967
1783 1858
1784 1823
1784 1844
1784 1925
1785 1805
1785 1868
1785 1979
1786 1805
1787 1860
1789 1870
1790 1866
1791 1832
1791 1893
1792 1871
1795 1970
1797 1810
1797 1830
1798 1887
1798 1928
1798 1979
1801 1825
1801 1937
1803 1916
1803 1930
1804 1808
1806 1887
1807 1816
1809 1885
1810 1886
1811 1874
1811 1916
1812 1860
1814 1871
1815 1851
1816 1991
1817 1836
1817 1839
1820 1955
1824 1903
1824 1912
1825 1857
1825 1894
1826 1867
1828 1866
1829 1926
1829 1973
1830 1984
1831 1883
1831 1908
1831 1934
1831 1950
1833 1919
1833 1963
1836 1903
1836 1990
1836 1996
1837 1954
1838 1902
1841 1946
1842 1854
1843 1893
1843 1905
1851 1999
1852 1871
1853 1893
1854 1875
1855 1866
1856 1943
1858 1952
1860 1908
1860 1972
1865 1895
1866 1888
1868 1998
1871 1910
1872 1889
1872 1990
1874 1938
1875 1994
1876 1877
1877 1916
1878 1985
1880 1971
1884 1906
1886 1977
1886 1987
1891 1902
1892 1923
1892 1983
1894 1964
1900 1903
1905 1963
1906 1956
1907 1951
1909 1965
1910 1932
1911 1935
1914 1984
1915 1943
1916 1994
1917 1995
1919 1995
1920 1935
1930 1950
1933 1944
1936 1977
1937 1955
1938 1949
1941 1998
1945 1945
1946 1950
1946 1985
1957 1969
1962 1993
1968 1975
1972 1998
