2000
0 39
0 135
0 704
0 1207
0 1447
0 1541
0 1557
1 94
1 630
1 1438
1 1613
1 1619
1 1636
1 1841
2 356
2 451
3 1179
3 1266
3 1390
3 1453
3 1898
4 174
4 660
4 1299
4 1472
4 1722
5 908
5 1022
6 13
6 60
6 197
6 669
6 1138
6 1158
6 1204
6 1426
6 1485
6 1921
6 1927
7 84
7 321
7 776
7 829
7 1621
7 1750
8 398
8 667
8 892
8 918
8 935
8 1262
8 1597
8 1868
8 1950
9 91
9 213
9 1005
9 1225
9 1383
9 1967
9 1998
10 315
10 705
10 1016
11 456
11 594
11 807
11 1125
11 1196
11 1338
11 1405
11 1744
11 1790
12 238
12 582
12 867
12 888
13 68
13 475
13 669
13 907
13 1632
13 1720
13 1945
14 420
14 656
14 977
14 1015
15 922
15 982
15 1053
15 1312
15 1404
15 1517
15 1800
16 807
16 1674
17 376
17 909
17 1042
17 1827
17 1966
18 468
18 1048
18 1168
18 1508
19 156
19 170
19 846
19 947
19 1360
20 159
20 458
20 596
20 714
20 1014
20 1249
20 1660
20 1980
21 1144
21 1791
21 1796
22 325
22 772
22 823
22 1583
23 489
23 1309
23 1754
24 887
24 934
24 1601
25 310
25 931
25 1086
25 1888
26 53
26 264
26 1207
26 1262
27 412
27 729
27 1152
27 1439
27 1533
27 1565
27 1758
28 114
28 224
28 1507
28 1681
29 715
29 1724
29 1991
30 78
30 87
30 498
30 1072
30 1351
31 63
31 137
31 221
31 375
31 694
31 700
31 707
31 1789
31 1979
32 301
32 558
32 977
32 1004
32 1044
33 1594
34 234
34 258
34 365
34 928
34 1687
35 102
35 346
35 594
35 1186
36 74
36 124
36 145
36 364
36 374
36 440
36 1037
36 1945
37 656
37 796
37 873
37 1669
38 45
38 242
38 373
38 667
38 894
38 917
38 970
38 1626
38 1702
39 713
39 721
40 309
40 498
40 1145
40 1384
40 1567
41 1133
41 1308
41 1486
41 1524
41 1795
42 186
42 343
42 1639
42 1905
42 1909
43 307
43 391
43 626
43 1308
43 1478
43 1822
43 1874
44 174
44 1111
44 1412
44 1590
44 1743
45 103
45 452
45 714
45 1652
46 59
46 355
46 578
46 789
46 855
46 1074
46 1429
46 1718
46 1887
47 110
47 902
47 1215
47 1362
47 1575
47 1677
48 195
48 289
48 1769
48 1795
48 1846
48 1902
48 1935
49 124
49 140
49 160
49 166
49 508
49 715
49 898
49 1393
50 963
50 1754
50 1807
50 1815
51 165
51 208
51 231
51 483
51 1165
51 1905
52 853
52 1089
52 1370
52 1708
52 1709
53 1586
54 677
54 985
54 1261
54 1628
54 1725
54 1970
55 179
55 907
55 935
55 1060
55 1652
55 1963
56 155
56 339
56 342
56 1078
56 1494
56 1567
57 1034
57 1514
58 366
58 536
58 910
58 1855
58 1915
59 323
59 354
59 394
59 679
59 1648
59 1893
60 198
60 758
60 972
60 1072
61 1585
62 953
62 965
62 1097
62 1548
63 95
63 1025
63 1312
63 1357
63 1555
63 1612
63 1760
63 1861
63 1989
64 591
64 650
64 843
64 949
64 1353
65 571
65 617
65 681
65 1076
65 1432
66 268
66 362
66 406
66 516
66 1726
67 321
67 785
67 980
67 1303
67 1324
67 1924
68 133
68 838
68 1026
68 1092
68 1604
69 523
69 868
69 929
69 1736
70 335
70 1814
71 447
71 524
71 531
71 913
71 1661
72 464
72 1252
73 465
73 1851
73 1988
74 126
74 213
74 255
74 312
74 396
74 422
74 555
74 947
74 998
74 1161
74 1320
75 102
75 165
75 209
75 764
75 781
75 790
76 578
76 1101
76 1782
76 1994
77 164
77 245
77 328
77 578
77 1067
77 1686
77 1954
78 417
78 1108
78 1733
79 285
79 305
79 417
79 525
79 1283
79 1388
79 1642
80 88
80 1164
81 171
81 717
81 734
81 797
82 169
82 313
82 660
82 781
82 883
82 1575
82 1750
83 645
83 905
83 1117
83 1127
83 1474
83 1690
83 1866
83 1930
84 803
84 908
84 1692
85 295
85 310
85 417
85 1041
85 1484
85 1614
86 167
86 1255
86 1625
86 1943
86 1986
87 226
87 837
87 1235
87 1611
87 1708
88 149
88 364
88 726
88 756
88 888
88 1632
89 966
89 1122
89 1357
90 345
90 960
90 999
90 1233
90 1747
91 1109
91 1168
91 1347
91 1521
91 1924
92 196
92 1519
92 1777
93 232
93 750
93 787
93 878
93 986
93 1809
93 1825
93 1909
94 1132
94 1408
94 1580
94 1769
94 1889
95 245
95 346
95 1940
96 289
96 350
96 430
96 553
96 717
96 1213
96 1560
96 1952
97 189
97 333
97 447
97 932
97 1093
97 1192
97 1475
98 109
98 641
98 991
98 1629
98 1741
99 178
99 536
99 679
99 770
99 1126
99 1404
99 1498
99 1532
99 1884
100 1008
100 1629
101 142
101 381
101 658
101 1080
101 1466
101 1635
101 1757
102 338
102 639
102 1256
102 1285
102 1801
103 960
103 1038
103 1732
104 799
104 1090
105 1050
105 1285
105 1418
106 846
106 900
106 959
106 1237
106 1239
106 1908
107 140
107 951
107 1513
107 1927
108 379
108 485
108 691
108 735
108 1805
108 1928
109 381
109 435
109 976
110 1095
110 1652
111 443
111 1042
111 1097
111 1124
111 1266
111 1759
112 851
112 868
112 1300
112 1383
112 1487
112 1686
112 1717
112 1737
112 1893
113 122
113 761
113 1608
113 1638
113 1932
114 238
115 367
115 867
115 1214
115 1577
115 1756
116 237
116 438
116 1630
117 1513
117 1591
117 1807
117 1873
118 144
118 155
118 262
118 722
118 1131
118 1786
119 957
119 1422
119 1959
120 149
120 154
120 228
120 511
120 651
120 710
120 800
120 816
120 957
120 998
121 142
121 716
121 997
121 1044
121 1307
121 1781
122 381
122 789
122 893
122 1175
122 1265
122 1864
123 264
123 401
123 805
123 954
123 990
123 1752
123 1879
124 460
124 1116
124 1341
124 1363
124 1532
124 1634
125 173
125 942
125 1195
125 1220
125 1489
126 532
126 814
126 1165
126 1528
127 250
128 224
128 399
128 533
128 1110
128 1266
128 1420
128 1536
128 1846
128 1949
129 294
129 1050
129 1280
129 1694
129 1997
131 1026
131 1144
131 1931
132 433
132 518
132 826
132 1519
132 1727
133 797
133 1012
133 1225
133 1458
133 1690
134 463
134 902
134 1211
134 1401
134 1536
134 1588
135 187
135 360
135 729
135 1384
136 197
136 889
136 1292
137 1230
137 1263
137 1411
137 1684
137 1874
138 662
138 872
138 998
138 1446
138 1455
138 1532
139 575
139 1794
139 1971
140 401
140 406
140 431
140 858
140 1051
140 1256
141 273
141 856
141 1235
141 1806
142 310
142 636
142 855
142 1458
142 1469
142 1716
143 319
143 917
143 1179
143 1512
143 1640
144 202
144 454
144 555
144 721
144 760
144 856
144 1020
144 1323
145 922
145 1808
146 801
146 1052
146 1316
146 1455
147 855
147 1529
148 867
148 1373
148 1581
149 190
149 227
149 287
149 347
149 448
149 1074
150 1021
150 1161
150 1172
150 1848
151 973
151 1025
151 1678
151 1774
152 554
152 724
152 1074
152 1383
152 1658
153 467
153 604
154 361
154 703
154 1124
154 1383
154 1607
155 291
155 627
155 1251
155 1609
155 1892
155 1988
156 310
156 1291
156 1308
156 1374
157 228
157 821
157 825
157 943
157 1170
158 1304
158 1368
158 1480
158 1849
159 1163
159 1176
159 1190
159 1455
159 1530
160 763
161 192
161 616
161 676
161 687
161 1085
161 1167
161 1343
162 1057
162 1444
162 1457
162 1586
163 400
163 549
163 969
163 1858
164 265
164 504
164 584
164 1057
164 1877
165 307
165 525
165 701
165 1137
165 1256
165 1426
165 1556
166 215
166 430
166 458
166 461
166 690
166 861
166 884
166 1018
166 1216
166 1489
166 1772
166 1847
167 874
167 1059
167 1085
167 1136
167 1900
168 315
168 730
168 755
168 766
168 1051
168 1093
168 1118
169 844
169 1116
169 1743
170 623
170 1025
170 1074
170 1606
170 1704
171 171
171 429
171 488
171 892
171 1102
171 1615
171 1711
171 1807
172 408
172 507
172 511
172 901
172 934
172 1019
172 1020
172 1138
172 1348
172 1735
172 1775
172 1830
173 262
173 302
173 1128
173 1316
174 209
174 573
174 633
174 656
174 1082
175 376
175 939
175 1226
176 507
176 1037
176 1100
176 1538
176 1803
176 1997
177 195
177 281
177 425
177 1961
178 363
178 496
178 504
178 936
178 1070
178 1962
179 445
179 615
179 1597
179 1699
179 1758
179 1768
180 253
180 324
180 517
180 1467
180 1654
181 199
181 345
181 387
181 476
181 607
181 1472
181 1694
182 592
182 733
182 1930
183 434
183 733
183 1178
183 1464
183 1643
183 1759
185 361
185 930
185 1544
186 398
186 645
186 756
186 851
186 1781
187 263
187 500
187 516
187 899
187 1445
188 443
188 450
188 763
188 774
188 1359
188 1488
188 1637
189 264
189 629
189 822
189 923
189 1065
189 1770
189 1941
190 1076
190 1505
190 1721
191 527
191 533
191 1973
192 243
192 784
192 1106
192 1447
192 1515
192 1664
192 1965
193 279
193 306
193 487
193 496
193 744
193 892
193 1000
193 1355
193 1447
193 1715
194 279
194 391
195 327
195 388
195 908
195 1207
195 1512
195 1798
196 833
196 1043
196 1755
197 1481
197 1795
197 1943
198 512
198 606
198 970
198 1482
198 1695
198 1733
198 1913
199 368
199 372
199 592
199 629
199 699
199 1159
199 1987
200 935
200 949
200 1213
200 1352
200 1446
200 1544
200 1752
200 1864
201 781
201 1438
201 1663
201 1778
201 1865
202 884
202 1056
202 1763
203 441
203 624
203 960
203 1685
204 419
204 1151
204 1335
205 342
205 621
205 628
205 1036
205 1365
207 511
207 536
207 1462
207 1623
207 1755
207 1857
208 219
208 1154
208 1489
208 1530
208 1855
209 276
209 664
209 884
209 1096
209 1167
209 1208
210 224
210 822
210 912
210 916
210 1149
210 1671
211 566
211 791
211 973
211 1265
211 1330
211 1469
211 1596
212 1372
212 1700
213 417
213 596
213 1717
214 293
214 368
214 823
214 1401
214 1580
214 1789
215 427
215 959
215 1378
215 1603
215 1805
216 673
216 770
216 992
216 1623
216 1744
217 1080
217 1516
218 234
218 725
218 770
218 781
218 991
218 1411
218 1770
218 1889
219 437
219 446
219 505
219 662
219 1292
219 1343
220 243
220 420
220 1769
220 1908
221 675
221 1045
221 1799
222 297
222 521
222 812
222 835
222 1561
222 1803
223 685
223 883
224 894
224 1714
225 381
225 1672
225 1718
225 1991
226 227
226 828
227 777
227 794
227 839
227 1227
227 1473
227 1856
228 254
228 551
229 834
230 291
230 546
230 844
230 1319
230 1395
230 1475
230 1550
231 364
231 850
231 1416
232 736
232 914
232 1635
233 425
233 540
233 841
233 1119
233 1571
233 1620
233 1658
233 1673
234 353
234 873
234 1310
234 1869
234 1952
235 947
235 1267
235 1461
235 1541
235 1727
236 1206
237 1896
238 629
238 1277
238 1279
238 1307
238 1310
238 1323
238 1869
239 607
239 868
239 1881
240 347
240 789
240 1976
241 781
241 1074
241 1193
242 1140
242 1749
242 1752
242 1995
243 993
243 1079
243 1192
244 550
244 584
244 1139
244 1326
245 1290
245 1504
245 1692
245 1757
245 1773
246 295
246 818
246 1064
247 431
247 679
247 715
247 770
247 832
247 1091
247 1445
247 1638
247 1892
248 553
248 1644
248 1767
249 869
249 1011
249 1067
250 289
250 625
250 1186
250 1855
251 1229
251 1448
251 1664
251 1775
252 345
252 609
252 1215
252 1408
252 1857
252 1864
253 1092
253 1148
253 1330
253 1444
253 1455
253 1730
253 1806
254 392
254 557
254 808
254 941
254 1061
254 1215
254 1498
254 1916
255 329
255 697
255 994
255 1251
256 261
256 359
256 626
256 789
256 1271
256 1644
256 1969
257 348
257 416
257 1782
258 339
258 632
258 836
258 975
258 1042
259 720
259 1251
259 1298
259 1930
261 1424
261 1752
262 308
262 370
262 781
262 934
262 1097
262 1362
262 1377
262 1509
262 1953
263 464
263 698
263 885
263 1095
263 1279
263 1321
263 1529
263 1925
264 384
264 1983
265 1035
265 1217
265 1222
265 1573
266 1120
266 1387
266 1635
266 1830
266 1944
267 624
267 718
267 854
267 1504
267 1593
268 1314
268 1409
268 1430
269 505
269 525
269 759
270 619
270 1084
270 1096
270 1102
270 1282
270 1812
270 1923
271 501
271 1135
272 553
272 586
272 879
272 1156
272 1916
273 453
273 1123
273 1469
273 1739
273 1823
274 686
274 980
274 1282
275 361
275 543
275 782
275 1077
276 476
276 979
276 994
276 1626
276 1919
277 334
277 751
277 752
277 812
277 1655
277 1685
278 1055
278 1558
278 1850
278 1852
278 1863
279 459
279 624
279 1134
279 1328
279 1720
280 699
280 924
280 931
280 1577
280 1591
280 1649
281 1642
282 696
282 1070
282 1344
282 1868
283 327
283 1119
283 1704
283 1789
284 528
284 555
284 1238
284 1304
284 1675
285 454
285 1305
285 1582
286 439
286 466
286 1099
286 1221
286 1383
286 1881
287 751
287 763
287 789
287 1106
287 1112
287 1182
287 1729
288 512
288 858
288 1162
288 1309
288 1396
288 1467
288 1590
288 1615
288 1713
289 293
289 380
289 488
289 1172
289 1644
289 1975
290 836
290 859
290 1656
290 1680
290 1705
291 568
291 856
291 1904
292 437
292 732
292 1047
292 1339
292 1523
292 1662
292 1699
293 439
293 1407
293 1906
294 429
294 616
294 1514
294 1898
295 586
295 1054
295 1207
295 1318
295 1553
295 1751
295 1788
295 1917
295 1927
296 916
296 1211
297 381
297 916
297 1429
297 1849
298 625
298 1078
298 1636
298 1943
299 329
299 694
299 1603
299 1653
300 524
300 779
300 870
300 882
300 959
300 1135
300 1222
300 1280
300 1508
300 1832
300 1922
301 498
301 740
301 1308
301 1752
302 916
302 1117
302 1408
302 1558
303 343
303 1545
303 1922
304 345
304 762
304 1035
304 1221
304 1233
304 1363
304 1617
305 397
305 631
305 693
305 1256
305 1734
306 484
306 1164
307 307
307 349
307 842
307 1395
307 1633
307 1799
308 1009
309 402
309 427
309 719
309 881
309 898
309 1855
310 513
310 1122
310 1202
310 1316
311 597
311 640
311 687
311 795
311 1415
311 1522
311 1650
311 1671
312 1690
312 1764
312 1799
313 555
313 905
313 950
313 1046
313 1817
313 1905
313 1914
314 937
314 1030
314 1155
314 1629
314 1875
315 1655
315 1667
315 1730
316 589
316 635
316 818
316 1004
316 1119
316 1140
316 1634
317 354
317 373
317 454
317 769
317 1724
317 1869
318 739
318 823
318 1708
318 1956
319 701
319 846
319 1435
319 1818
320 342
320 558
320 570
320 821
320 1162
320 1390
320 1422
321 1085
321 1541
321 1701
321 1779
321 1843
322 697
322 831
322 1042
322 1756
323 384
323 881
323 893
323 930
323 1456
323 1581
323 1816
323 1823
324 531
324 601
324 1059
324 1142
324 1455
324 1703
324 1821
324 1918
325 855
325 1064
325 1195
326 401
326 827
326 1246
326 1889
327 775
327 957
327 1422
328 598
328 606
328 657
328 696
328 788
328 856
328 878
328 1059
328 1336
328 1783
328 1821
328 1968
329 507
329 1448
329 1719
330 1261
330 1457
330 1598
330 1870
331 817
331 979
331 987
331 1124
332 1527
332 1707
332 1884
333 350
333 852
333 1089
333 1254
333 1398
333 1687
333 1864
334 479
334 881
334 1233
335 427
335 1525
335 1718
336 434
336 1837
337 921
337 1050
337 1252
337 1293
337 1309
337 1833
338 352
338 1333
338 1537
338 1973
339 342
339 374
339 541
339 703
339 842
339 904
340 467
340 513
340 580
340 746
340 1282
340 1374
340 1414
340 1685
340 1745
340 1920
341 578
341 1349
341 1465
342 346
342 353
342 421
342 612
342 784
342 893
342 1694
342 1727
342 1886
342 1911
343 862
343 1097
343 1410
344 920
344 1247
344 1875
345 422
345 487
345 650
345 943
345 984
345 1334
345 1344
345 1523
345 1666
345 1749
346 351
346 688
346 848
346 1629
346 1799
347 1115
347 1137
347 1310
347 1564
347 1657
347 1987
348 1247
349 587
349 758
349 1071
349 1219
349 1419
350 380
350 820
350 1246
350 1411
350 1455
350 1529
350 1532
350 1732
350 1767
350 1775
351 596
351 705
351 867
351 887
351 1211
351 1519
351 1853
352 370
352 447
352 920
352 1128
352 1585
352 1683
353 756
353 1250
353 1311
353 1371
354 496
354 777
354 1085
355 868
355 1621
355 1653
355 1690
355 1994
356 1071
356 1440
356 1493
356 1649
356 1693
356 1844
357 867
357 1083
357 1158
357 1296
357 1733
358 486
358 538
358 1116
359 1360
359 1757
359 1837
360 377
360 740
360 1026
360 1532
360 1625
360 1794
360 1910
361 741
361 1676
361 1894
362 784
362 1008
363 1108
363 1215
363 1979
364 452
364 597
364 688
364 1071
365 720
365 878
365 1628
365 1858
366 383
366 442
366 1633
366 1718
367 648
367 1383
367 1596
367 1915
368 549
368 1342
369 902
369 1096
370 478
370 606
370 772
370 838
370 1065
370 1866
370 1884
371 725
371 855
371 1032
371 1168
371 1837
371 1887
372 559
372 570
372 1440
372 1526
372 1809
372 1879
372 1958
373 1414
374 588
374 774
374 810
374 1206
374 1286
374 1934
375 546
375 1085
375 1105
375 1454
375 1740
376 486
376 1068
376 1681
377 473
377 635
377 1236
377 1310
377 1974
378 439
378 1185
378 1345
378 1542
378 1863
378 1871
378 1910
379 909
379 1322
379 1346
379 1801
380 1574
381 461
381 1265
381 1731
381 1912
382 525
382 559
382 712
382 797
382 924
382 1634
383 864
383 1415
383 1416
383 1556
383 1711
383 1855
383 1912
384 688
384 770
384 1531
384 1864
385 587
385 764
385 805
385 915
385 952
385 978
385 1042
385 1144
385 1234
385 1466
385 1527
385 1547
385 1657
386 1471
386 1601
386 1728
386 1813
386 1913
386 1949
387 700
387 1198
387 1339
387 1531
388 399
388 406
388 574
388 747
388 849
388 881
388 901
388 1664
389 433
389 1064
389 1065
389 1662
389 1793
390 920
390 929
390 1081
390 1244
391 498
391 546
391 825
391 1306
391 1724
391 1988
392 427
392 445
392 711
392 958
392 1248
392 1293
392 1365
392 1468
392 1907
392 1961
392 1998
393 474
393 1119
393 1158
394 832
394 978
394 1281
394 1749
395 762
395 1486
395 1683
395 1921
396 935
396 1421
396 1963
397 400
397 522
397 730
397 992
397 1176
397 1837
398 538
398 1048
398 1216
399 896
399 1266
399 1600
399 1696
399 1811
399 1916
400 411
400 596
400 1087
400 1413
401 1692
401 1783
401 1807
401 1896
402 743
402 790
402 1726
402 1899
402 1990
403 1120
403 1244
404 556
405 752
406 436
406 456
406 738
406 1434
406 1458
406 1851
407 685
407 870
407 1346
407 1476
407 1493
407 1591
407 1656
407 1887
407 1895
408 491
408 866
409 502
409 668
409 744
410 1151
410 1166
410 1299
410 1608
411 497
411 701
411 777
411 1360
411 1487
412 441
412 628
412 865
412 1401
412 1717
412 1761
412 1975
413 1247
413 1291
413 1934
414 526
414 703
414 1050
414 1100
414 1393
415 482
415 1010
415 1230
415 1675
415 1692
415 1806
415 1953
416 1503
417 533
417 1266
417 1370
418 690
418 752
418 1241
418 1409
419 965
419 968
419 1935
420 988
420 1188
420 1285
421 654
421 1212
421 1949
422 453
422 631
422 1008
422 1021
422 1453
423 479
423 502
423 841
423 1451
424 1004
424 1064
425 944
425 1380
425 1594
426 532
426 1179
426 1535
426 1697
426 1701
427 438
427 548
427 623
427 792
427 1034
427 1447
427 1886
427 1935
428 489
428 617
428 962
428 1221
428 1416
429 625
429 689
429 1099
429 1115
429 1467
429 1867
430 999
430 1052
430 1446
430 1451
430 1737
430 1866
431 478
431 1182
431 1661
431 1867
432 686
432 1761
433 1141
433 1405
433 1505
434 492
434 676
434 1223
434 1317
434 1764
435 1329
435 1496
435 1528
435 1535
435 1858
436 607
436 1219
436 1287
436 1944
437 775
437 811
437 964
437 1416
437 1834
438 1050
438 1715
438 1733
438 1819
439 891
439 988
439 1642
440 517
440 582
440 594
440 828
440 1884
441 531
441 693
441 1273
441 1279
441 1532
441 1664
442 751
442 1418
442 1465
442 1604
443 479
443 1869
444 485
444 1240
444 1645
444 1740
444 1934
445 488
445 549
445 1260
445 1648
445 1722
446 551
446 1100
446 1917
447 743
447 827
447 1192
447 1351
447 1711
447 1807
447 1996
448 735
448 770
448 1204
448 1485
448 1515
448 1929
449 516
449 1196
449 1244
449 1325
449 1387
449 1938
451 606
451 1004
451 1531
451 1568
451 1803
452 889
452 908
452 1253
452 1605
452 1905
453 1050
453 1368
453 1612
454 559
454 929
454 1908
455 770
455 1432
455 1677
456 589
456 786
456 1741
457 668
457 1086
457 1237
457 1664
458 623
458 1230
458 1237
458 1662
458 1676
458 1854
458 1884
458 1912
459 658
459 756
459 1495
460 539
460 601
460 886
460 892
460 897
460 1028
460 1467
460 1902
461 512
461 1205
461 1371
461 1957
461 1963
462 1609
463 494
463 604
463 1234
463 1313
463 1389
464 800
464 1830
465 614
465 702
465 1594
465 1777
466 1386
467 641
467 708
467 843
467 1466
467 1838
468 1364
469 741
469 1914
470 788
470 1804
471 681
471 1031
471 1621
471 1661
472 544
472 634
472 1151
472 1807
473 1427
474 977
474 1377
474 1649
474 1769
474 1820
474 1882
475 730
475 1168
475 1309
475 1724
475 1877
476 589
476 767
476 839
476 1230
476 1394
476 1898
476 1901
478 575
479 913
479 1097
479 1421
479 1480
479 1502
480 637
480 817
480 910
480 1237
481 1421
481 1707
481 1798
482 807
482 1264
482 1351
483 1216
483 1242
484 863
484 977
485 647
485 910
485 1688
486 558
486 1512
486 1747
487 683
487 904
487 1343
487 1569
487 1650
487 1875
488 900
488 934
488 1021
488 1051
488 1246
488 1856
489 557
489 883
490 977
490 1542
490 1558
491 1125
491 1156
491 1949
492 694
492 744
492 1382
492 1599
492 1687
492 1701
492 1950
493 1529
493 1566
493 1919
494 1026
494 1147
494 1387
494 1414
495 572
495 585
495 1175
495 1912
495 1926
495 1940
495 1943
496 1580
497 912
497 1515
498 545
498 672
498 931
498 1349
499 938
499 1365
499 1384
499 1532
499 1584
500 587
500 753
500 1661
500 1797
500 1844
500 1955
501 1076
502 608
503 1058
503 1234
503 1504
503 1515
503 1708
503 1727
503 1939
504 636
504 738
504 907
504 1684
504 1829
504 1912
505 638
505 644
505 798
505 915
505 1918
506 878
506 1101
506 1112
506 1203
507 629
507 1789
507 1856
508 852
508 1060
508 1731
509 984
509 1796
511 657
511 866
511 1921
512 557
512 576
512 1036
513 815
513 923
513 953
513 1086
514 605
514 613
514 978
514 1007
514 1114
514 1383
514 1926
515 1875
516 551
516 619
516 797
516 1234
516 1241
516 1337
516 1537
516 1580
517 614
517 1694
517 1855
518 814
518 1175
518 1222
519 891
519 900
519 1264
519 1905
520 670
520 1904
521 553
521 1095
521 1236
521 1751
522 860
522 1450
522 1672
523 1223
523 1383
523 1579
524 679
524 900
524 1482
524 1583
524 1633
525 640
525 1004
525 1064
525 1639
526 1159
526 1204
526 1975
527 529
527 582
527 1363
527 1452
527 1489
527 1808
528 541
528 621
528 790
528 1291
528 1511
529 595
529 1617
530 1059
530 1195
530 1623
530 1798
531 730
531 1870
531 1955
531 1979
532 564
532 1013
532 1091
532 1367
532 1420
532 1434
532 1614
533 818
533 1293
533 1632
533 1717
534 699
534 750
534 758
534 1197
534 1479
534 1655
534 1940
535 1009
535 1362
535 1573
536 863
536 1192
536 1340
536 1505
536 1698
536 1967
537 548
537 750
537 1631
538 1599
539 752
539 849
539 854
539 890
539 926
539 938
539 1348
539 1517
539 1900
539 1924
539 1954
540 778
540 1009
540 1105
540 1374
540 1717
541 767
541 814
541 826
541 989
541 1462
541 1566
541 1569
541 1606
541 1792
541 1948
542 1225
542 1259
542 1374
542 1689
543 676
543 761
543 811
543 941
543 1505
544 588
544 772
544 797
544 853
544 1590
544 1700
545 588
545 978
545 1174
545 1200
546 1111
546 1305
546 1976
547 938
547 1228
548 1406
548 1422
549 767
549 784
549 1336
549 1944
550 634
550 645
550 867
550 1560
550 1917
551 568
551 662
551 1209
551 1331
551 1392
551 1557
551 1966
553 830
553 1198
554 811
555 1267
555 1848
556 695
556 794
556 864
556 1052
556 1695
556 1772
556 1893
557 599
557 1829
558 706
558 1241
558 1474
558 1547
558 1631
558 1639
558 1893
559 861
559 1207
559 1299
560 912
560 1170
560 1524
562 855
562 1706
563 919
563 1268
563 1689
563 1781
563 1852
564 799
564 1244
565 619
565 963
565 1321
565 1483
565 1494
565 1599
566 995
566 1154
566 1791
567 1066
568 1099
568 1720
569 606
569 695
569 795
569 890
569 1833
570 1551
570 1561
571 1348
571 1519
571 1832
572 977
572 1369
572 1545
572 1941
573 603
573 1551
573 1825
574 1060
574 1178
574 1238
574 1613
575 614
575 809
575 976
575 1216
575 1523
575 1972
576 947
576 1654
576 1987
577 581
577 1108
577 1511
577 1597
577 1640
577 1768
578 811
578 1026
578 1248
578 1431
578 1883
579 793
579 857
579 1021
579 1076
579 1225
579 1686
580 1339
581 762
581 1316
581 1610
581 1649
581 1793
582 1344
583 731
583 1415
583 1880
583 1980
584 1075
584 1256
584 1753
585 858
585 1330
585 1846
586 1477
587 1445
587 1595
587 1968
588 1003
588 1016
588 1126
588 1514
590 1068
590 1162
591 1025
591 1526
591 1769
591 1778
591 1832
591 1842
591 1907
592 869
592 1721
593 994
593 1094
593 1663
593 1736
593 1988
594 784
594 893
594 1073
594 1526
595 775
595 827
595 1013
595 1120
595 1216
595 1274
596 626
596 966
596 1563
596 1733
596 1833
597 740
597 802
597 1897
598 623
598 1267
598 1847
599 649
599 854
599 1839
600 817
600 1626
600 1776
600 1960
601 1217
601 1539
601 1738
602 828
602 1312
604 616
604 709
604 1290
605 714
605 806
605 972
605 1428
605 1474
606 666
606 834
607 630
607 836
607 997
607 1244
607 1583
607 1840
608 939
608 958
608 1270
608 1605
608 1815
609 960
609 1568
609 1866
609 1921
610 1640
611 1220
611 1530
611 1557
611 1641
611 1896
611 1953
612 988
612 1863
613 889
613 1705
614 1478
614 1882
615 1095
615 1646
615 1678
615 1866
616 694
616 1428
617 966
617 1007
617 1429
618 660
618 1362
618 1472
618 1822
618 1876
618 1905
619 1756
619 1860
619 1920
620 1744
620 1815
621 1023
621 1227
621 1862
622 779
622 844
622 1031
622 1085
622 1135
622 1792
623 745
623 759
623 1192
623 1866
624 980
624 1080
624 1192
624 1554
624 1626
625 769
625 783
625 839
625 933
625 1676
626 753
626 768
626 929
626 944
626 1011
626 1447
626 1549
626 1850
626 1980
627 902
627 1434
627 1981
628 793
628 995
628 1274
628 1982
629 636
629 1090
629 1133
629 1302
630 1045
630 1328
630 1477
631 1573
631 1625
632 804
633 1015
633 1016
634 772
634 1338
634 1741
635 1773
635 1935
636 856
636 1844
637 819
637 835
637 980
637 981
637 1964
638 1978
639 1233
639 1620
640 719
640 1052
640 1089
640 1202
640 1692
640 1781
641 928
641 1031
641 1648
641 1708
641 1802
641 1980
642 1032
642 1756
642 1918
643 649
644 1507
644 1545
645 958
645 1703
646 721
646 1075
646 1584
647 761
647 878
647 1451
647 1591
647 1636
647 1657
648 810
648 1384
648 1955
649 911
649 912
649 1062
649 1133
649 1601
649 1959
650 1443
650 1532
650 1677
651 749
651 890
651 949
651 1031
651 1190
651 1421
651 1466
652 780
652 906
652 1312
652 1687
653 763
653 981
653 1271
653 1487
653 1782
654 692
654 1808
654 1813
654 1857
655 791
655 798
655 1205
655 1475
655 1818
656 1521
656 1968
657 1503
657 1579
657 1615
657 1625
658 1581
659 886
659 1009
659 1708
659 1853
659 1869
661 738
661 900
661 1601
662 922
662 1112
663 1521
663 1588
663 1746
663 1915
664 858
664 1350
664 1618
666 711
666 1639
666 1823
666 1849
666 1891
667 1393
667 1633
667 1816
668 1031
668 1305
668 1751
669 1188
670 1159
670 1325
670 1863
671 735
671 1161
671 1258
671 1333
672 1024
672 1209
672 1316
672 1542
672 1582
673 1090
673 1276
673 1336
674 745
675 711
675 755
675 847
675 1801
675 1916
675 1932
676 707
676 718
676 897
676 1366
676 1456
677 678
677 800
677 955
677 1149
677 1533
678 1848
678 1942
679 1506
679 1643
679 1835
680 984
680 1198
680 1203
680 1384
680 1685
680 1794
680 1997
681 1017
681 1569
681 1686
682 1267
682 1375
682 1655
682 1670
682 1878
683 1047
683 1169
683 1183
683 1224
683 1915
684 773
684 1245
684 1993
685 803
685 1658
685 1851
686 693
686 865
686 988
686 1699
686 1979
687 746
687 789
687 853
688 1027
688 1300
688 1551
689 827
689 1202
689 1237
689 1260
689 1289
689 1491
690 1062
690 1316
690 1460
690 1541
690 1872
691 1385
691 1496
691 1515
691 1787
691 1854
691 1886
692 715
692 1190
693 711
693 840
693 1049
693 1173
693 1788
694 706
694 1317
695 785
695 1704
696 1337
696 1752
697 1626
698 906
699 858
699 1135
699 1289
700 787
700 888
700 1041
700 1077
700 1125
700 1670
700 1698
700 1701
700 1824
700 1926
701 1630
702 765
702 1664
702 1814
702 1998
703 1036
703 1210
703 1799
704 1245
705 1326
705 1627
705 1743
706 1510
707 1221
708 1240
708 1463
708 1470
709 1374
709 1609
710 1343
710 1640
711 1407
711 1418
711 1754
712 1413
712 1837
713 787
713 1684
713 1723
714 1016
714 1558
714 1914
714 1970
715 915
715 1569
716 1212
717 1464
717 1689
718 841
718 898
718 1615
719 1337
720 876
720 1574
721 1173
721 1212
721 1472
721 1530
721 1738
721 1857
722 1221
722 1284
722 1297
722 1339
722 1787
722 1870
722 1998
723 1245
723 1364
723 1376
723 1527
723 1700
723 1958
724 960
724 1453
724 1513
724 1774
725 1431
725 1516
725 1961
726 829
726 1560
727 741
727 1221
727 1363
729 884
729 1013
729 1718
729 1919
730 1077
730 1358
730 1600
731 1492
731 1562
732 765
732 1245
732 1599
732 1671
733 766
734 1302
734 1983
735 893
735 1243
735 1653
736 1530
737 761
737 1467
737 1919
738 879
738 1044
738 1507
739 772
739 1854
740 1068
740 1094
740 1781
740 1977
741 915
741 1035
741 1220
741 1821
742 875
743 847
743 1865
744 855
744 1339
744 1872
745 905
745 1495
745 1860
745 1943
747 1836
748 1500
750 807
750 855
750 1044
750 1072
750 1237
750 1249
750 1571
751 1482
751 1611
751 1689
752 1268
752 1490
753 1159
753 1887
754 777
754 914
754 1463
754 1773
755 837
755 1184
755 1626
756 1374
757 1103
758 766
758 772
758 836
758 1067
758 1369
758 1386
759 769
759 1987
760 851
760 1191
760 1384
761 1136
761 1282
761 1356
761 1469
761 1623
761 1726
761 1901
762 826
762 906
762 1021
762 1092
762 1665
763 902
763 1494
763 1825
764 1090
764 1096
764 1559
764 1754
764 1876
765 913
765 929
766 834
766 1477
766 1546
767 845
767 944
767 987
767 1705
768 1218
768 1422
768 1995
769 1031
769 1136
769 1777
770 982
770 1042
770 1418
770 1428
770 1774
771 968
771 1020
771 1490
771 1593
772 812
772 1152
772 1465
772 1635
773 1446
773 1561
774 1211
774 1706
775 1078
775 1133
776 1125
776 1163
776 1171
776 1593
777 1688
777 1829
778 1185
778 1719
778 1856
779 864
779 898
779 1888
780 1015
780 1299
780 1327
780 1330
780 1340
780 1763
780 1821
781 1127
781 1246
781 1304
781 1331
781 1707
781 1901
782 1388
782 1512
782 1616
782 1644
782 1918
783 960
783 1410
783 1625
783 1640
783 1786
783 1804
783 1806
783 1865
783 1971
784 1151
784 1623
784 1791
784 1825
784 1845
785 996
785 1443
785 1894
785 1938
786 1392
786 1541
786 1542
786 1816
786 1820
786 1824
787 800
787 1255
787 1491
787 1647
787 1682
787 1753
788 891
788 1539
789 1145
789 1260
789 1621
789 1741
790 900
790 1146
790 1532
790 1606
790 1888
790 1984
791 1335
791 1378
792 1369
793 1151
793 1167
793 1279
793 1636
793 1768
793 1977
794 829
794 1314
795 856
795 991
795 1085
795 1292
795 1494
795 1806
795 1921
795 1943
796 837
796 934
796 1301
796 1861
797 1069
797 1098
797 1105
797 1918
798 878
799 923
799 1583
800 1375
800 1791
801 814
801 845
801 1997
802 1436
802 1989
803 863
803 1864
804 859
804 964
804 1398
805 1085
805 1386
805 1630
805 1752
806 838
807 1303
807 1360
807 1534
807 1565
807 1772
807 1891
808 826
808 1666
809 819
809 1072
809 1183
809 1450
809 1713
810 988
810 1185
810 1361
810 1488
810 1667
811 819
811 1544
811 1994
812 1193
812 1250
812 1722
812 1829
813 826
813 1121
813 1878
813 1999
814 1403
814 1466
814 1593
814 1807
814 1845
814 1908
814 1912
815 1333
816 1231
816 1313
816 1480
816 1813
816 1900
817 911
817 965
817 1707
817 1842
817 1923
818 1391
818 1406
818 1682
818 1903
819 1336
819 1681
819 1693
819 1964
820 1212
820 1399
820 1634
822 919
822 1307
822 1617
822 1718
823 1168
823 1921
823 1949
823 1952
824 864
824 974
824 1354
824 1838
825 1897
826 1662
826 1783
828 880
829 1413
829 1534
829 1709
830 1445
830 1456
831 965
831 1357
831 1950
832 977
832 1672
833 1510
834 1862
835 1281
835 1598
836 1240
836 1343
836 1802
836 1852
837 1067
837 1336
838 1984
839 1225
840 1017
840 1034
840 1122
840 1544
840 1828
841 1383
841 1423
841 1602
841 1808
842 1332
842 1565
842 1682
843 949
843 1307
844 1022
844 1581
844 1601
844 1868
845 891
845 1151
846 980
846 1009
846 1340
846 1403
846 1635
846 1641
846 1692
846 1885
847 1565
847 1596
847 1712
847 1849
848 1101
848 1640
848 1857
849 1850
850 948
851 1035
852 893
852 1094
852 1100
853 1379
854 866
854 1434
854 1550
854 1670
854 1802
854 1859
855 1277
855 1552
856 951
856 1604
856 1716
856 1733
857 1345
857 1380
857 1564
857 1835
858 990
858 1332
858 1551
858 1618
858 1751
858 1983
859 1168
859 1318
859 1661
859 1663
860 892
860 1089
860 1570
860 1691
860 1866
861 1351
862 1124
863 1190
863 1608
863 1613
863 1724
864 1258
864 1392
864 1458
865 1198
865 1789
866 1123
866 1156
866 1839
866 1929
866 1985
867 1045
867 1985
868 1184
868 1679
869 904
869 938
869 987
869 1353
870 882
870 1068
871 1211
871 1601
871 1832
871 1871
872 1296
872 1546
872 1556
872 1591
873 958
873 1058
873 1252
873 1952
874 1118
875 1283
875 1624
875 1810
876 1403
876 1828
877 997
877 1133
877 1955
878 1336
878 1725
878 1974
878 1982
880 1114
880 1328
880 1395
880 1493
880 1507
880 1799
880 1814
881 1317
881 1376
881 1595
881 1660
881 1748
882 1575
882 1636
882 1717
882 1947
883 1109
883 1304
883 1373
883 1377
884 1262
884 1501
884 1724
884 1905
884 1947
884 1996
885 1249
885 1676
885 1690
886 1096
886 1299
886 1577
886 1680
886 1891
887 1157
887 1325
887 1998
888 903
888 916
888 1619
888 1858
888 1895
889 1574
889 1624
890 912
890 1170
890 1305
890 1522
890 1898
890 1915
890 1916
891 937
891 1511
891 1572
891 1708
892 932
892 1252
893 998
893 1490
894 1206
894 1922
895 1181
895 1514
895 1848
896 1228
896 1611
896 1646
896 1653
896 1779
897 996
897 1841
898 1053
898 1248
898 1718
898 1848
898 1912
899 1212
899 1270
899 1510
899 1524
899 1535
899 1759
900 1022
900 1748
901 913
901 1238
901 1479
902 1803
902 1862
902 1947
904 1057
904 1072
905 1423
905 1767
906 926
906 1529
906 1973
906 1991
907 1375
907 1860
908 941
908 991
908 1191
908 1225
908 1881
909 921
909 1073
909 1267
909 1840
910 1303
910 1836
911 1043
911 1226
911 1574
912 1024
912 1424
912 1494
913 1512
913 1577
914 1178
914 1529
914 1808
915 1303
915 1420
915 1884
915 1961
916 1013
916 1347
916 1413
916 1430
916 1788
917 1210
917 1883
918 1166
919 1744
920 1003
920 1086
920 1189
920 1473
921 998
921 1686
921 1735
921 1997
922 1391
922 1800
922 1925
922 1939
923 1084
923 1739
923 1958
924 1520
924 1600
924 1734
924 1782
924 1908
925 1197
925 1713
925 1727
925 1808
925 1831
926 1264
927 1125
927 1202
927 1635
927 1963
928 1108
928 1620
928 1884
930 1379
930 1412
930 1423
930 1535
930 1727
931 1134
931 1297
932 1892
933 944
933 1210
933 1955
934 1542
934 1563
935 937
935 1291
935 1362
935 1606
935 1714
935 1905
936 1030
936 1246
936 1504
936 1519
937 1092
937 1152
937 1328
937 1503
937 1685
938 1715
939 1680
939 1996
940 1158
940 1405
940 1736
941 1154
942 1299
942 1317
942 1805
943 1427
943 1580
943 1647
944 1377
944 1732
944 1758
944 1774
945 1797
946 1264
946 1390
947 1064
947 1442
947 1848
948 1661
948 1727
948 1903
949 1069
949 1317
949 1775
949 1810
950 1082
950 1668
951 988
951 1341
951 1494
952 1432
952 1564
952 1864
952 1998
953 1102
954 976
954 1475
954 1633
954 1810
954 1815
955 1210
955 1488
955 1635
956 1338
956 1482
956 1508
956 1680
957 1370
957 1500
957 1801
958 1695
958 1820
958 1916
959 1370
959 1408
959 1850
961 1030
961 1371
962 1001
962 1062
962 1584
963 1535
963 1627
963 1929
964 1657
964 1955
965 1301
965 1426
966 1450
966 1454
967 1532
967 1978
968 1094
968 1533
968 1766
969 1131
969 1358
970 1141
970 1582
970 1616
970 1771
970 1935
971 1284
971 1334
972 1265
972 1870
973 986
973 1206
974 1427
974 1706
975 1244
976 1290
977 1059
977 1840
977 1993
978 1005
978 1190
978 1371
978 1482
978 1635
978 1800
978 1998
980 1160
980 1251
980 1886
981 1854
982 1241
983 1050
983 1506
983 1597
984 1001
985 1257
985 1399
985 1664
986 1576
987 1179
987 1633
987 1974
990 1049
990 1062
990 1309
991 994
992 1290
992 1584
992 1873
993 1048
993 1244
993 1412
993 1749
994 1105
994 1369
996 1272
996 1458
996 1576
996 1979
997 1926
998 1492
998 1521
998 1577
998 1618
998 1667
999 1313
999 1362
999 1443
1001 1001
1001 1428
1001 1803
1001 1844
1001 1866
1002 1651
1003 1141
1003 1772
1003 1883
1004 1533
1004 1948
1005 1215
1005 1369
1005 1443
1005 1938
1006 1216
1006 1315
1007 1023
1007 1836
1008 1514
1009 1803
1010 1316
1011 1283
1011 1679
1011 1930
1012 1117
1012 1948
1013 1428
1013 1457
1013 1529
1014 1224
1014 1286
1014 1379
1015 1118
1015 1289
1015 1337
1015 1406
1015 1446
1015 1501
1016 1848
1017 1068
1017 1188
1017 1702
1017 1986
1018 1259
1018 1338
1018 1594
1019 1295
1019 1652
1019 1658
1020 1100
1020 1233
1020 1687
1020 1832
1021 1790
1022 1085
1022 1701
1023 1495
1024 1153
1024 1192
1024 1857
1025 1217
1025 1860
1026 1587
1027 1827
1028 1152
1028 1305
1028 1834
1029 1748
1030 1038
1030 1552
1031 1218
1031 1637
1033 1240
1033 1759
1033 1966
1034 1192
1034 1245
1034 1573
1034 1960
1035 1146
1036 1141
1036 1312
1036 1320
1036 1335
1036 1800
1037 1198
1037 1347
1037 1593
1037 1676
1038 1043
1038 1443
1038 1580
1038 1779
1038 1891
1039 1218
1039 1295
1040 1904
1040 1992
1041 1461
1041 1774
1042 1106
1042 1224
1042 1303
1042 1731
1043 1605
1043 1709
1044 1668
1045 1489
1045 1678
1045 1755
1046 1077
1046 1595
1046 1657
1046 1713
1047 1222
1048 1486
1048 1702
1048 1714
1048 1964
1049 1218
1049 1229
1049 1316
1049 1456
1050 1537
1051 1256
1051 1391
1052 1379
1052 1878
1052 1922
1053 1245
1054 1445
1054 1663
1055 1470
1055 1829
1056 1151
1056 1265
1056 1574
1056 1720
1056 1767
1057 1533
1058 1974
1059 1833
1060 1607
1060 1678
1061 1778
1063 1126
1063 1263
1063 1408
1063 1475
1063 1600
1064 1219
1064 1819
1064 1839
1064 1884
1065 1242
1065 1292
1065 1407
1065 1887
1066 1459
1066 1763
1067 1131
1067 1353
1067 1614
1067 1650
1068 1623
1069 1421
1069 1490
1070 1726
1070 1827
1071 1315
1071 1628
1071 1918
1072 1211
1072 1516
1072 1544
1072 1547
1073 1792
1073 1922
1075 1190
1075 1916
1076 1120
1076 1136
1076 1148
1076 1432
1076 1796
1077 1077
1077 1137
1077 1368
1077 1380
1077 1775
1078 1346
1078 1516
1078 1628
1078 1786
1078 1836
1079 1331
1079 1572
1080 1320
1080 1471
1080 1499
1080 1502
1081 1856
1082 1201
1082 1456
1082 1831
1082 1902
1083 1632
1083 1730
1084 1251
1084 1417
1085 1840
1086 1207
1086 1375
1087 1208
1087 1416
1087 1572
1087 1836
1087 1963
1089 1100
1089 1384
1089 1889
1089 1904
1089 1936
1089 1999
1090 1969
1091 1695
1091 1991
1092 1523
1093 1509
1093 1995
1094 1823
1095 1707
1096 1629
1097 1533
1098 1493
1098 1590
1099 1346
1099 1484
1099 1620
1099 1717
1099 1845
1100 1458
1100 1459
1101 1824
1101 1926
1102 1562
1102 1628
1103 1584
1103 1992
1104 1152
1104 1295
1104 1521
1104 1669
1104 1992
1105 1244
1105 1565
1106 1686
1106 1787
1106 1832
1107 1309
1107 1957
1108 1330
1108 1603
1109 1474
1110 1396
1110 1531
1110 1855
1111 1318
1111 1632
1111 1855
1112 1247
1112 1287
1112 1696
1113 1463
1113 1832
1114 1465
1114 1633
1114 1714
1115 1237
1115 1419
1115 1508
1115 1912
1117 1254
1117 1770
1117 1810
1118 1650
1119 1148
1119 1499
1119 1827
1122 1395
1122 1621
1123 1775
1125 1958
1127 1176
1127 1378
1127 1553
1127 1762
1128 1271
1128 1471
1128 1629
1128 1977
1130 1209
1130 1814
1130 1955
1131 1137
1131 1389
1132 1321
1133 1182
1133 1739
1133 1844
1134 1394
1134 1794
1134 1868
1135 1625
1135 1670
1135 1978
1136 1664
1136 1770
1136 1777
1137 1477
1137 1676
1138 1139
1139 1433
1139 1810
1140 1382
1140 1411
1140 1469
1140 1798
1141 1192
1142 1918
1142 1924
1144 1389
1144 1733
1144 1900
1145 1314
1145 1440
1145 1930
1147 1243
1147 1321
1147 1340
1147 1889
1147 1967
1149 1486
1149 1740
1150 1308
1150 1421
1151 1684
1152 1256
1152 1307
1152 1337
1152 1550
1153 1487
1153 1498
1153 1678
1154 1397
1154 1983
1155 1253
1155 1878
1156 1264
1157 1312
1157 1422
1158 1465
1158 1502
1158 1734
1158 1850
1159 1239
1159 1529
1159 1552
1159 1676
1160 1332
1162 1816
1162 1892
1162 1999
1163 1975
1164 1267
1164 1323
1164 1580
1165 1294
1165 1371
1165 1376
1165 1508
1165 1798
1166 1812
1167 1515
1167 1703
1167 1723
1167 1919
1168 1534
1168 1559
1169 1486
1169 1897
1170 1804
1170 1970
1170 1985
1171 1938
1172 1216
1172 1411
1174 1236
1174 1268
1174 1641
1174 1955
1175 1318
1175 1505
1175 1555
1175 1848
1175 1925
1176 1528
1176 1994
1177 1337
1177 1360
1177 1709
1178 1443
1179 1323
1179 1361
1180 1745
1181 1523
1182 1417
1182 1562
1182 1779
1183 1503
1183 1710
1183 1797
1183 1971
1184 1854
1184 1915
1184 1983
1185 1293
1185 1598
1185 1837
1186 1322
1186 1839
1187 1253
1187 1965
1188 1294
1188 1401
1188 1857
1188 1875
1189 1195
1189 1460
1189 1836
1189 1935
1190 1608
1190 1811
1192 1655
1193 1581
1194 1232
1194 1962
1195 1478
1195 1603
1195 1893
1196 1760
1197 1359
1197 1364
1197 1440
1197 1534
1198 1215
1198 1741
1198 1793
1199 1547
1199 1610
1200 1302
1200 1881
1200 1977
1201 1391
1201 1487
1201 1613
1201 1867
1202 1744
1202 1996
1203 1443
1203 1761
1204 1443
1204 1601
1204 1969
1205 1986
1206 1712
1206 1913
1206 1924
1207 1442
1208 1403
1208 1890
1209 1216
1209 1561
1209 1824
1210 1338
1211 1488
1211 1793
1211 1889
1212 1428
1213 1268
1213 1274
1213 1469
1213 1520
1213 1573
1214 1635
1214 1643
1214 1688
1214 1734
1214 1757
1215 1831
1217 1331
1218 1318
1218 1855
1219 1797
1219 1989
1220 1478
1220 1658
1221 1331
1221 1861
1222 1327
1222 1595
1222 1654
1223 1527
1223 1547
1223 1890
1223 1915
1223 1989
1224 1419
1224 1742
1224 1883
1225 1285
1225 1319
1225 1782
1226 1573
1226 1579
1226 1779
1226 1799
1226 1923
1227 1436
1227 1740
1227 1951
1229 1509
1230 1579
1231 1500
1231 1791
1231 1943
1232 1759
1232 1817
1233 1302
1233 1493
1233 1779
1234 1574
1234 1964
1235 1649
1237 1571
1237 1589
1238 1425
1238 1730
1239 1239
1239 1923
1240 1564
1240 1641
1241 1415
1241 1543
1241 1552
1241 1630
1241 1790
1241 1865
1242 1596
1242 1723
1242 1782
1244 1690
1245 1812
1247 1549
1247 1594
1247 1615
1247 1805
1247 1847
1247 1890
1247 1913
1248 1248
1248 1632
1248 1685
1248 1821
1249 1580
1250 1828
1251 1734
1252 1560
1254 1269
1254 1759
1255 1286
1256 1484
1258 1279
1258 1426
1259 1871
1260 1364
1260 1507
1260 1586
1261 1906
1262 1578
1262 1708
1263 1743
1263 1965
1264 1532
1264 1739
1265 1403
1265 1784
1266 1731
1268 1424
1268 1656
1268 1895
1269 1453
1270 1671
1270 1856
1271 1655
1271 1907
1272 1804
1273 1342
1273 1455
1273 1522
1273 1606
1273 1761
1274 1386
1274 1714
1275 1479
1275 1919
1275 1925
1276 1455
1277 1382
1277 1487
1277 1644
1277 1742
1278 1525
1278 1653
1279 1502
1279 1637
1279 1937
1280 1997
1283 1405
1283 1433
1283 1436
1283 1816
1284 1962
1285 1484
1285 1777
1286 1357
1286 1847
1286 1900
1288 1830
1289 1304
1289 1314
1289 1319
1289 1508
1289 1728
1289 1768
1289 1831
1289 1918
1291 1806
1292 1309
1292 1432
1292 1995
1293 1460
1293 1978
1295 1487
1295 1747
1295 1867
1296 1407
1296 1509
1297 1463
1298 1403
1298 1636
1298 1658
1298 1801
1301 1687
1301 1870
1301 1984
1302 1492
1302 1544
1302 1583
1303 1428
1303 1745
1303 1806
1304 1592
1304 1610
1305 1589
1305 1701
1306 1766
1307 1457
1309 1334
1309 1376
1310 1359
1310 1708
1310 1716
1312 1593
1314 1509
1314 1526
1315 1417
1315 1829
1316 1373
1316 1592
1316 1881
1317 1688
1318 1839
1319 1680
1319 1847
1320 1355
1320 1917
1321 1386
1321 1621
1321 1676
1322 1447
1322 1630
1323 1433
1323 1536
1323 1624
1323 1737
1323 1813
1325 1972
1326 1452
1326 1860
1327 1603
1328 1510
1328 1846
1329 1753
1329 1823
1331 1566
1331 1655
1331 1855
1333 1796
1334 1459
1334 1676
1334 1861
1335 1423
1335 1855
1335 1933
1337 1462
1337 1480
1337 1739
1337 1765
1338 1465
1338 1837
1338 1936
1339 1740
1340 1374
1340 1853
1341 1457
1341 1459
1342 1654
1342 1826
1343 1464
1344 1519
1344 1525
1345 1729
1345 1839
1345 1856
1346 1885
1347 1426
1347 1891
1349 1835
1350 1406
1350 1785
1350 1809
1351 1511
1351 1878
1352 1611
1353 1725
1353 1735
1354 1451
1354 1894
1355 1987
1357 1436
1357 1441
1358 1948
1359 1987
1360 1909
1361 1549
1361 1991
1362 1638
1362 1663
1362 1935
1363 1624
1363 1828
1364 1518
1364 1549
1365 1519
1367 1653
1367 1770
1368 1675
1369 1587
1370 1403
1371 1852
1373 1537
1374 1946
1375 1414
1375 1744
1375 1776
1375 1841
1376 1429
1376 1688
1377 1599
1377 1732
1379 1761
1380 1493
1380 1532
1380 1572
1380 1617
1381 1528
1381 1716
1381 1958
1382 1492
1382 1538
1383 1722
1384 1450
1384 1734
1385 1618
1386 1482
1386 1560
1387 1573
1388 1618
1388 1723
1388 1837
1389 1951
1390 1463
1390 1520
1391 1816
1391 1835
1392 1712
1392 1725
1392 1824
1394 1428
1394 1791
1396 1408
1396 1497
1399 1472
1399 1634
1399 1680
1399 1695
1399 1700
1400 1818
1401 1524
1401 1677
1401 1911
1402 1778
1403 1602
1403 1866
1404 1416
1404 1900
1406 1573
1406 1913
1406 1947
1407 1597
1407 1868
1408 1918
1408 1990
1409 1894
1410 1835
1410 1936
1411 1488
1411 1870
1411 1956
1412 1414
1412 1623
1412 1666
1412 1990
1413 1671
1415 1714
1415 1792
1416 1649
1418 1888
1419 1600
1420 1500
1420 1586
1420 1637
1420 1843
1421 1931
1421 1968
1423 1780
1423 1855
1424 1960
1426 1572
1427 1492
1427 1512
1427 1856
1427 1904
1427 1945
1427 1959
1428 1677
1428 1972
1429 1881
1430 1435
1430 1763
1431 1755
1432 1710
1433 1884
1434 1959
1436 1798
1438 1824
1439 1584
1439 1739
1440 1655
1440 1688
1441 1789
1441 1901
1441 1906
1441 1915
1442 1890
1442 1917
1442 1938
1443 1690
1444 1489
1444 1651
1444 1752
1444 1838
1444 1887
1446 1477
1446 1649
1446 1886
1446 1893
1447 1685
1451 1785
1452 1515
1452 1627
1453 1470
1453 1880
1454 1571
1454 1890
1455 1619
1456 1605
1456 1930
1456 1985
1457 1512
1457 1535
1457 1561
1460 1485
1461 1511
1461 1664
1463 1485
1463 1805
1463 1987
1464 1870
1469 1516
1472 1698
1472 1785
1473 1860
1475 1851
1476 1763
1478 1809
1479 1532
1479 1619
1479 1961
1481 1549
1482 1506
1483 1719
1484 1487
1484 1740
1487 1929
1488 1737
1488 1848
1489 1554
1489 1602
1489 1882
1489 1888
1491 1903
1493 1669
1493 1867
1493 1909
1494 1706
1495 1591
1495 1749
1495 1971
1496 1729
1497 1727
1498 1666
1498 1847
1500 1633
1501 1770
1503 1689
1503 1885
1504 1719
1505 1542
1505 1915
1506 1786
1506 1801
1506 1847
1507 1842
1507 1854
1507 1889
1508 1954
1509 1803
1511 1632
1511 1710
1512 1797
1512 1924
1513 1851
1515 1562
1516 1762
1517 1611
1517 1798
1517 1917
1517 1988
1518 1585
1518 1716
1518 1802
1518 1946
1519 1572
1519 1994
1520 1696
1521 1850
1521 1875
1523 1658
1523 1685
1524 1687
1526 1560
1526 1807
1526 1933
1527 1562
1527 1776
1528 1920
1529 1631
1529 1889
1530 1599
1531 1717
1531 1779
1531 1936
1531 1952
1535 1635
1536 1546
1536 1931
1537 1819
1538 1690
1541 1698
1541 1881
1541 1888
1542 1886
1543 1651
1543 1976
1544 1633
1545 1553
1546 1661
1546 1828
1548 1680
1548 1901
1549 1561
1550 1622
1551 1855
1554 1815
1554 1825
1556 1622
1556 1959
1558 1566
1558 1818
1558 1888
1560 1947
1561 1842
1562 1812
1563 1578
1563 1734
1563 1761
1564 1706
1564 1975
1566 1778
1566 1989
1567 1827
1569 1683
1570 1802
1570 1957
1571 1902
1572 1951
1573 1675
1573 1811
1573 1988
1574 1800
1574 1922
1575 1716
1579 1678
1579 1696
1580 1824
1581 1804
1585 1843
1586 1742
1591 1649
1592 1688
1593 1854
1594 1669
1597 1657
1598 1777
1600 1825
1601 1858
1604 1787
1604 1920
1605 1652
1605 1789
1605 1869
1606 1940
1606 1974
1607 1804
1607 1939
1608 1862
1608 1944
1608 1969
1609 1791
1611 1709
1612 1968
1612 1984
1615 1709
1616 1624
1616 1797
1617 1984
1618 1641
1618 1650
1619 1763
1622 1625
1622 1778
1622 1820
1622 1842
1624 1639
1624 1797
1625 1797
1627 1917
1627 1937
1628 1979
1631 1863
1632 1993
1633 1776
1634 1818
1636 1933
1638 1819
1638 1962
1639 1821
1639 1981
1640 1778
1644 1846
1644 1982
1644 1995
1645 1753
1646 1893
1648 1831
1651 1865
1653 1755
1654 1666
1654 1892
1655 1759
1655 1872
1658 1905
1660 1894
1664 1675
1664 1912
1665 1874
1666 1805
1666 1814
1667 1810
1668 1980
1670 1942
1670 1962
1671 1989
1673 1741
1674 1784
1677 1926
1677 1984
1678 1703
1678 1744
1678 1840
1679 1809
1679 1903
1682 1872
1683 1829
1684 1896
1685 1831
1686 1944
1687 1745
1690 1703
1691 1766
1692 1797
1692 1830
1695 1780
1695 1936
1696 1901
1698 1787
1703 1834
1704 1926
1706 1852
1706 1871
1706 1924
1707 1930
1709 1818
1709 1964
1709 1982
1710 1748
1711 1774
1711 1908
1712 1836
1713 1855
1714 1779
1714 1949
1716 1799
1716 1982
1718 1920
1719 1903
1720 1736
1720 1879
1722 1765
1722 1910
1724 1975
1725 1788
1726 1780
1726 1933
1728 1769
1729 1936
1732 1790
1733 1779
1736 1988
1738 1777
1738 1913
1740 1927
1743 1974
1747 1862
1750 1816
1750 1910
1751 1961
1756 1911
1758 1934
1768 1876
1769 1782
1769 1930
1772 1942
1774 1887
1776 1802
1780 1799
1780 1883
1780 1948
1783 1857
1784 1945
1786 1893
1790 1886
1791 1829
1793 1948
1796 1804
1796 1811
1797 1905
1798 1800
1802 1834
1803 1861
1804 1819
1804 1940
1804 1961
1807 1808
1807 1905
1808 1946
1809 1893
1811 1885
1811 1897
1816 1952
1819 1872
1820 1928
1822 1955
1824 1870
1826 1970
1834 1846
1836 1978
1840 1888
1844 1893
1845 1968
1847 1886
1851 1922
1859 1866
1862 1994
1864 1951
1865 1954
1868 1985
1868 1990
1871 1936
1871 1991
1881 1991
1882 1886
1885 1932
1885 1933
1887 1887
1889 1966
1893 1988
1897 1901
1900 1958
1903 1934
1903 1944
1903 1966
1903 1972
1903 1975
1912 1918
1913 1993
1920 1949
1926 1991
1932 1992
1938 1964
1938 1979
1956 1967
1963 1979
1965 1977
1975 1991
1980 1991
