2000
0 294
0 670
0 1025
0 1100
0 1210
0 1403
0 1456
0 1567
0 1898
1 215
1 816
1 846
1 1404
1 1567
1 1781
1 1789
1 1836
2 424
2 451
2 557
2 572
2 1239
2 1653
3 155
3 525
3 922
3 949
3 1933
4 32
4 516
4 910
4 1348
4 1830
4 1957
5 957
5 1279
6 101
6 730
6 834
6 992
6 1330
6 1504
7 197
7 543
7 719
7 898
7 1304
7 1483
7 1554
7 1992
8 88
8 290
8 855
8 1150
8 1288
8 1344
8 1649
8 1961
9 714
9 744
9 1104
9 1823
10 132
10 607
10 740
10 1037
10 1412
10 1531
10 1659
10 1808
11 217
11 835
11 1664
11 1857
12 32
12 234
12 240
12 716
12 723
12 732
12 915
12 985
12 994
12 1215
12 1251
12 1337
12 1499
12 1693
12 1903
13 259
13 629
13 1232
13 1463
13 1706
13 1943
13 1977
14 95
14 351
14 988
14 1131
14 1338
14 1887
15 170
15 941
15 1179
15 1362
15 1679
15 1972
16 146
16 437
16 477
16 624
16 626
16 627
16 759
16 969
16 987
16 1165
16 1783
17 127
17 176
17 277
17 1153
18 45
18 278
18 312
18 616
18 802
18 820
18 992
18 1110
18 1221
18 1686
19 138
19 797
19 801
19 854
19 940
19 1020
19 1099
19 1231
19 1652
19 1703
20 163
20 506
20 522
20 839
20 1477
21 25
21 132
21 193
21 294
21 312
21 401
21 1209
21 1272
22 999
22 1469
22 1970
23 413
23 449
23 549
23 1105
23 1487
23 1743
24 675
24 783
24 1006
24 1387
25 496
25 654
25 763
25 862
25 1182
25 1353
26 208
26 1089
26 1262
26 1313
26 1335
26 1717
26 1942
27 746
27 910
27 990
27 1259
27 1266
28 618
28 771
28 859
28 1101
28 1710
28 1783
28 1918
29 144
29 842
29 971
30 316
30 379
30 889
30 1163
30 1431
30 1470
31 461
31 559
31 896
31 1167
31 1516
31 1704
32 144
32 639
32 938
32 1237
32 1270
32 1811
33 100
33 243
33 686
33 935
33 1070
33 1229
33 1247
33 1484
33 1576
33 1780
34 39
34 283
34 386
34 397
34 869
34 947
34 963
34 1290
34 1601
34 1682
35 211
35 607
35 638
35 1009
35 1463
36 266
36 331
36 341
36 1237
36 1455
36 1578
36 1612
36 1653
36 1752
37 1341
37 1469
37 1835
37 1945
38 1057
38 1173
38 1279
39 420
39 683
39 866
39 973
39 1164
39 1496
39 1885
40 65
40 913
40 1049
40 1481
40 1558
40 1650
40 1685
41 1490
41 1681
41 1783
41 1905
41 1958
42 94
42 256
42 257
42 379
42 646
42 819
42 922
42 1478
42 1515
42 1970
43 1427
43 1521
43 1546
43 1660
44 198
44 616
44 870
44 1682
44 1878
45 380
45 693
45 889
45 1062
45 1100
45 1285
45 1314
45 1396
46 140
46 198
46 205
46 210
46 220
46 273
46 439
46 660
46 1476
47 347
47 408
47 466
47 1083
47 1304
47 1315
47 1562
48 1156
48 1283
48 1364
48 1666
49 54
49 70
49 325
49 351
49 369
49 403
49 1089
49 1346
49 1353
49 1485
50 70
50 78
50 810
50 1062
50 1142
50 1438
50 1764
50 1993
51 237
51 267
51 675
51 1098
51 1207
51 1378
51 1650
51 1979
52 370
52 433
52 607
52 1114
52 1685
52 1845
52 1946
53 99
53 326
53 464
53 737
53 852
53 964
53 1318
53 1640
53 1913
54 1103
54 1235
54 1438
55 95
55 201
55 466
55 849
55 1346
55 1443
55 1870
56 299
56 1174
56 1234
56 1326
56 1688
57 534
57 575
57 657
57 892
57 959
57 1093
58 316
58 445
58 700
58 1021
58 1309
58 1610
58 1773
59 233
59 240
59 742
59 856
59 1241
59 1647
59 1890
60 199
60 446
60 894
60 1325
61 410
61 939
61 1732
61 1902
62 369
62 452
62 775
62 796
62 827
62 871
62 956
62 1399
62 1871
63 94
63 265
63 416
63 623
63 686
63 739
63 1404
63 1560
64 599
64 1204
64 1272
64 1306
64 1652
64 1723
64 1796
64 1830
65 271
65 442
65 986
65 1078
65 1500
65 1518
65 1893
66 240
66 335
66 470
66 527
66 640
66 674
66 913
66 1275
66 1551
66 1971
67 417
67 429
67 675
68 267
68 339
68 549
68 930
68 1043
68 1162
68 1470
69 625
69 761
69 1073
69 1203
69 1786
70 383
70 626
70 811
70 1053
70 1263
70 1319
70 1344
70 1691
71 131
71 859
71 1187
71 1261
72 600
72 743
72 987
72 1496
72 1828
73 147
73 278
73 283
73 440
73 933
73 1595
73 1838
74 116
74 1376
74 1837
75 292
75 536
75 660
75 923
75 1015
75 1427
75 1524
76 355
76 943
76 1411
76 1921
77 969
78 535
78 613
78 698
78 849
78 1444
78 1626
78 1879
78 1969
79 464
79 751
79 1493
79 1577
79 1947
80 80
80 291
80 912
80 981
80 1552
80 1683
80 1941
81 369
81 1367
81 1986
82 182
82 207
82 215
82 224
82 533
82 631
82 876
82 1313
82 1331
82 1341
82 1387
82 1406
82 1807
82 1905
83 277
83 761
83 1155
83 1192
83 1328
83 1610
83 1628
84 341
84 469
84 498
84 612
84 761
84 1391
84 1472
85 411
85 455
85 846
85 950
85 957
85 1323
85 1657
86 243
86 942
86 1404
86 1948
87 566
87 675
87 864
87 1136
87 1348
88 115
88 197
88 250
88 678
88 759
88 1003
88 1349
88 1621
89 1787
90 93
90 107
90 204
90 857
90 1304
90 1606
90 1795
90 1799
90 1813
91 150
91 377
91 475
91 878
91 1066
91 1077
91 1290
91 1732
92 619
92 814
93 145
93 402
93 998
93 1235
93 1952
94 294
94 680
94 816
94 1175
94 1263
94 1420
94 1428
94 1655
94 1831
94 1838
95 273
95 364
95 710
95 973
95 979
95 1076
95 1281
95 1539
95 1540
95 1709
96 744
96 916
96 1080
97 504
97 646
97 831
97 1285
98 324
98 1138
98 1456
98 1496
98 1892
99 266
99 577
99 973
99 1166
99 1187
99 1562
100 506
100 599
100 1655
101 431
101 864
101 1060
101 1132
101 1283
101 1946
102 274
102 447
102 804
102 1207
102 1372
102 1468
102 1577
103 173
103 421
103 937
103 1796
104 128
104 326
104 498
104 643
105 300
105 415
105 417
105 433
105 1151
105 1168
105 1364
105 1475
105 1495
105 1845
106 124
106 623
106 744
106 760
106 1481
106 1662
107 248
107 351
107 829
107 1300
107 1469
108 675
108 937
108 1159
108 1223
108 1449
109 278
109 1215
110 446
110 1396
111 339
111 652
111 1436
112 341
112 916
112 981
112 1122
112 1714
113 495
113 525
113 615
113 1244
113 1287
113 1424
113 1774
114 204
114 242
114 493
114 511
114 856
114 1061
114 1127
114 1417
114 1746
114 1860
114 1945
115 140
115 274
115 663
115 860
115 870
115 1068
115 1163
115 1320
115 1389
115 1585
115 1816
116 767
116 1186
116 1225
116 1389
116 1533
116 1559
116 1751
116 1789
116 1868
117 283
117 912
117 1033
117 1834
118 423
118 699
118 1158
118 1425
118 1877
118 1946
118 1955
119 211
119 410
119 757
119 826
119 843
119 1328
119 1767
120 411
120 418
120 527
120 589
120 672
120 1340
120 1569
120 1783
120 1838
121 559
121 829
121 1013
121 1105
121 1278
122 299
122 915
122 1026
123 223
123 639
123 857
123 1068
123 1239
123 1856
124 429
124 514
124 518
124 575
124 742
124 1931
125 307
126 565
126 1153
126 1267
126 1501
126 1558
126 1846
126 1898
126 1937
127 809
127 975
127 1457
127 1760
127 1857
127 1931
128 464
128 694
128 786
128 887
128 1495
128 1571
129 220
129 335
129 592
129 1113
129 1979
130 496
130 860
130 871
130 1172
130 1389
130 1800
131 553
131 779
131 1725
131 1802
131 1839
132 303
132 348
132 945
132 1133
132 1166
133 486
133 561
133 796
133 982
133 1070
133 1512
133 1525
133 1817
133 1831
134 209
134 594
134 1170
134 1445
134 1606
135 734
135 1188
135 1431
135 1523
135 1993
136 411
136 845
136 960
136 992
136 1476
136 1521
136 1602
136 1918
136 1977
136 1982
137 459
137 723
137 957
137 1121
137 1589
137 1784
138 175
138 813
138 1029
138 1143
138 1200
138 1276
138 1833
138 1868
138 1978
138 1991
139 182
139 210
139 213
139 235
139 252
139 521
139 803
139 1064
139 1074
139 1766
140 563
140 609
140 897
140 1346
140 1392
140 1560
140 1663
140 1775
140 1890
140 1994
141 577
141 590
141 746
141 770
141 887
141 1658
141 1666
141 1994
142 540
142 699
142 705
142 859
142 1327
142 1447
142 1448
143 175
143 424
143 713
143 842
143 937
143 949
143 986
143 1225
143 1463
143 1724
143 1950
144 166
144 646
144 1634
144 1917
145 152
145 273
145 339
145 389
145 403
145 1104
145 1383
145 1534
145 1590
145 1847
146 413
146 446
146 1328
146 1436
146 1636
146 1645
146 1678
147 711
147 1029
147 1083
147 1606
147 1781
147 1827
147 1886
148 154
148 590
148 822
148 935
149 238
149 388
149 466
149 573
149 771
149 888
149 1299
149 1571
149 1799
149 1800
149 1968
150 269
150 564
150 597
150 666
150 1321
151 625
151 776
151 1273
151 1319
152 407
152 548
152 561
152 1105
153 979
153 1045
153 1156
153 1663
153 1676
154 1265
155 517
155 720
155 1309
155 1731
156 508
156 514
156 550
156 634
156 1347
156 1819
156 1923
157 395
157 475
157 1249
157 1331
157 1414
157 1616
157 1726
157 1768
158 309
158 471
158 485
158 490
158 1041
158 1452
158 1504
159 919
159 987
159 1200
159 1312
159 1317
159 1779
160 170
160 174
160 199
160 285
160 560
160 955
160 981
160 1095
160 1274
160 1542
160 1829
161 541
161 1062
161 1332
161 1350
161 1784
161 1906
162 368
162 623
162 1544
162 1636
162 1690
163 643
163 1219
163 1306
163 1364
163 1818
163 1965
164 668
164 1070
164 1319
164 1557
164 1674
165 206
165 977
165 1056
165 1936
165 1992
166 351
166 438
166 1722
166 1987
167 475
167 633
167 1094
167 1175
167 1368
167 1562
167 1644
168 469
168 1026
168 1488
168 1644
168 1711
168 1716
168 1800
169 877
169 921
169 932
169 1141
169 1319
169 1374
169 1554
169 1609
170 441
170 457
170 486
170 514
170 517
170 847
170 1102
170 1131
170 1313
170 1428
170 1624
170 1874
170 1881
171 294
171 533
171 584
171 1091
171 1587
171 1965
172 254
172 339
172 553
172 762
172 965
172 1783
172 1890
173 456
173 1094
173 1159
173 1461
174 386
175 337
175 883
175 983
175 1227
175 1560
176 692
176 1305
176 1344
176 1971
177 381
177 421
177 443
177 674
177 775
177 900
177 1009
177 1174
177 1477
177 1593
177 1692
178 635
178 646
178 869
178 898
178 1750
179 334
179 521
179 731
179 802
179 1685
180 515
180 1535
181 796
181 918
181 1388
181 1894
182 276
182 297
182 854
182 1346
182 1365
182 1412
182 1663
183 495
183 583
183 1595
183 1641
184 487
184 1284
184 1789
184 1801
184 1877
185 245
185 691
185 1045
185 1177
185 1361
185 1404
185 1810
185 1902
185 1967
186 200
186 864
186 1725
186 1913
187 731
187 1111
187 1241
187 1814
188 621
188 717
188 736
188 810
188 992
188 1406
188 1848
189 265
189 308
189 320
189 441
189 451
189 1248
189 1592
189 1792
189 1926
190 237
190 423
190 730
190 1118
190 1222
190 1467
190 1597
190 1674
190 1807
190 1963
191 425
191 545
191 1083
192 224
192 876
192 1261
192 1274
192 1305
192 1613
192 1638
192 1718
192 1732
192 1817
193 676
193 881
193 1492
193 1699
194 320
194 428
194 567
194 937
194 1121
194 1474
194 1937
195 851
195 987
195 1415
195 1840
195 1873
196 580
196 1077
196 1138
196 1344
196 1514
196 1599
197 269
197 430
197 577
197 695
197 945
197 1110
197 1361
197 1812
197 1909
197 1943
198 241
198 448
198 449
198 511
198 1633
198 1658
199 756
199 936
199 1263
199 1828
199 1835
199 1995
200 308
200 724
200 1186
200 1567
200 1605
200 1649
200 1976
201 414
201 932
201 1054
201 1076
201 1512
201 1738
202 242
202 423
202 428
202 646
202 797
202 914
202 1277
203 736
203 804
203 1096
203 1432
203 1654
203 1705
203 1764
203 1826
203 1846
203 1880
203 1907
203 1994
204 844
204 910
204 1739
204 1806
204 1827
205 705
205 1138
205 1190
205 1258
205 1271
205 1705
205 1977
205 1989
206 806
206 932
206 1424
206 1439
206 1661
207 354
207 566
207 890
207 1059
207 1110
207 1188
207 1497
207 1535
207 1586
207 1636
207 1767
207 1842
207 1961
208 237
208 544
208 903
208 916
208 1086
208 1292
208 1722
209 262
209 505
209 742
209 1013
209 1146
210 589
210 775
210 1103
210 1896
211 715
212 559
212 672
212 907
212 976
212 1326
212 1491
212 1906
213 1091
213 1144
213 1395
213 1605
213 1859
213 1945
214 867
214 1287
214 1326
214 1821
214 1914
215 289
215 660
215 903
215 1062
215 1368
215 1740
216 238
216 243
216 510
216 690
216 737
216 739
216 1124
217 722
217 1932
218 578
218 592
218 1554
218 1618
218 1884
219 352
219 442
219 1052
219 1059
219 1577
219 1901
220 411
220 1056
220 1792
220 1810
221 1377
222 306
222 355
222 443
222 562
222 663
222 890
222 927
222 1279
222 1635
222 1964
222 1998
223 316
223 473
223 616
223 989
223 1183
223 1498
224 266
224 637
224 980
224 1118
224 1478
224 1516
224 1815
225 298
225 429
225 431
225 874
225 1379
225 1630
225 1672
225 1719
225 1778
225 1889
225 1938
226 721
226 804
226 1027
226 1048
226 1624
226 1845
226 1852
227 308
227 334
227 534
227 574
227 650
227 1769
227 1783
227 1829
228 348
228 360
228 805
228 844
228 993
228 1377
228 1769
228 1894
229 761
229 846
230 329
230 1221
230 1350
230 1498
230 1689
230 1949
231 300
231 397
231 451
231 695
231 855
231 1205
231 1593
231 1652
232 487
232 675
232 1133
232 1262
232 1527
232 1765
233 1222
233 1609
233 1704
234 381
234 1036
235 1108
235 1172
235 1257
235 1420
236 684
236 707
236 1270
236 1611
236 1782
237 576
237 788
237 954
237 1114
237 1434
237 1633
237 1640
237 1657
237 1869
237 1876
237 1974
237 1982
238 422
238 599
238 772
238 1181
238 1451
238 1619
238 1836
238 1900
238 1946
238 1969
239 341
239 460
239 717
239 909
239 1572
239 1781
240 953
240 1293
240 1580
240 1693
240 1867
241 826
241 1135
241 1311
241 1415
241 1465
241 1483
242 278
243 261
243 844
243 936
243 1007
243 1338
243 1701
244 287
244 922
244 1164
245 319
245 839
245 1339
245 1352
245 1434
245 1500
245 1627
245 1987
246 451
246 897
246 957
246 1152
246 1353
246 1577
246 1593
246 1624
247 432
247 534
247 1016
247 1219
247 1542
247 1627
247 1939
248 599
248 688
248 1207
248 1232
248 1319
248 1614
248 1805
249 252
249 697
249 1173
249 1359
249 1654
249 1938
250 572
250 1107
250 1111
250 1815
251 341
251 415
251 456
251 726
251 1533
251 1801
251 1954
252 281
252 834
252 947
252 1182
252 1354
252 1846
253 358
253 614
253 793
253 858
253 913
253 1757
253 1776
254 267
254 1181
254 1387
254 1980
255 299
255 547
255 775
255 1108
255 1200
255 1729
256 480
256 666
256 1451
256 1589
256 1719
257 1305
257 1465
257 1898
258 411
258 867
258 909
259 259
259 518
259 584
259 856
259 858
259 1115
259 1414
259 1659
259 1851
259 1917
260 366
260 531
260 691
260 774
261 972
261 1216
261 1248
261 1429
261 1608
262 338
262 600
262 633
262 653
262 834
262 1425
263 411
263 687
263 1008
263 1177
263 1599
263 1902
264 368
264 467
264 544
264 1507
264 1573
265 269
265 345
265 686
265 858
265 1094
265 1326
265 1669
265 1771
266 812
266 993
266 1404
266 1413
266 1933
267 1122
267 1647
267 1788
268 427
268 789
268 1361
268 1824
268 1832
269 1237
269 1339
269 1788
270 688
270 695
270 1143
270 1285
270 1543
270 1617
270 1960
270 1974
271 344
271 1194
271 1625
271 1684
271 1756
271 1864
271 1962
272 1113
272 1605
273 332
273 538
273 629
273 1209
273 1256
273 1521
273 1544
273 1656
274 691
274 794
274 815
274 879
274 1806
274 1829
275 335
275 531
275 881
275 1769
276 449
276 451
276 523
276 1159
276 1297
276 1345
276 1613
277 901
278 399
278 611
278 648
278 784
278 838
278 878
278 958
278 1173
278 1517
278 1642
278 1690
278 1734
278 1780
278 1789
279 1032
279 1187
279 1816
279 1958
280 386
280 1038
280 1153
280 1246
280 1881
281 1193
281 1482
281 1750
281 1761
281 1931
282 486
282 630
282 1043
282 1145
282 1147
282 1948
283 371
283 580
283 1062
283 1457
283 1540
284 345
284 609
284 1462
285 373
285 686
285 966
285 980
285 1166
285 1408
285 1617
285 1926
285 1948
286 507
286 782
286 895
286 929
287 432
287 448
287 494
287 781
287 944
287 1378
287 1603
287 1604
287 1687
288 503
288 853
288 933
288 1027
288 1309
288 1439
288 1534
288 1648
288 1801
288 1833
288 1842
288 1916
289 320
289 571
289 1074
289 1094
289 1149
289 1197
289 1204
289 1215
289 1361
289 1805
290 663
290 1129
290 1355
290 1545
290 1906
291 390
291 586
291 803
291 853
291 1305
291 1722
291 1916
292 348
292 361
292 682
292 798
292 1626
292 1761
293 347
293 400
293 644
293 987
293 1176
293 1185
293 1401
293 1965
294 332
294 415
294 737
294 996
294 1206
294 1614
295 397
295 421
295 542
295 830
295 1084
295 1103
295 1520
295 1875
296 1118
296 1619
296 1679
296 1845
297 412
297 543
297 547
297 685
297 985
297 1142
297 1172
297 1200
297 1203
297 1525
297 1593
297 1678
298 454
298 609
298 865
298 1333
298 1816
299 498
299 906
299 1016
299 1516
299 1524
299 1539
299 1752
299 1983
300 462
300 731
300 813
300 1222
300 1761
300 1773
300 1779
301 532
301 663
301 966
301 1821
302 413
302 881
302 1391
302 1892
302 1993
303 732
303 1148
303 1882
304 362
304 697
304 1190
304 1197
304 1482
304 1690
304 1946
305 690
305 849
305 957
305 1121
305 1272
305 1539
305 1660
306 400
306 443
306 1632
307 431
307 438
307 565
307 718
307 830
307 960
307 1217
307 1406
307 1599
307 1891
307 1994
308 558
308 802
308 1348
308 1653
308 1860
309 386
309 486
309 723
309 825
309 1319
309 1564
309 1902
310 920
310 1594
310 1977
311 490
311 722
311 1034
311 1641
311 1645
312 763
312 803
312 1154
312 1406
312 1418
313 1029
313 1367
313 1813
313 1947
314 331
314 907
314 1246
314 1350
314 1713
314 1988
315 625
315 707
315 897
315 1843
315 1886
316 379
316 537
316 947
316 985
316 1280
317 553
317 589
317 718
317 867
317 883
317 1240
317 1263
317 1312
317 1516
317 1881
318 486
318 530
318 1022
318 1059
318 1126
318 1155
318 1476
318 1810
318 1930
319 415
319 584
319 1536
319 1888
320 461
320 955
320 1473
320 1674
321 830
321 1779
322 887
322 954
322 1054
322 1472
322 1559
322 1698
322 1780
323 423
323 492
323 742
323 928
323 1273
323 1316
324 688
324 755
324 1787
324 1925
325 434
325 558
325 570
325 771
325 888
325 1192
325 1304
325 1387
325 1438
326 438
326 650
326 679
326 879
326 912
327 623
327 954
327 1059
327 1110
327 1255
327 1367
327 1520
328 487
328 580
328 608
328 611
328 785
328 1060
328 1840
329 1172
329 1217
329 1284
329 1601
330 658
330 823
330 867
330 1099
330 1107
331 654
331 722
331 1039
331 1252
331 1327
331 1420
331 1671
331 1782
332 571
332 742
332 1009
332 1455
332 1723
333 556
333 763
333 793
333 807
333 840
333 865
333 1330
333 1660
334 524
334 665
334 839
334 943
334 1000
334 1034
334 1043
334 1143
334 1165
334 1708
334 1859
335 1343
335 1565
335 1613
335 1707
335 1742
335 1788
336 758
336 1029
336 1463
337 841
337 871
337 1490
337 1793
338 392
338 409
338 486
338 540
338 653
338 777
338 1320
338 1550
339 565
339 700
339 831
339 1654
339 1790
340 619
340 1323
340 1513
340 1573
341 830
341 987
341 1059
341 1076
342 428
342 626
342 651
342 859
342 918
342 1484
343 1570
343 1653
343 1688
344 1025
344 1607
344 1723
344 1759
344 1900
345 361
345 376
345 380
345 868
345 1127
345 1674
345 1833
345 1944
346 860
347 376
347 784
347 1294
347 1613
347 1915
347 1923
348 696
348 797
348 944
348 1214
348 1887
349 590
349 658
349 1426
349 1906
349 1962
350 443
350 573
350 1578
350 1959
351 361
351 371
351 385
351 432
351 565
351 570
351 618
351 682
351 766
351 906
351 1175
351 1283
351 1330
351 1506
352 773
352 904
352 1442
352 1540
352 1918
352 1996
353 361
353 597
353 777
353 926
353 1642
353 1867
353 1910
353 1933
354 500
354 523
354 738
354 789
354 1471
354 1771
354 1897
355 427
355 509
355 1331
355 1500
356 1091
356 1303
356 1369
356 1499
356 1684
356 1750
357 1010
357 1418
357 1597
357 1750
358 398
358 425
358 667
358 1090
358 1349
358 1427
358 1554
358 1884
359 465
359 870
359 1170
359 1532
359 1766
360 749
360 902
360 1204
361 833
361 1333
361 1515
362 423
362 644
362 651
362 808
362 1461
362 1988
363 1350
363 1383
363 1607
363 1703
364 469
364 844
365 627
365 1608
365 1807
365 1986
366 486
366 490
366 681
366 1269
366 1386
366 1583
366 1946
367 387
367 454
367 935
367 1840
368 542
368 553
368 714
368 847
368 1738
368 1927
369 416
369 568
369 751
369 945
369 1198
369 1277
369 1337
369 1634
369 1888
369 1936
370 743
370 1425
370 1586
371 470
371 957
371 1046
371 1099
371 1289
371 1371
371 1690
371 1707
371 1759
372 413
372 1214
372 1546
372 1625
372 1703
373 794
373 1123
373 1157
373 1180
374 1080
374 1364
374 1367
374 1443
374 1542
374 1575
375 535
375 868
375 946
376 612
376 744
376 766
376 820
376 1625
376 1917
377 1288
378 514
378 648
378 740
378 780
378 1323
378 1998
379 542
379 1049
379 1379
379 1461
379 1721
379 1850
380 430
380 657
380 751
380 913
380 1180
380 1826
381 728
381 933
381 1046
381 1158
381 1283
381 1412
381 1748
382 400
382 915
382 1065
382 1185
382 1251
382 1559
382 1849
383 475
383 1035
383 1442
383 1537
384 384
384 682
384 734
384 938
384 1018
384 1183
384 1428
384 1859
384 1867
385 798
385 877
385 1488
386 1313
386 1547
386 1695
386 1726
386 1890
387 393
387 908
388 471
388 472
388 812
388 855
388 1030
388 1100
388 1271
388 1410
388 1524
389 622
389 626
390 474
390 507
390 757
390 1043
390 1100
390 1118
390 1642
390 1674
391 446
391 615
391 696
391 866
391 1148
391 1350
391 1504
391 1661
391 1961
391 1969
392 743
392 1253
392 1712
392 1842
393 525
393 674
393 960
393 1078
393 1088
393 1526
393 1565
393 1671
393 1783
393 1870
393 1895
394 454
394 506
394 592
394 627
394 1106
394 1342
394 1721
394 1890
395 433
395 534
395 1388
395 1433
395 1587
395 1589
395 1643
395 1940
396 473
396 647
396 787
396 992
396 1013
396 1103
397 563
397 990
397 1002
397 1281
397 1304
397 1400
397 1656
398 888
398 1106
398 1183
398 1588
398 1687
399 598
399 1355
399 1649
399 1802
400 665
400 759
400 1449
400 1643
401 600
401 1024
401 1635
401 1651
402 1299
402 1423
403 427
403 908
403 941
403 1540
403 1808
403 1838
403 1914
403 1968
404 443
404 1268
404 1323
404 1930
405 677
405 870
405 1059
405 1455
405 1841
405 1927
406 568
406 679
406 871
406 910
406 982
406 1184
406 1199
406 1419
406 1469
406 1650
406 1772
406 1898
406 1950
407 671
407 1230
407 1543
407 1628
407 1944
408 600
408 838
408 1171
408 1201
408 1223
408 1482
409 676
409 804
409 881
409 1142
410 897
410 1607
410 1634
410 1649
410 1932
410 1959
410 1981
411 524
411 656
411 1518
411 1932
412 758
412 780
412 800
412 1194
412 1219
413 603
413 932
413 1288
413 1368
413 1414
413 1418
413 1469
413 1508
413 1596
413 1652
413 1736
414 517
414 787
415 461
415 807
415 946
415 1481
415 1753
416 1157
416 1200
416 1393
417 1326
417 1441
417 1919
418 1055
418 1416
418 1575
418 1577
418 1760
419 472
419 572
419 1418
419 1573
419 1603
419 1943
420 589
420 992
420 1119
420 1502
421 691
421 1572
422 944
422 985
422 1117
422 1331
422 1777
422 1862
422 1926
423 560
423 1488
423 1878
424 611
424 824
424 1310
424 1583
424 1657
424 1840
425 556
425 582
425 933
425 1024
425 1846
426 468
426 739
426 834
426 1321
426 1905
426 1940
427 472
427 784
427 795
427 899
427 1213
427 1233
427 1261
427 1438
427 1947
428 551
428 954
428 1302
428 1367
429 540
429 706
429 851
429 1506
429 1895
430 710
430 1099
430 1154
430 1763
430 1877
431 602
431 1992
432 496
432 689
432 891
432 1126
432 1471
432 1573
432 1975
432 1976
433 484
433 961
433 1065
433 1145
433 1728
433 1863
434 500
434 517
434 776
434 917
434 1166
434 1623
435 700
435 1140
435 1402
435 1691
435 1726
436 552
436 904
436 1237
436 1289
436 1331
436 1726
437 723
437 928
437 1278
437 1863
437 1873
437 1886
438 632
438 756
438 788
438 1046
438 1101
438 1478
438 1558
439 572
439 722
439 833
439 1110
439 1207
439 1304
439 1508
439 1604
439 1721
439 1887
440 469
440 823
440 1931
441 600
441 1091
441 1214
441 1553
441 1749
441 1975
442 700
442 1548
442 1645
442 1803
443 491
443 1001
443 1143
443 1492
443 1617
443 1745
443 1962
444 907
444 1208
444 1412
444 1445
444 1629
444 1882
445 609
445 1066
445 1269
445 1446
445 1724
445 1801
446 520
446 1060
446 1115
446 1268
446 1310
446 1466
446 1794
447 666
447 891
447 985
447 1220
447 1528
447 1647
447 1766
448 776
448 1339
448 1370
449 479
449 552
449 1595
449 1726
449 1949
450 690
450 968
450 1226
450 1291
450 1442
450 1628
450 1784
451 1107
451 1502
451 1538
451 1788
452 788
452 919
453 598
453 1105
453 1158
453 1305
453 1792
454 772
454 796
454 892
454 1069
454 1420
454 1555
454 1613
455 566
455 816
455 935
455 1537
455 1657
455 1685
455 1688
455 1794
455 1934
456 771
456 1056
456 1607
456 1660
457 1225
457 1393
457 1594
457 1865
458 757
458 1230
458 1300
458 1533
459 565
459 1190
459 1301
459 1415
459 1561
459 1601
459 1991
460 1022
460 1206
460 1276
460 1281
460 1400
460 1594
461 633
461 750
461 1130
461 1179
461 1485
462 832
462 1115
462 1185
462 1907
462 1928
463 559
463 736
463 809
463 1339
463 1509
464 491
464 604
464 958
464 988
464 1037
464 1043
464 1124
465 1270
465 1373
465 1387
466 1708
466 1728
467 934
467 1602
467 1995
468 747
468 1073
468 1430
469 854
469 1087
469 1212
469 1490
469 1610
469 1848
470 550
470 1062
470 1808
470 1822
470 1881
471 632
471 700
471 1190
471 1295
471 1301
471 1549
472 738
472 1064
472 1127
472 1656
473 490
473 1142
473 1590
473 1909
474 574
474 1494
474 1612
474 1902
474 1969
475 999
475 1789
476 850
477 1093
477 1872
478 656
478 678
478 1230
478 1266
478 1574
478 1643
478 1816
478 1878
479 627
479 1645
479 1814
479 1842
479 1845
480 569
480 588
480 627
480 883
480 1121
480 1176
480 1528
481 958
481 1132
481 1141
482 508
482 1055
482 1338
482 1410
482 1710
482 1767
483 556
483 1397
483 1484
483 1625
483 1975
484 1397
484 1418
484 1657
484 1736
484 1963
485 518
485 600
485 814
485 837
485 1012
485 1162
485 1194
485 1903
486 946
486 980
486 1066
486 1978
487 606
487 761
487 1138
487 1583
487 1698
488 681
488 877
488 987
488 1485
488 1510
489 622
489 759
489 1042
489 1329
489 1949
490 703
490 729
490 800
490 1075
490 1172
490 1543
490 1635
491 517
491 634
491 1422
491 1657
491 1896
491 1981
491 1985
492 576
492 581
492 691
492 1362
493 1192
493 1449
493 1500
493 1862
494 663
494 872
494 1207
494 1217
494 1787
494 1963
495 1051
495 1655
495 1772
496 624
496 679
496 1185
496 1251
496 1270
496 1970
496 1975
497 1130
497 1236
497 1473
497 1672
498 555
498 762
498 798
498 1084
498 1448
498 1653
498 1776
498 1993
499 950
499 1254
499 1461
499 1484
501 575
501 593
501 1113
501 1966
502 706
502 1517
502 1725
502 1737
502 1828
503 634
503 642
503 784
503 949
503 1261
503 1489
503 1657
504 617
504 1335
504 1978
505 934
505 1064
505 1488
505 1669
505 1711
505 1964
505 1992
505 1995
506 680
506 1309
506 1403
506 1575
507 963
507 1511
508 823
508 845
508 1294
509 608
509 1180
509 1607
509 1738
510 830
510 1657
510 1721
510 1887
511 833
512 807
512 840
512 867
512 1219
512 1268
512 1352
512 1741
513 1371
513 1666
514 569
514 586
514 775
514 824
514 1318
514 1497
515 564
515 629
515 931
515 1071
515 1482
515 1565
515 1765
516 803
516 1000
516 1071
516 1116
516 1271
516 1730
516 1764
516 1947
516 1980
517 598
517 934
517 1199
517 1258
517 1420
517 1435
517 1786
517 1928
517 1983
518 698
518 943
518 1003
518 1571
518 1593
518 1625
519 818
519 983
519 1024
519 1088
519 1263
519 1745
520 764
520 976
520 983
520 1013
520 1093
520 1159
520 1180
520 1417
520 1510
520 1610
520 1810
520 1995
521 698
521 716
521 957
521 1552
521 1799
522 553
522 565
522 706
522 978
522 1048
522 1349
522 1422
522 1438
522 1660
523 846
524 744
524 753
524 842
524 857
524 882
524 1185
524 1701
524 1744
525 616
525 1154
525 1251
525 1792
526 630
526 908
526 1017
526 1345
526 1487
526 1655
527 1325
527 1714
527 1855
527 1857
528 838
528 1856
528 1860
528 1922
528 1979
529 783
529 1167
529 1458
529 1474
530 871
530 1334
530 1621
531 1534
531 1545
531 1983
532 930
532 1014
532 1197
532 1565
533 619
533 863
533 967
533 1164
533 1418
534 735
534 1007
534 1157
534 1308
534 1375
534 1421
534 1799
535 637
535 852
535 956
535 1010
535 1074
535 1552
536 794
537 583
537 1208
537 1285
538 1626
538 1663
539 772
539 1577
539 1584
539 1635
539 1833
540 1124
540 1199
540 1518
540 1613
540 1729
540 1807
541 1042
541 1216
541 1362
541 1425
541 1557
542 572
542 654
542 671
542 954
542 1746
542 1914
543 669
543 976
543 1662
544 1069
544 1214
544 1695
544 1976
545 852
545 1302
545 1501
545 1570
545 1773
546 783
546 1031
546 1048
546 1092
546 1099
546 1450
546 1460
546 1647
546 1868
547 652
547 871
547 1022
547 1236
547 1914
548 1138
548 1328
548 1339
548 1978
549 1225
549 1298
549 1391
549 1742
550 781
550 986
550 1273
550 1689
551 839
551 1042
551 1162
551 1665
551 1906
551 1983
552 689
552 698
552 916
552 1028
552 1063
552 1120
552 1667
552 1731
552 1887
553 576
553 677
553 769
553 1957
554 854
554 924
554 1230
554 1860
554 1919
555 635
555 1312
555 1962
556 1103
556 1139
556 1257
556 1296
556 1427
556 1664
556 1765
557 889
557 890
557 1228
557 1565
557 1667
558 1265
558 1970
559 650
559 806
559 1512
560 996
560 1125
560 1703
561 695
561 1272
561 1299
561 1545
561 1988
562 703
562 848
562 992
562 1189
562 1205
562 1754
562 1803
563 744
563 914
563 1168
563 1519
563 1965
564 1374
564 1922
565 1006
565 1422
565 1537
565 1603
566 679
566 719
566 977
566 1372
566 1394
566 1403
566 1896
566 1897
567 599
567 680
567 706
567 755
567 1539
567 1804
568 686
568 924
568 993
568 1434
569 589
569 665
569 974
569 1611
570 838
570 1124
570 1584
570 1603
571 574
571 707
571 850
571 1018
571 1066
571 1448
571 1621
571 1809
572 620
572 695
572 986
572 1618
572 1643
572 1799
572 1941
573 888
573 947
573 1108
573 1401
574 1220
574 1304
574 1321
575 590
575 1171
575 1627
575 1823
576 652
576 689
576 1117
577 631
577 898
578 941
578 1048
578 1151
578 1459
578 1542
578 1557
578 1901
578 1917
579 1267
579 1372
580 644
580 1186
580 1285
580 1576
581 944
581 1628
581 1847
582 596
582 860
582 1053
582 1059
582 1575
582 1686
582 1695
582 1924
582 1949
583 1013
583 1571
583 1581
584 650
584 759
584 799
584 1288
584 1453
584 1653
585 896
585 963
585 1000
585 1082
585 1840
585 1993
586 650
586 890
586 992
586 1290
586 1403
586 1995
587 737
587 1011
587 1439
587 1460
587 1583
587 1643
587 1695
587 1713
587 1734
588 833
588 970
588 1692
589 866
589 1593
589 1620
589 1624
590 708
590 1514
590 1662
591 954
591 1265
591 1541
592 975
592 1428
592 1718
593 919
593 1032
593 1422
593 1500
593 1578
593 1660
594 748
594 1400
594 1751
595 1120
595 1176
595 1513
595 1660
595 1756
595 1758
596 609
596 638
596 664
596 666
596 669
596 1088
596 1527
597 648
597 946
597 1028
597 1214
597 1638
598 675
598 946
598 1437
598 1959
599 1100
599 1156
599 1234
599 1443
599 1560
599 1811
600 741
600 1294
600 1340
600 1625
601 951
601 1470
601 1572
601 1679
602 930
602 969
602 1264
602 1868
602 1946
603 681
603 799
603 1648
603 1659
603 1744
604 995
604 1120
604 1225
604 1329
604 1607
604 1643
605 725
605 812
605 1362
605 1595
606 901
606 951
606 1722
606 1938
607 801
607 889
607 917
607 1256
607 1276
607 1986
608 767
608 824
608 1456
609 842
609 1259
609 1379
609 1730
609 1869
609 1965
610 701
610 730
610 751
610 949
610 971
611 891
611 1682
612 621
612 787
612 969
612 1083
612 1377
613 1030
613 1619
613 1674
614 627
614 788
614 1109
614 1290
615 1580
616 658
616 830
616 971
616 1455
616 1782
617 917
617 1304
617 1410
617 1770
617 1827
617 1957
618 740
618 911
618 1420
618 1648
618 1940
619 626
619 988
619 1682
620 785
620 1116
620 1443
620 1512
621 784
621 1116
622 942
622 973
622 1506
623 934
623 1724
624 962
624 1112
624 1372
624 1706
624 1818
625 645
625 808
625 1332
625 1932
626 823
626 902
626 1128
626 1212
626 1357
626 1785
626 1987
627 660
627 1380
628 969
629 1029
629 1056
629 1159
629 1343
630 643
630 822
630 1245
630 1564
631 885
631 1097
631 1930
632 757
632 963
632 1036
633 980
633 1309
633 1310
633 1523
633 1721
633 1723
633 1749
634 810
634 1274
634 1348
634 1395
634 1797
635 678
635 905
635 957
635 1251
635 1933
636 1322
636 1418
636 1477
636 1485
636 1535
636 1915
637 1474
637 1528
637 1961
638 1270
638 1376
638 1665
638 1808
638 1834
638 1847
638 1915
639 754
639 762
639 833
639 1154
639 1418
640 1111
641 799
641 925
641 1337
642 834
642 889
642 1218
642 1567
642 1666
642 1709
642 1773
642 1946
643 1348
643 1438
643 1619
643 1944
643 1994
644 728
644 844
644 850
644 1030
644 1397
644 1743
645 843
645 1161
645 1219
645 1382
645 1470
645 1984
645 1986
646 650
646 1110
646 1318
646 1344
646 1605
646 1915
647 1901
648 653
648 1540
648 1700
648 1708
648 1870
648 1988
649 708
649 1052
649 1117
650 981
650 1229
651 965
652 1301
652 1516
652 1565
652 1604
652 1642
652 1916
653 785
653 1271
653 1313
653 1379
655 797
655 1100
655 1124
655 1624
655 1724
656 702
656 826
656 970
656 1295
657 728
657 1696
657 1975
657 1985
658 867
658 934
658 1318
658 1835
658 1868
659 1802
659 1958
660 1064
660 1341
660 1357
660 1390
660 1691
661 978
661 995
661 1061
661 1444
661 1581
661 1645
661 1824
662 751
662 828
662 976
662 1369
662 1507
662 1759
663 757
663 1143
663 1212
663 1931
663 1964
664 1006
664 1107
664 1239
664 1456
664 1513
664 1998
665 821
665 1071
665 1244
665 1355
665 1893
666 1219
666 1525
666 1530
666 1905
667 694
667 728
667 1392
667 1604
667 1745
668 745
668 815
668 827
668 1159
668 1221
669 1160
669 1374
669 1595
669 1605
669 1645
669 1945
670 751
670 883
670 923
670 1081
670 1120
670 1169
670 1242
670 1518
670 1888
671 893
671 921
671 1031
671 1388
671 1979
672 874
672 1435
672 1906
673 943
673 1031
673 1170
673 1198
673 1201
673 1424
673 1963
674 1043
674 1910
675 1727
676 988
676 1198
676 1707
676 1937
677 720
677 1335
677 1544
678 1501
678 1963
679 873
679 910
679 1081
679 1158
679 1270
679 1774
680 704
680 717
680 1011
680 1037
680 1232
681 897
681 1527
681 1587
681 1616
681 1949
682 687
682 991
682 1253
682 1545
682 1768
683 706
683 993
683 1418
683 1711
683 1787
683 1922
683 1939
684 1346
684 1432
684 1817
685 967
685 1045
685 1100
685 1293
686 981
686 1103
686 1169
686 1716
687 928
688 940
688 1023
688 1460
688 1526
688 1540
689 994
689 1212
689 1816
690 863
690 1462
690 1784
691 723
691 970
691 1068
691 1791
692 845
692 881
692 973
692 989
692 1011
692 1117
692 1376
692 1418
692 1982
693 1008
693 1055
693 1084
693 1123
693 1157
693 1571
693 1617
693 1833
694 1136
694 1531
694 1594
695 876
695 1003
695 1202
695 1246
695 1353
695 1632
695 1926
695 1977
696 831
696 1003
696 1018
696 1864
696 1923
696 1929
697 1015
697 1176
697 1995
698 984
698 1313
699 1396
700 1008
700 1462
700 1681
700 1687
700 1707
700 1758
701 968
701 1122
701 1244
701 1308
701 1351
702 1292
702 1777
702 1974
703 767
703 799
703 1715
703 1754
703 1982
704 1047
704 1161
704 1496
705 1212
705 1384
705 1529
705 1809
706 1231
706 1646
706 1856
707 1129
707 1370
708 748
708 879
708 921
708 1298
708 1514
708 1553
708 1595
708 1961
709 1531
709 1570
709 1843
710 1074
710 1108
710 1167
710 1542
711 880
711 1338
711 1453
711 1498
712 726
712 995
712 1756
712 1934
713 1080
713 1298
713 1544
713 1941
714 1181
714 1309
714 1316
714 1409
714 1728
714 1946
715 864
715 1000
715 1157
715 1189
715 1586
715 1673
716 1137
716 1252
716 1308
716 1310
716 1613
716 1728
716 1830
716 1857
717 814
717 900
717 1113
717 1716
717 1990
718 1110
718 1312
718 1760
719 800
719 941
719 1243
719 1484
719 1498
719 1677
719 1747
720 1350
720 1419
720 1529
720 1719
720 1805
720 1813
720 1965
721 881
721 1026
721 1357
721 1828
722 741
722 994
722 1328
722 1424
722 1585
722 1591
722 1798
723 809
723 815
723 915
723 934
723 1478
723 1790
723 1860
723 1938
724 821
724 863
724 1156
724 1604
725 1253
725 1879
726 1037
726 1958
727 842
727 876
727 1352
727 1504
728 1167
729 764
729 1062
729 1701
729 1982
730 1289
730 1660
730 1939
731 758
731 1145
731 1160
731 1420
731 1591
731 1848
732 1139
732 1271
732 1321
732 1517
733 763
733 969
733 1178
733 1547
733 1870
734 962
734 1805
735 1133
735 1167
735 1246
735 1415
735 1624
736 931
736 1318
736 1878
737 992
737 1680
738 1372
738 1430
738 1633
738 1924
739 804
739 818
740 1094
740 1329
740 1537
740 1714
740 1768
740 1913
741 829
741 885
741 965
741 1011
741 1053
741 1225
742 1973
743 797
743 949
743 1022
743 1042
743 1237
743 1343
743 1754
743 1765
743 1890
744 827
744 892
744 1036
744 1152
745 959
745 1239
745 1801
746 1010
746 1285
746 1620
746 1951
747 901
747 1112
747 1205
747 1556
747 1729
747 1859
748 849
748 943
748 1524
748 1654
748 1821
749 919
749 1483
749 1797
751 790
751 1112
751 1386
751 1449
752 888
752 927
752 985
752 1228
752 1394
752 1709
752 1878
752 1948
752 1962
753 806
753 1057
753 1117
754 761
754 868
754 1242
754 1734
754 1858
755 1615
755 1826
756 1422
756 1937
757 800
757 1044
757 1093
757 1541
757 1922
758 837
758 1753
759 1045
759 1225
759 1528
759 1689
759 1787
760 1127
760 1525
760 1760
760 1856
760 1960
761 1491
761 1569
762 817
762 1504
762 1810
763 919
763 1718
764 864
764 988
764 1143
764 1149
764 1570
764 1613
765 1316
765 1447
765 1859
765 1922
766 794
766 833
766 884
766 921
766 1523
766 1751
766 1798
767 958
767 1665
768 865
768 998
768 1112
768 1240
768 1267
768 1566
768 1822
769 822
769 1119
769 1200
769 1486
769 1579
769 1833
770 814
770 899
770 1221
770 1578
770 1645
770 1700
771 919
772 830
772 869
772 1378
772 1643
772 1930
773 897
773 1812
773 1933
773 1991
774 1217
774 1658
774 1968
775 1305
775 1435
775 1986
776 902
776 915
776 1464
776 1532
777 823
778 887
778 1582
779 1719
779 1799
779 1968
781 1222
781 1224
782 806
782 866
782 1222
782 1228
782 1275
782 1507
783 1126
783 1445
783 1529
783 1694
783 1881
784 931
784 967
784 1181
784 1303
785 1183
785 1331
785 1878
785 1926
786 1216
787 829
787 1546
788 1181
788 1589
788 1781
788 1907
789 812
789 1257
789 1285
789 1288
789 1484
789 1576
790 1035
790 1144
790 1160
790 1242
790 1293
790 1727
791 1341
791 1483
791 1712
792 793
792 828
792 994
792 1161
792 1362
792 1454
792 1723
792 1875
793 835
793 1002
793 1069
793 1460
793 1611
793 1696
793 1894
794 980
794 1070
794 1313
794 1833
795 1339
795 1455
795 1660
795 1857
795 1946
796 932
796 1234
796 1641
796 1661
796 1745
797 949
797 1433
797 1806
797 1987
798 1733
798 1899
799 999
799 1372
799 1775
799 1912
800 1525
800 1602
800 1819
801 822
801 1000
801 1412
801 1954
802 914
802 1756
802 1783
802 1991
803 1106
803 1402
804 1593
804 1659
805 1143
805 1154
806 1298
806 1574
807 811
807 1338
807 1803
807 1901
807 1965
807 1996
808 970
808 994
808 1060
808 1704
808 1744
809 984
809 1000
809 1542
809 1734
810 1283
810 1389
810 1461
810 1473
810 1602
811 1222
811 1242
811 1393
811 1621
811 1642
811 1953
812 1264
812 1396
812 1513
812 1865
812 1938
813 1261
813 1629
813 1761
813 1801
814 1504
814 1686
815 1185
815 1280
815 1466
816 1395
816 1399
816 1748
816 1837
816 1967
817 903
817 946
817 1055
817 1304
817 1479
817 1666
819 1550
819 1579
820 837
820 978
820 1251
821 995
821 1474
821 1914
821 1916
822 844
822 1385
822 1390
822 1607
822 1987
823 1203
823 1451
823 1810
823 1823
824 953
824 1315
825 995
825 1629
826 1003
826 1176
826 1453
826 1551
827 1991
827 1995
828 1005
828 1105
828 1175
828 1631
829 987
829 1255
829 1667
829 1723
830 991
830 1471
830 1557
831 936
831 957
831 1118
831 1461
832 1199
832 1238
832 1771
833 968
833 1422
833 1576
833 1766
833 1799
834 985
834 1113
834 1396
834 1737
835 932
835 1758
836 894
836 1403
836 1827
836 1848
836 1884
837 865
837 1039
837 1409
837 1878
838 880
838 1701
839 1211
839 1216
839 1374
839 1392
839 1527
839 1620
839 1664
839 1908
840 882
840 1114
840 1736
840 1788
840 1851
840 1877
841 878
841 1036
841 1070
841 1479
841 1875
842 867
842 921
842 1330
842 1832
842 1882
843 1345
844 941
844 1133
844 1494
845 1070
845 1203
845 1549
845 1812
846 880
846 1080
846 1403
846 1524
847 965
847 1279
847 1423
847 1705
848 940
848 1025
848 1263
848 1293
848 1650
848 1969
849 1041
849 1616
849 1710
850 901
850 1334
850 1409
850 1775
851 1064
851 1228
852 860
852 866
852 890
852 1049
852 1113
852 1150
852 1803
853 893
853 1083
853 1151
853 1391
853 1445
853 1453
853 1573
854 1116
854 1266
854 1289
854 1900
855 1254
855 1576
855 1683
855 1818
856 1468
856 1610
857 878
857 1247
857 1464
858 1121
858 1189
858 1474
858 1522
858 1588
858 1952
859 1318
859 1939
860 963
860 1546
860 1716
860 1979
861 1338
861 1690
861 1787
862 1240
863 1121
863 1163
863 1379
864 1251
864 1333
864 1877
865 913
865 915
865 1663
865 1809
865 1922
866 927
866 1802
867 1004
867 1185
867 1221
868 1203
868 1234
868 1498
868 1595
869 878
869 918
869 1562
869 1923
870 1210
870 1534
870 1595
870 1888
871 1257
871 1991
872 1135
872 1220
872 1621
872 1912
873 1019
873 1156
873 1532
873 1566
873 1585
873 1844
874 1176
874 1431
874 1876
875 920
876 1006
876 1875
876 1910
877 1805
878 916
878 1088
878 1568
879 888
879 1775
879 1994
880 1232
880 1731
881 1304
882 1749
882 1980
882 1987
883 1108
883 1175
883 1192
883 1312
883 1505
883 1871
883 1931
884 1122
884 1423
884 1601
884 1806
885 1343
885 1628
885 1978
886 901
886 906
886 1250
886 1348
886 1520
886 1596
886 1682
886 1809
887 1045
887 1337
887 1399
888 1106
888 1535
890 1166
890 1610
890 1732
890 1796
891 892
891 960
891 1122
891 1216
891 1669
892 999
892 1000
892 1009
892 1154
892 1380
892 1594
892 1670
893 926
893 1302
893 1727
893 1997
894 934
894 976
895 1157
895 1168
895 1441
895 1831
896 1085
896 1256
896 1350
896 1447
896 1513
896 1776
896 1914
896 1933
896 1985
897 1734
898 1268
898 1877
899 1922
899 1951
899 1952
900 907
900 1642
901 1400
901 1408
901 1919
902 1329
902 1415
902 1633
903 906
903 1331
903 1524
903 1558
903 1819
903 1964
904 939
904 1539
904 1723
905 1023
905 1232
905 1544
906 983
906 1010
906 1105
906 1218
906 1299
906 1458
906 1670
907 1219
907 1445
907 1618
907 1854
908 986
908 1725
908 1766
909 1045
909 1158
909 1519
909 1724
910 942
910 1621
910 1801
911 1086
911 1796
911 1928
912 1068
912 1252
912 1406
912 1521
912 1664
912 1721
912 1775
912 1818
913 1180
913 1701
914 1003
914 1022
914 1527
914 1641
915 996
915 1028
915 1176
915 1923
916 1208
916 1514
916 1738
916 1998
917 1176
917 1387
917 1670
917 1777
918 1067
918 1257
918 1258
918 1603
918 1605
918 1766
918 1846
919 932
919 1546
920 936
920 964
920 1040
920 1269
920 1752
921 1039
922 1116
922 1360
922 1469
922 1861
923 1123
923 1135
923 1496
923 1733
923 1783
923 1943
924 1043
925 1153
925 1268
925 1318
925 1402
926 1142
926 1289
926 1694
927 1033
927 1218
927 1337
927 1410
927 1451
927 1569
927 1976
928 973
928 1320
928 1711
929 1131
929 1362
929 1363
929 1618
929 1956
930 1112
930 1282
931 1111
931 1403
931 1676
932 975
932 1236
932 1937
932 1949
933 1844
934 956
934 1244
934 1489
934 1538
934 1563
934 1651
934 1692
935 1480
935 1549
935 1916
936 1470
936 1583
936 1801
936 1982
937 1358
937 1834
938 1586
938 1676
938 1854
939 1239
939 1459
939 1852
939 1873
939 1968
940 1043
940 1164
940 1203
940 1711
940 1918
941 1828
941 1845
942 1441
942 1928
943 1281
943 1964
944 1316
944 1365
944 1385
945 1257
945 1400
945 1522
945 1915
945 1916
946 1109
946 1342
946 1538
946 1570
946 1633
946 1774
946 1876
948 991
948 1041
948 1074
948 1099
948 1119
948 1184
948 1218
948 1397
948 1709
948 1823
949 1131
949 1568
949 1814
949 1878
950 980
950 1072
950 1096
950 1186
950 1281
951 979
951 1073
952 1176
952 1421
952 1587
952 1699
953 1397
953 1627
953 1957
954 1517
955 1014
955 1091
955 1676
956 1172
956 1231
956 1732
957 1241
957 1471
957 1546
957 1887
958 967
959 982
959 1083
959 1115
959 1183
959 1337
959 1426
959 1959
959 1995
960 1382
960 1399
960 1440
960 1718
961 1150
961 1671
961 1712
961 1923
962 1143
962 1357
962 1449
962 1869
962 1975
963 1366
964 1667
965 1300
965 1835
966 1125
967 1489
967 1663
968 1014
968 1245
968 1260
969 1283
969 1583
969 1673
970 1200
970 1438
971 1251
971 1273
971 1566
971 1667
972 1149
972 1275
972 1516
973 1025
973 1123
973 1221
973 1295
973 1320
973 1410
973 1492
973 1519
973 1648
974 1134
974 1364
975 1064
975 1220
975 1401
976 1492
976 1637
976 1673
976 1718
977 1178
977 1201
977 1453
977 1522
977 1671
977 1975
978 1034
978 1046
978 1286
978 1476
978 1729
978 1894
978 1961
978 1977
979 1018
979 1080
979 1591
979 1728
979 1802
980 1268
980 1341
980 1478
981 1649
981 1938
982 1595
982 1718
982 1750
982 1841
982 1858
983 1130
983 1173
983 1607
983 1645
983 1958
984 1152
984 1171
984 1192
985 1659
986 1295
986 1892
986 1943
987 1029
987 1044
987 1067
987 1443
987 1534
987 1746
987 1926
988 1171
988 1222
988 1862
989 1089
989 1193
989 1495
989 1716
990 1379
990 1732
990 1745
990 1896
991 1151
991 1201
991 1521
991 1775
992 1756
992 1933
992 1988
993 1117
993 1974
994 1150
994 1504
994 1597
994 1895
995 1110
995 1671
995 1766
997 1375
998 1037
998 1818
999 1395
999 1666
999 1926
1000 1717
1000 1884
1001 1100
1001 1169
1001 1316
1001 1328
1001 1949
1002 1030
1002 1088
1003 1281
1003 1298
1003 1506
1003 1539
1003 1685
1004 1200
1004 1518
1005 1831
1006 1330
1006 1390
1006 1992
1008 1049
1008 1098
1008 1658
1009 1446
1009 1786
1010 1042
1010 1112
1010 1290
1010 1593
1010 1831
1011 1195
1011 1724
1012 1153
1012 1406
1012 1830
1012 1856
1012 1863
1012 1958
1013 1402
1013 1558
1013 1653
1014 1295
1014 1556
1014 1894
1015 1434
1015 1659
1016 1353
1016 1781
1017 1282
1017 1553
1017 1702
1017 1905
1019 1352
1019 1366
1019 1848
1020 1990
1021 1367
1021 1555
1021 1855
1021 1867
1022 1065
1023 1545
1024 1160
1024 1178
1024 1295
1025 1122
1025 1370
1025 1385
1025 1388
1025 1448
1025 1917
1026 1778
1027 1375
1027 1923
1028 1030
1028 1168
1028 1217
1028 1380
1028 1495
1028 1787
1029 1903
1030 1070
1030 1895
1030 1924
1031 1107
1031 1216
1031 1226
1031 1845
1032 1110
1032 1128
1032 1330
1032 1389
1032 1893
1032 1940
1033 1577
1033 1717
1033 1737
1033 1754
1033 1768
1034 1061
1034 1129
1034 1182
1034 1453
1034 1625
1034 1715
1034 1967
1035 1060
1035 1066
1035 1185
1035 1527
1035 1790
1036 1068
1036 1344
1036 1498
1036 1794
1037 1593
1037 1937
1038 1284
1038 1392
1038 1830
1038 1899
1039 1081
1039 1282
1039 1462
1039 1524
1039 1710
1039 1839
1039 1851
1040 1104
1040 1233
1040 1468
1040 1970
1041 1410
1041 1430
1041 1875
1041 1942
1042 1091
1042 1645
1042 1893
1042 1931
1043 1581
1043 1621
1043 1807
1044 1094
1044 1309
1045 1121
1045 1188
1045 1377
1045 1844
1046 1278
1046 1414
1046 1446
1046 1537
1046 1604
1046 1630
1046 1825
1047 1060
1047 1530
1047 1576
1048 1259
1048 1719
1049 1383
1049 1584
1049 1775
1049 1806
1049 1892
1050 1176
1050 1409
1050 1613
1050 1921
1051 1264
1052 1588
1053 1171
1053 1938
1053 1983
1054 1441
1054 1514
1054 1810
1054 1826
1055 1167
1055 1207
1056 1195
1056 1526
1056 1625
1056 1860
1056 1985
1057 1109
1058 1127
1058 1736
1058 1915
1058 1957
1059 1796
1059 1957
1060 1355
1060 1481
1060 1600
1061 1354
1061 1649
1062 1747
1063 1206
1063 1305
1063 1333
1063 1422
1063 1489
1063 1547
1063 1661
1063 1957
1064 1154
1064 1162
1064 1202
1064 1436
1065 1520
1065 1584
1065 1801
1065 1837
1065 1839
1065 1857
1066 1280
1066 1742
1066 1865
1067 1184
1067 1521
1068 1286
1068 1497
1069 1224
1070 1337
1070 1551
1070 1580
1070 1970
1070 1973
1071 1170
1071 1617
1071 1861
1072 1606
1073 1139
1073 1205
1073 1206
1073 1331
1073 1643
1073 1877
1073 1950
1073 1966
1074 1502
1074 1945
1075 1200
1076 1316
1077 1269
1077 1318
1077 1640
1077 1773
1078 1223
1078 1732
1078 1942
1079 1260
1079 1555
1079 1580
1079 1595
1079 1720
1079 1783
1079 1824
1080 1306
1080 1446
1080 1564
1080 1847
1080 1955
1081 1427
1081 1802
1081 1856
1082 1231
1082 1232
1082 1730
1083 1514
1083 1595
1083 1861
1083 1919
1084 1241
1084 1523
1085 1134
1085 1390
1085 1696
1086 1219
1086 1650
1086 1691
1086 1716
1087 1480
1087 1767
1088 1191
1088 1237
1088 1426
1088 1928
1089 1295
1089 1559
1089 1663
1090 1146
1090 1305
1090 1607
1090 1724
1090 1856
1090 1952
1091 1235
1091 1525
1091 1715
1091 1732
1091 1806
1091 1893
1092 1211
1092 1280
1093 1211
1093 1509
1093 1718
1093 1883
1094 1097
1094 1537
1094 1580
1094 1602
1094 1613
1095 1204
1095 1380
1095 1569
1095 1757
1096 1194
1096 1614
1097 1772
1098 1222
1099 1281
1100 1160
1100 1606
1100 1756
1101 1317
1102 1686
1103 1115
1104 1785
1104 1872
1105 1285
1105 1415
1106 1180
1106 1268
1107 1282
1107 1445
1107 1612
1107 1618
1107 1798
1108 1395
1108 1544
1108 1570
1108 1620
1109 1214
1109 1444
1109 1914
1109 1915
1109 1973
1111 1276
1111 1594
1111 1675
1112 1370
1112 1487
1112 1675
1112 1891
1113 1207
1113 1361
1114 1670
1114 1932
1115 1130
1115 1147
1115 1450
1115 1928
1115 1976
1116 1263
1116 1895
1117 1178
1117 1198
1117 1411
1118 1186
1118 1580
1118 1808
1119 1527
1119 1830
1120 1393
1120 1754
1120 1803
1120 1820
1120 1984
1121 1207
1121 1397
1121 1412
1121 1451
1121 1648
1121 1793
1122 1458
1122 1716
1123 1167
1123 1450
1124 1543
1124 1716
1125 1563
1125 1768
1126 1198
1126 1211
1126 1711
1126 1845
1126 1847
1127 1234
1127 1580
1127 1697
1127 1760
1128 1163
1128 1218
1128 1259
1128 1475
1128 1562
1130 1310
1130 1685
1131 1434
1131 1610
1132 1320
1133 1985
1135 1301
1135 1810
1135 1954
1136 1294
1137 1376
1137 1820
1137 1907
1138 1294
1138 1592
1138 1859
1138 1977
1139 1423
1140 1255
1140 1538
1141 1572
1141 1628
1141 1760
1142 1321
1142 1585
1142 1646
1142 1689
1143 1188
1143 1892
1144 1210
1144 1443
1144 1935
1146 1191
1146 1459
1146 1469
1146 1586
1146 1917
1147 1318
1147 1830
1148 1527
1148 1774
1148 1779
1149 1253
1149 1715
1149 1740
1150 1282
1150 1364
1150 1602
1150 1871
1151 1225
1151 1327
1151 1340
1151 1744
1151 1868
1152 1218
1152 1381
1152 1710
1153 1296
1154 1203
1154 1819
1154 1926
1155 1402
1155 1410
1155 1748
1155 1880
1155 1933
1155 1936
1156 1617
1156 1674
1157 1541
1157 1909
1157 1976
1158 1717
1158 1752
1159 1431
1159 1521
1160 1576
1160 1616
1160 1824
1161 1372
1161 1376
1161 1477
1161 1853
1162 1746
1162 1790
1162 1990
1163 1317
1163 1515
1163 1664
1163 1885
1165 1427
1165 1795
1166 1183
1166 1211
1166 1214
1166 1215
1166 1482
1166 1555
1166 1589
1166 1901
1167 1214
1167 1228
1167 1299
1167 1353
1167 1354
1167 1416
1168 1417
1168 1484
1169 1754
1170 1306
1170 1716
1170 1878
1170 1918
1170 1950
1171 1363
1171 1492
1171 1803
1171 1925
1172 1176
1172 1277
1172 1947
1173 1879
1174 1356
1174 1369
1174 1383
1174 1576
1175 1726
1176 1632
1176 1718
1177 1223
1177 1256
1177 1392
1177 1590
1178 1214
1178 1410
1178 1765
1179 1960
1180 1442
1181 1380
1181 1482
1182 1385
1182 1815
1182 1997
1183 1388
1183 1883
1184 1621
1184 1738
1185 1524
1185 1881
1186 1404
1186 1579
1186 1797
1187 1980
1187 1996
1188 1443
1188 1654
1188 1771
1190 1767
1191 1209
1191 1443
1191 1452
1192 1264
1192 1820
1192 1976
1193 1196
1193 1288
1193 1544
1194 1223
1194 1278
1195 1602
1195 1789
1195 1912
1196 1516
1196 1586
1196 1664
1197 1364
1197 1583
1197 1863
1197 1967
1197 1991
1198 1246
1198 1899
1199 1537
1199 1643
1199 1698
1199 1939
1200 1721
1200 1960
1201 1552
1201 1708
1202 1670
1202 1714
1202 1785
1202 1987
1203 1238
1203 1623
1203 1711
1204 1364
1204 1509
1204 1564
1204 1682
1205 1472
1205 1726
1205 1989
1206 1747
1206 1919
1207 1312
1207 1426
1207 1548
1207 1977
1208 1225
1208 1404
1209 1349
1209 1677
1209 1916
1210 1291
1210 1358
1210 1635
1210 1822
1210 1872
1211 1304
1211 1544
1211 1574
1211 1895
1211 1935
1212 1277
1212 1382
1212 1910
1213 1574
1213 1793
1213 1806
1214 1349
1214 1572
1214 1600
1214 1603
1214 1659
1214 1666
1214 1942
1215 1252
1215 1444
1216 1538
1216 1749
1216 1859
1217 1249
1217 1439
1217 1690
1217 1775
1218 1622
1219 1275
1219 1403
1219 1866
1220 1375
1220 1492
1220 1851
1220 1863
1221 1625
1221 1889
1222 1318
1222 1768
1222 1879
1223 1601
1223 1709
1224 1563
1224 1582
1225 1260
1225 1294
1225 1558
1225 1649
1225 1943
1226 1716
1226 1737
1226 1947
1227 1303
1227 1756
1228 1617
1228 1891
1229 1659
1229 1719
1230 1996
1231 1280
1231 1412
1231 1628
1231 1858
1231 1998
1232 1422
1232 1816
1232 1820
1233 1342
1234 1419
1235 1344
1235 1503
1235 1570
1235 1736
1235 1750
1235 1787
1235 1924
1237 1262
1237 1291
1237 1459
1237 1616
1237 1933
1238 1391
1238 1456
1238 1466
1238 1786
1239 1324
1239 1414
1239 1678
1239 1711
1240 1258
1240 1290
1241 1856
1242 1499
1242 1778
1242 1872
1243 1413
1244 1430
1245 1263
1245 1348
1245 1423
1245 1672
1245 1695
1246 1826
1247 1382
1247 1964
1249 1404
1250 1384
1250 1459
1250 1635
1250 1997
1251 1468
1252 1823
1252 1874
1252 1912
1252 1984
1253 1426
1253 1491
1253 1652
1253 1949
1254 1263
1254 1291
1254 1294
1255 1772
1255 1838
1256 1275
1256 1499
1256 1704
1256 1756
1257 1573
1257 1764
1258 1354
1258 1467
1258 1529
1258 1588
1258 1841
1259 1271
1259 1393
1259 1625
1259 1936
1260 1416
1260 1591
1260 1963
1262 1694
1263 1317
1264 1818
1264 1942
1265 1946
1266 1462
1266 1717
1267 1513
1268 1662
1268 1983
1269 1380
1269 1609
1269 1920
1269 1921
1270 1274
1270 1409
1270 1727
1270 1896
1271 1655
1271 1820
1273 1820
1273 1830
1274 1404
1274 1553
1274 1650
1274 1868
1275 1859
1276 1512
1276 1775
1277 1647
1278 1429
1278 1439
1278 1497
1278 1822
1278 1928
1279 1326
1279 1337
1279 1500
1279 1543
1279 1776
1279 1858
1279 1864
1280 1695
1280 1856
1281 1623
1281 1648
1281 1804
1281 1952
1282 1832
1282 1934
1284 1593
1287 1361
1287 1947
1288 1616
1288 1772
1288 1793
1288 1873
1288 1906
1289 1290
1289 1361
1290 1387
1292 1729
1292 1825
1293 1375
1293 1448
1293 1880
1294 1305
1294 1554
1294 1601
1295 1313
1295 1334
1295 1380
1295 1767
1295 1993
1296 1344
1298 1539
1299 1391
1299 1408
1299 1610
1299 1761
1299 1839
1300 1484
1300 1494
1300 1670
1300 1688
1300 1790
1301 1315
1301 1402
1302 1429
1302 1493
1302 1743
1303 1410
1303 1933
1303 1944
1304 1699
1304 1746
1306 1555
1306 1666
1307 1692
1308 1603
1309 1578
1309 1741
1310 1435
1310 1575
1310 1724
1310 1864
1311 1534
1311 1932
1312 1662
1313 1356
1313 1569
1314 1431
1314 1476
1314 1485
1314 1496
1314 1764
1315 1451
1315 1543
1315 1676
1315 1927
1315 1994
1316 1841
1317 1514
1317 1758
1318 1542
1318 1649
1319 1569
1319 1620
1319 1645
1319 1672
1319 1950
1320 1563
1320 1774
1320 1822
1320 1873
1321 1612
1321 1699
1321 1940
1322 1546
1322 1641
1322 1664
1322 1897
1323 1716
1324 1857
1325 1375
1326 1349
1326 1364
1326 1791
1326 1828
1327 1343
1327 1528
1327 1625
1327 1841
1328 1491
1328 1801
1330 1430
1331 1595
1331 1902
1332 1411
1332 1727
1332 1921
1333 1848
1334 1373
1334 1422
1334 1717
1334 1930
1334 1960
1335 1537
1335 1578
1335 1721
1336 1657
1337 1519
1337 1748
1337 1778
1337 1900
1338 1466
1338 1971
1339 1612
1339 1830
1339 1918
1340 1387
1340 1761
1340 1787
1340 1898
1341 1457
1341 1647
1341 1826
1341 1865
1341 1934
1341 1955
1342 1443
1342 1545
1342 1711
1342 1803
1343 1372
1343 1410
1343 1773
1344 1713
1344 1740
1344 1870
1344 1918
1344 1991
1345 1696
1345 1742
1345 1862
1346 1348
1346 1660
1346 1985
1346 1990
1347 1712
1348 1442
1350 1530
1350 1832
1351 1369
1351 1549
1351 1624
1351 1875
1351 1937
1353 1483
1353 1964
1354 1362
1355 1487
1355 1706
1356 1492
1356 1753
1358 1446
1358 1548
1359 1674
1360 1731
1361 1448
1362 1374
1363 1491
1363 1777
1363 1872
1363 1957
1364 1880
1364 1949
1364 1963
1365 1592
1365 1636
1365 1666
1366 1393
1366 1721
1367 1808
1369 1681
1369 1692
1369 1863
1369 1867
1371 1405
1371 1510
1371 1523
1371 1672
1371 1792
1373 1551
1375 1413
1375 1470
1375 1847
1375 1977
1376 1496
1376 1790
1376 1918
1376 1930
1377 1942
1378 1650
1378 1719
1378 1773
1378 1775
1378 1811
1378 1847
1379 1562
1379 1891
1382 1678
1382 1750
1382 1762
1383 1384
1383 1409
1383 1609
1384 1534
1384 1663
1384 1890
1384 1983
1385 1386
1385 1423
1385 1520
1387 1404
1387 1541
1387 1817
1387 1819
1387 1932
1388 1513
1388 1701
1388 1720
1388 1856
1390 1633
1391 1447
1391 1842
1392 1679
1393 1426
1393 1564
1393 1689
1393 1824
1393 1830
1394 1845
1395 1778
1397 1468
1397 1539
1398 1459
1398 1529
1398 1654
1399 1995
1400 1720
1401 1645
1401 1798
1402 1602
1403 1688
1404 1532
1404 1631
1404 1642
1405 1533
1406 1942
1407 1704
1408 1460
1410 1716
1410 1837
1411 1423
1411 1471
1413 1677
1413 1710
1413 1776
1414 1621
1414 1759
1414 1882
1415 1528
1415 1628
1416 1499
1416 1526
1416 1772
1417 1564
1417 1789
1418 1520
1418 1608
1418 1710
1418 1770
1418 1780
1418 1801
1418 1859
1419 1655
1419 1833
1419 1838
1419 1848
1421 1434
1421 1553
1421 1653
1421 1798
1422 1632
1423 1572
1423 1737
1424 1550
1424 1767
1424 1901
1425 1580
1425 1748
1425 1752
1426 1732
1427 1474
1427 1521
1427 1661
1427 1720
1427 1996
1429 1713
1430 1472
1430 1909
1432 1627
1432 1640
1432 1786
1433 1994
1434 1885
1435 1538
1435 1770
1436 1463
1439 1493
1439 1495
1440 1567
1441 1682
1441 1758
1441 1982
1442 1517
1442 1665
1443 1650
1443 1981
1444 1839
1448 1489
1448 1690
1448 1970
1449 1775
1449 1959
1449 1964
1450 1996
1451 1470
1451 1656
1451 1956
1452 1872
1452 1991
1453 1513
1453 1741
1453 1937
1453 1981
1456 1640
1456 1812
1456 1912
1457 1570
1457 1629
1457 1857
1458 1539
1458 1546
1458 1927
1459 1586
1460 1565
1460 1785
1461 1660
1461 1887
1463 1604
1463 1705
1463 1927
1465 1853
1465 1985
1467 1473
1467 1913
1469 1510
1470 1610
1470 1729
1471 1836
1471 1877
1472 1608
1472 1685
1472 1883
1472 1900
1473 1562
1473 1988
1474 1549
1474 1827
1475 1666
1475 1674
1477 1522
1477 1598
1477 1853
1478 1733
1478 1916
1479 1623
1479 1671
1479 1699
1479 1702
1479 1747
1480 1684
1480 1788
1480 1856
1481 1739
1481 1766
1481 1796
1482 1704
1482 1870
1483 1716
1483 1831
1483 1986
1484 1608
1484 1644
1484 1921
1485 1487
1485 1497
1485 1634
1485 1697
1485 1882
1485 1903
1486 1978
1487 1718
1487 1791
1488 1538
1488 1757
1489 1776
1490 1908
1491 1739
1492 1798
1492 1826
1492 1829
1492 1946
1493 1615
1493 1664
1493 1951
1494 1667
1494 1981
1495 1767
1495 1854
1498 1510
1498 1981
1498 1997
1499 1542
1499 1591
1499 1603
1499 1631
1499 1634
1500 1591
1500 1721
1501 1848
1502 1705
1502 1981
1503 1938
1504 1593
1506 1668
1507 1518
1507 1919
1507 1994
1508 1598
1508 1613
1508 1625
1508 1665
1509 1528
1509 1790
1510 1792
1511 1536
1512 1667
1512 1902
1513 1624
1514 1576
1514 1630
1515 1520
1515 1758
1516 1682
1517 1866
1519 1695
1520 1542
1520 1548
1521 1718
1522 1899
1523 1684
1524 1590
1526 1737
1526 1947
1527 1929
1528 1677
1528 1836
1528 1925
1529 1619
1529 1752
1530 1619
1531 1579
1531 1646
1532 1618
1532 1846
1532 1970
1533 1808
1534 1620
1534 1649
1534 1768
1535 1708
1536 1544
1536 1860
1539 1541
1539 1708
1540 1815
1540 1915
1541 1740
1541 1874
1544 1586
1544 1817
1544 1888
1544 1981
1545 1613
1545 1824
1546 1798
1546 1863
1547 1830
1548 1601
1548 1652
1549 1950
1549 1981
1551 1555
1551 1622
1551 1684
1551 1948
1552 1942
1552 1954
1552 1980
1553 1560
1553 1746
1554 1758
1555 1682
1557 1947
1558 1673
1558 1740
1558 1919
1558 1989
1560 1723
1560 1766
1560 1973
1561 1881
1564 1652
1564 1661
1564 1702
1565 1568
1568 1882
1569 1770
1569 1823
1570 1902
1570 1980
1571 1660
1571 1879
1572 1597
1572 1650
1572 1701
1572 1767
1573 1974
1573 1984
1575 1584
1575 1931
1575 1954
1575 1986
1576 1634
1576 1658
1576 1941
1577 1890
1577 1945
1579 1633
1579 1994
1581 1660
1581 1842
1581 1919
1581 1982
1582 1967
1583 1816
1584 1680
1584 1770
1585 1941
1586 1644
1589 1646
1591 1624
1591 1923
1592 1801
1593 1760
1593 1810
1593 1995
1594 1605
1595 1870
1596 1692
1597 1755
1599 1781
1599 1987
1601 1862
1602 1839
1603 1694
1603 1889
1606 1778
1606 1881
1606 1890
1607 1676
1607 1768
1608 1750
1608 1780
1609 1908
1610 1848
1610 1929
1611 1730
1611 1938
1611 1954
1613 1983
1614 1942
1614 1993
1615 1763
1615 1780
1615 1805
1616 1706
1617 1636
1617 1668
1619 1753
1619 1862
1621 1825
1621 1855
1621 1926
1621 1983
1622 1713
1622 1722
1623 1884
1623 1889
1625 1671
1626 1790
1626 1812
1627 1970
1629 1848
1629 1985
1630 1706
1630 1969
1632 1634
1632 1705
1632 1796
1634 1654
1634 1672
1635 1905
1636 1742
1636 1886
1637 1667
1638 1767
1638 1791
1639 1640
1639 1670
1640 1832
1640 1922
1641 1806
1642 1741
1643 1759
1643 1866
1644 1918
1645 1953
1646 1811
1647 1676
1647 1870
1649 1944
1650 1972
1653 1789
1655 1692
1655 1885
1657 1887
1658 1719
1658 1864
1659 1960
1660 1686
1661 1723
1663 1722
1663 1806
1664 1673
1664 1834
1664 1876
1664 1911
1665 1697
1667 1746
1667 1939
1668 1764
1671 1964
1672 1919
1674 1807
1674 1831
1674 1871
1674 1988
1675 1705
1675 1794
1676 1716
1677 1860
1678 1835
1679 1791
1679 1807
1679 1976
1680 1947
1681 1776
1681 1817
1682 1699
1682 1703
1683 1749
1683 1890
1684 1928
1685 1716
1688 1761
1688 1822
1688 1887
1691 1730
1691 1766
1691 1924
1692 1928
1692 1977
1693 1737
1693 1800
1697 1864
1698 1927
1700 1732
1700 1797
1701 1878
1701 1963
1702 1840
1702 1919
1703 1833
1704 1951
1707 1866
1708 1752
1708 1953
1709 1858
1711 1930
1711 1957
1712 1831
1715 1718
1715 1821
1716 1825
1717 1910
1718 1930
1719 1843
1719 1969
1722 1916
1722 1927
1723 1886
1724 1751
1724 1912
1726 1911
1730 1789
1730 1923
1731 1733
1731 1910
1732 1931
1732 1963
1734 1799
1737 1937
1739 1913
1741 1779
1741 1933
1742 1792
1743 1753
1744 1920
1744 1993
1745 1765
1745 1878
1746 1940
1747 1933
1748 1983
1749 1912
1749 1969
1750 1872
1750 1927
1750 1943
1751 1800
1752 1801
1752 1849
1752 1889
1753 1761
1753 1982
1755 1830
1757 1826
1759 1860
1759 1972
1762 1884
1763 1998
1765 1835
1765 1926
1765 1972
1766 1888
1766 1907
1767 1850
1768 1974
1769 1806
1770 1908
1771 1974
1774 1914
1775 1934
1777 1812
1777 1979
1779 1802
1781 1840
1782 1837
1782 1916
1783 1900
1783 1954
1784 1947
1794 1801
1798 1888
1799 1843
1801 1926
1802 1881
1803 1934
1804 1864
1804 1946
1804 1983
1807 1867
1808 1844
1809 1833
1812 1820
1816 1901
1816 1921
1817 1817
1818 1859
1819 1990
1820 1896
1821 1987
1822 1879
1823 1893
1824 1891
1828 1907
1828 1993
1829 1929
1832 1904
1833 1834
1833 1881
1834 1926
1834 1948
1836 1883
1836 1897
1840 1909
1842 1956
1843 1949
1849 1864
1850 1876
1850 1881
1850 1915
1850 1964
1851 1991
1858 1920
1862 1959
1865 1868
1867 1973
1871 1877
1874 1925
1875 1919
1878 1958
1879 1921
1880 1996
1882 1980
1884 1982
1890 1945
1893 1966
1893 1997
1899 1904
1899 1944
1900 1985
1903 1970
1914 1933
1921 1936
1922 1968
1934 1936
1934 1960
1939 1984
1942 1952
1976 1977
1994 1994
