2000
0 432
0 458
0 511
0 826
0 889
0 919
0 933
0 1007
0 1238
0 1580
0 1598
1 366
1 460
1 463
1 1066
1 1349
1 1613
1 1719
1 1808
1 1849
2 260
2 600
2 650
2 856
2 1991
3 210
3 309
3 445
3 627
3 1266
3 1725
3 1731
4 90
4 129
4 380
4 493
4 615
4 687
4 763
4 769
4 1118
4 1122
4 1238
4 1520
4 1767
5 449
5 475
5 529
5 535
5 986
5 993
5 1529
5 1664
5 1670
5 1906
6 228
6 487
6 610
6 643
6 970
6 1241
6 1316
6 1650
6 1764
6 1829
7 279
7 596
7 705
7 794
7 816
7 827
7 859
7 915
8 89
8 124
8 139
8 495
8 557
8 583
8 647
8 964
8 1420
8 1494
8 1579
8 1704
8 1935
9 213
9 421
9 885
9 913
9 1167
9 1209
9 1556
10 12
10 303
10 460
10 939
10 1604
10 1653
10 1888
10 1972
11 380
11 643
11 804
11 986
11 1192
11 1490
11 1620
11 1780
11 1793
11 1799
11 1930
11 1943
11 1957
12 401
12 895
12 946
12 1781
12 1985
13 388
13 644
13 687
13 926
13 976
13 999
13 1336
13 1947
14 615
14 793
14 798
14 1184
14 1230
14 1243
14 1301
14 1307
14 1367
14 1554
14 1920
15 365
15 366
15 541
15 553
15 683
15 1152
15 1455
15 1931
16 318
16 388
16 703
16 808
16 847
16 1143
16 1286
16 1627
16 1659
16 1661
16 1950
16 1994
17 323
17 744
17 1143
17 1187
17 1251
17 1467
17 1529
17 1643
18 669
18 731
18 949
18 1027
18 1320
18 1566
19 641
19 662
19 712
19 717
19 1157
19 1901
19 1996
20 20
20 314
20 574
20 1256
20 1551
20 1621
20 1648
21 509
21 901
21 1548
21 1584
22 42
22 439
22 472
22 546
22 714
22 856
22 1515
22 1771
22 1887
23 227
23 250
23 516
23 656
23 970
23 1285
23 1585
23 1676
23 1826
23 1828
24 126
24 192
24 493
24 583
24 903
24 977
24 1183
24 1207
24 1784
24 1846
25 146
25 621
25 1588
26 161
26 199
26 411
26 468
26 524
26 1208
26 1211
26 1283
26 1705
26 1814
26 1980
27 53
27 448
27 573
27 940
27 1438
27 1687
27 1866
28 209
28 380
28 879
28 1206
28 1256
28 1509
28 1569
28 1853
29 779
29 1023
29 1191
29 1352
29 1395
29 1510
29 1657
29 1955
29 1989
30 63
30 168
30 183
30 274
30 304
30 858
30 1196
30 1457
30 1503
30 1683
31 132
31 214
31 627
31 919
31 1034
31 1241
31 1251
31 1259
31 1576
31 1820
31 1889
32 197
32 554
32 615
32 1066
32 1126
32 1442
32 1987
33 212
33 434
33 783
33 1229
33 1454
33 1492
33 1621
33 1754
33 1895
34 376
34 717
34 1142
34 1231
34 1492
34 1670
34 1731
34 1798
34 1808
34 1909
35 67
35 169
35 606
35 670
35 788
35 858
35 897
35 933
35 1075
35 1153
35 1281
35 1513
35 1737
35 1993
36 37
36 122
36 126
36 152
36 283
36 478
36 897
36 1733
36 1766
36 1799
36 1992
37 289
37 515
37 901
37 969
37 1065
37 1195
37 1311
37 1389
37 1879
38 197
38 243
38 604
38 821
38 967
38 1036
38 1391
39 120
39 547
39 587
39 813
39 993
39 1127
39 1156
39 1358
39 1848
40 120
40 627
40 685
40 1211
40 1356
40 1425
40 1600
40 1677
41 241
41 322
41 703
41 1035
41 1075
41 1305
41 1455
41 1715
41 1776
41 1937
41 1992
42 79
42 279
42 411
42 1268
42 1312
42 1336
42 1499
42 1550
42 1552
43 459
43 767
43 796
43 867
43 911
43 1474
43 1605
43 1742
43 1815
44 423
44 485
44 1124
44 1296
44 1373
45 191
45 244
45 832
45 920
45 1591
45 1696
45 1759
45 1867
46 172
46 497
46 721
46 754
46 971
46 1009
46 1044
46 1252
46 1269
46 1951
47 1691
47 1761
47 1911
47 1963
48 392
48 730
48 743
48 984
48 1641
49 129
49 427
49 510
49 624
49 1089
49 1384
49 1762
50 232
50 343
50 695
50 767
50 825
50 1016
50 1030
50 1068
50 1098
50 1196
50 1495
50 1646
51 117
51 371
51 625
51 688
51 1064
51 1236
51 1479
51 1497
51 1666
51 1708
51 1853
51 1889
52 66
52 431
52 671
52 682
52 1295
52 1841
53 80
53 113
53 332
53 411
53 475
53 724
53 850
53 946
53 995
53 1226
53 1737
53 1837
53 1879
53 1994
54 317
54 365
54 444
54 609
54 803
54 841
54 1370
54 1536
54 1672
54 1686
54 1919
55 319
55 624
55 730
55 902
55 1110
55 1211
55 1259
55 1452
55 1787
56 62
56 156
56 655
56 1014
56 1076
56 1889
57 137
57 144
57 720
57 735
57 752
57 818
57 1237
57 1332
57 1543
57 1582
57 1731
57 1803
57 1822
57 1968
58 60
58 655
58 675
58 896
58 1084
58 1483
58 1495
58 1543
58 1794
58 1802
58 1916
59 530
59 599
59 643
59 864
59 1118
59 1178
59 1250
59 1344
59 1587
59 1798
59 1855
59 1948
60 99
60 120
60 455
60 615
60 779
60 866
60 974
60 1049
60 1274
60 1444
60 1483
60 1768
60 1796
60 1799
60 1907
61 80
61 277
61 316
61 340
61 560
61 953
61 1040
61 1424
61 1625
61 1650
61 1772
61 1845
62 385
62 488
62 516
62 815
62 861
62 924
62 1228
62 1327
63 144
63 166
63 637
63 878
63 1591
63 1595
63 1640
63 1714
63 1942
64 450
64 561
64 562
64 1124
64 1595
64 1825
65 294
65 496
65 557
65 585
65 836
65 988
65 1131
65 1302
65 1452
65 1714
65 1774
65 1908
66 146
66 869
66 950
66 1333
66 1351
66 1646
67 445
67 561
67 1223
67 1408
67 1676
67 1952
67 1962
68 353
68 757
68 1140
68 1232
68 1407
68 1683
68 1994
69 82
69 1956
70 175
70 189
70 340
70 518
70 585
70 722
70 846
70 1240
70 1819
70 1827
71 282
71 406
71 742
71 744
71 798
71 1267
71 1280
71 1314
71 1642
71 1835
71 1845
72 117
72 1009
72 1096
72 1122
72 1201
72 1563
72 1657
72 1676
72 1706
72 1863
73 124
73 190
73 199
73 337
73 1449
73 1514
73 1592
73 1849
74 302
74 564
74 873
74 923
74 1003
74 1082
74 1240
74 1437
74 1619
74 1923
75 181
75 523
75 524
75 801
75 976
75 1022
75 1084
75 1203
75 1228
75 1713
75 1964
76 119
76 603
76 925
76 981
76 1873
76 1900
76 1933
76 1957
76 1991
77 271
77 744
77 800
77 965
77 1139
77 1340
77 1623
78 119
78 207
78 569
78 785
78 808
78 1222
78 1237
78 1415
78 1801
78 1824
79 361
79 618
79 1047
79 1147
79 1322
79 1675
79 1755
79 1891
80 398
80 586
80 1007
80 1188
80 1836
80 1921
80 1965
81 129
81 315
81 597
81 879
81 905
81 1332
81 1657
81 1668
81 1700
81 1701
81 1839
81 1904
82 470
82 577
82 1541
82 1733
83 160
83 358
83 525
83 968
83 1174
83 1561
83 1929
83 1985
84 165
84 207
84 259
84 374
84 393
84 718
84 774
84 834
84 1113
84 1418
85 285
85 590
85 676
85 1074
85 1244
85 1284
85 1459
85 1565
85 1986
86 150
86 498
86 632
86 745
86 858
86 963
86 1073
86 1109
86 1461
86 1735
87 766
87 966
87 975
87 1146
87 1505
87 1510
87 1610
87 1649
87 1756
87 1882
87 1950
88 177
88 293
88 427
88 513
88 836
88 1217
88 1339
88 1406
88 1442
88 1481
88 1779
88 1792
88 1978
89 584
89 725
89 1071
89 1511
89 1827
90 293
90 800
90 859
90 924
90 1034
90 1129
90 1170
90 1711
90 1727
90 1814
91 229
91 528
91 741
91 1116
91 1540
91 1584
91 1668
92 272
92 704
92 966
92 1028
92 1147
92 1211
92 1253
92 1513
93 195
93 499
93 582
93 1039
93 1403
93 1726
93 1873
94 135
94 673
94 1132
94 1181
94 1342
94 1477
94 1690
94 1745
94 1866
95 112
95 148
95 240
95 378
95 779
95 1220
95 1668
95 1698
95 1779
95 1883
95 1955
96 445
96 797
96 910
96 1006
96 1133
96 1228
96 1491
96 1747
96 1879
96 1960
97 771
97 820
97 897
97 904
97 965
97 1311
97 1624
98 240
98 565
98 800
98 948
98 1344
98 1353
98 1516
98 1627
98 1692
98 1890
98 1891
99 198
99 272
99 351
99 712
99 1124
99 1372
99 1626
99 1842
100 162
100 177
100 227
100 503
100 829
100 897
100 1150
100 1524
100 1556
100 1688
100 1878
101 205
101 275
101 880
101 1253
101 1618
101 1799
102 430
102 548
102 581
102 640
102 875
102 1138
102 1253
102 1411
102 1466
102 1916
103 411
103 578
103 899
103 1682
103 1709
103 1735
103 1862
104 328
104 578
104 803
104 1024
104 1058
104 1249
104 1313
104 1375
104 1439
104 1483
104 1514
105 130
105 723
105 980
105 1118
105 1251
105 1345
105 1490
105 1703
105 1795
105 1973
106 645
106 914
106 923
106 1310
106 1381
106 1630
106 1851
107 760
107 968
107 1674
108 937
108 1070
108 1284
108 1306
108 1603
108 1895
109 565
109 660
109 1108
109 1558
109 1865
110 138
110 470
110 481
110 865
110 983
110 1212
110 1637
110 1708
111 151
111 186
111 330
111 581
111 599
111 627
111 908
111 997
112 224
112 564
112 708
112 1242
112 1542
112 1588
112 1987
113 397
113 412
113 683
113 699
113 878
113 886
113 990
113 1447
113 1482
113 1572
113 1837
113 1873
114 150
114 366
114 429
114 671
114 1221
114 1494
114 1667
114 1835
115 769
115 1405
115 1972
116 717
116 728
116 1088
116 1168
116 1179
116 1209
116 1304
116 1497
116 1691
116 1701
116 1879
117 270
117 611
117 689
117 867
117 945
117 1108
117 1307
118 318
118 559
118 885
118 906
118 935
118 1273
118 1365
118 1554
118 1660
118 1939
119 148
119 278
119 304
119 401
119 1052
119 1060
119 1332
119 1563
119 1577
119 1774
119 1840
120 1247
120 1349
120 1840
120 1886
121 253
121 460
121 478
121 507
121 789
121 978
121 1098
121 1142
121 1236
121 1411
121 1485
121 1591
121 1619
121 1622
121 1630
121 1691
122 336
122 383
122 446
122 906
122 1722
122 1793
123 320
123 354
123 420
123 498
123 508
123 950
123 1093
123 1134
123 1164
123 1666
123 1673
123 1792
123 1822
123 1827
123 1944
124 280
124 402
124 743
124 920
124 928
124 992
124 1057
124 1183
124 1336
124 1743
124 1759
124 1763
124 1925
125 478
125 512
125 571
125 624
125 658
125 1198
125 1236
125 1240
125 1411
125 1649
125 1990
126 250
126 906
126 1069
126 1324
126 1359
126 1885
127 188
127 350
127 369
127 425
127 500
127 520
127 709
127 792
127 890
127 899
127 918
127 921
127 964
127 1457
127 1557
127 1626
127 1799
127 1855
128 204
128 223
128 415
128 495
128 526
128 749
128 1212
128 1392
128 1423
128 1754
129 193
129 279
129 475
129 669
129 1056
129 1455
129 1521
129 1599
129 1678
130 160
130 366
130 1024
130 1738
130 1868
131 383
131 402
131 435
131 658
131 722
131 742
131 1112
131 1153
131 1214
131 1336
131 1429
131 1488
131 1565
131 1630
132 662
132 733
132 973
132 1110
132 1386
132 1845
132 1886
133 324
133 386
133 398
133 912
133 1417
133 1508
133 1771
133 1927
133 1941
133 1966
134 684
134 694
134 698
134 895
134 1226
134 1483
134 1991
135 149
135 465
135 486
135 561
135 607
135 826
135 911
135 929
135 1547
135 1875
136 316
136 458
136 544
136 609
136 918
136 1239
136 1669
136 1903
137 202
137 237
137 246
137 452
137 479
137 658
137 733
137 1026
137 1032
137 1114
137 1205
137 1484
137 1700
137 1876
138 195
138 543
138 888
138 890
138 981
138 1383
138 1502
138 1582
138 1704
138 1775
138 1916
139 159
139 187
139 190
139 246
139 683
139 684
139 794
139 1010
139 1138
139 1518
139 1882
139 1991
140 437
140 823
140 1013
140 1058
140 1380
140 1695
140 1907
140 1962
141 636
141 732
141 944
141 1177
141 1304
141 1957
142 1973
143 449
143 476
143 562
143 776
143 977
143 1027
143 1039
143 1107
143 1606
143 1814
144 285
144 287
144 418
144 432
144 589
144 912
144 1181
144 1261
144 1596
145 296
145 1017
145 1498
145 1607
145 1671
145 1872
145 1953
146 410
146 578
146 837
146 859
146 1025
146 1541
146 1681
146 1692
146 1707
147 233
147 527
147 649
147 1387
147 1591
147 1821
148 491
148 599
148 976
148 1033
148 1144
148 1196
148 1450
148 1470
148 1487
148 1503
148 1523
148 1765
149 198
149 230
149 322
149 529
149 757
149 767
149 835
149 879
149 925
149 1714
149 1946
150 509
150 637
150 741
150 778
150 1110
150 1136
150 1149
150 1591
150 1665
151 543
151 824
151 1289
151 1312
151 1691
151 1907
152 176
152 491
152 550
152 916
152 957
152 1390
152 1392
152 1531
152 1835
153 292
153 463
153 525
153 611
153 631
153 632
153 800
153 956
153 1043
153 1210
153 1249
153 1451
153 1512
153 1704
153 1715
153 1825
153 1934
154 806
154 976
154 1892
155 258
155 983
155 1062
155 1246
155 1263
155 1318
155 1552
156 345
156 461
156 518
156 539
156 886
156 923
156 1396
156 1439
156 1858
157 664
157 1075
157 1189
157 1336
157 1460
157 1919
158 758
158 913
158 929
158 1302
158 1394
158 1524
158 1635
158 1696
158 1803
159 270
159 290
159 300
159 406
159 804
159 1112
159 1246
159 1425
159 1633
160 189
160 308
160 378
160 381
160 474
160 499
160 617
160 855
160 999
160 1081
160 1510
160 1695
160 1775
160 1807
161 274
161 503
161 509
161 932
161 1327
161 1632
161 1675
162 492
162 1441
162 1810
162 1827
162 1993
163 440
163 549
163 981
163 1209
163 1400
163 1425
163 1601
164 214
164 439
164 678
164 691
164 748
164 949
164 1325
164 1644
164 1717
164 1806
164 1969
165 446
165 680
165 857
165 1167
165 1588
165 1642
165 1727
165 1864
165 1934
166 405
166 1121
166 1486
166 1549
166 1646
166 1936
167 332
167 361
167 395
167 425
167 576
167 628
167 1189
167 1260
167 1337
167 1386
167 1519
167 1530
167 1766
167 1904
167 1992
168 277
168 302
168 310
168 549
168 574
168 619
168 662
168 677
168 866
168 1197
168 1290
168 1431
168 1479
168 1665
169 255
169 513
169 583
169 657
169 864
169 988
169 1465
169 1595
169 1826
169 1888
170 268
170 315
170 336
170 414
170 532
170 1182
170 1216
170 1579
170 1786
170 1969
171 365
171 478
171 576
171 795
171 983
171 1059
171 1067
171 1354
172 584
172 625
172 819
172 973
172 1171
172 1480
172 1995
173 481
173 820
173 863
173 885
173 1159
173 1799
173 1847
173 1908
174 520
174 756
174 1316
174 1587
174 1867
175 211
175 263
175 290
175 440
175 500
175 516
175 732
175 839
175 1423
175 1800
176 280
176 297
176 308
176 509
176 1204
176 1287
176 1332
176 1466
176 1610
177 207
177 342
177 734
177 892
177 1052
177 1099
177 1138
177 1572
177 1947
177 1957
178 528
178 610
178 739
178 761
178 773
178 798
178 1041
178 1359
178 1442
178 1779
179 391
179 1006
179 1092
179 1318
179 1444
179 1504
180 420
180 577
180 630
180 637
180 656
180 688
180 1226
180 1654
180 1810
181 270
181 705
181 838
181 995
181 1114
181 1461
181 1857
181 1972
182 368
182 371
182 375
182 509
182 714
182 869
182 1321
182 1338
182 1526
182 1555
182 1738
182 1845
182 1908
182 1963
183 393
183 405
183 511
183 1116
183 1123
183 1195
183 1354
183 1401
183 1779
184 646
184 751
184 1066
184 1114
184 1398
184 1586
184 1680
184 1696
184 1800
184 1903
185 270
185 848
185 1213
185 1584
185 1965
186 196
186 363
186 764
186 1995
187 278
187 451
187 465
187 649
187 1155
187 1254
187 1275
187 1415
187 1417
187 1480
187 1561
187 1704
187 1716
187 1916
188 778
188 854
188 1311
188 1453
188 1826
188 1938
189 212
189 489
189 831
189 1073
189 1277
189 1556
189 1592
189 1665
190 223
190 640
190 861
190 1135
190 1322
190 1424
190 1494
190 1510
191 497
191 515
191 643
191 653
191 853
191 1029
191 1335
191 1408
191 1451
192 581
192 882
192 942
192 964
192 1010
192 1170
192 1267
192 1347
192 1359
192 1485
192 1985
192 1993
192 1995
193 221
193 845
193 890
193 934
193 1032
193 1226
193 1390
193 1903
193 1984
193 1998
194 335
194 825
194 906
194 958
194 1015
194 1334
194 1647
194 1772
195 208
195 1254
195 1348
195 1389
195 1693
195 1867
195 1904
195 1966
196 198
196 956
196 1189
196 1497
196 1639
196 1773
196 1993
197 799
197 1190
197 1324
197 1449
197 1499
197 1629
198 480
198 946
198 1707
198 1847
199 223
199 532
199 722
199 1000
199 1033
199 1152
199 1300
199 1375
199 1430
200 488
200 781
200 845
200 1051
200 1068
200 1228
200 1231
200 1741
200 1836
201 343
201 1046
201 1932
202 414
202 551
202 677
202 716
202 994
202 1178
202 1179
202 1251
202 1486
202 1497
202 1610
202 1614
203 415
203 518
203 1057
203 1193
203 1620
203 1737
203 1788
203 1938
204 254
204 310
204 481
204 639
204 1262
204 1550
204 1693
204 1928
205 323
205 520
205 715
205 890
205 1061
205 1790
206 320
206 360
206 568
206 783
206 805
206 933
206 973
206 1064
206 1072
206 1259
206 1436
206 1507
206 1576
206 1698
206 1803
206 1878
207 398
207 406
207 892
207 1057
207 1137
207 1395
207 1557
207 1562
207 1820
208 212
208 216
208 1200
208 1216
208 1283
208 1333
208 1395
208 1973
209 215
209 576
209 603
209 761
209 1166
209 1411
210 304
210 612
210 615
210 774
210 817
210 1031
210 1205
210 1320
210 1639
210 1908
211 234
211 307
211 1104
211 1510
211 1684
211 1784
212 518
212 720
212 932
212 1400
212 1464
213 300
213 430
213 492
213 728
213 960
213 1017
213 1181
213 1292
213 1548
213 1851
213 1949
214 404
214 1431
214 1909
214 1982
215 707
215 1195
215 1562
215 1773
215 1891
216 307
216 308
216 349
216 399
216 691
216 812
216 965
216 1065
216 1640
216 1989
216 1998
217 440
217 455
217 681
217 844
217 1740
218 276
218 344
218 562
218 860
218 918
218 960
218 1077
218 1493
218 1499
218 1584
218 1676
218 1696
218 1797
218 1862
218 1912
219 319
219 372
219 407
219 449
219 737
219 908
219 954
219 1049
219 1468
219 1624
220 309
220 324
220 1522
220 1706
220 1792
221 279
221 282
221 330
221 465
221 1386
221 1426
221 1521
221 1544
221 1671
221 1687
221 1769
221 1830
222 479
222 540
222 929
222 1580
222 1702
222 1806
222 1808
222 1941
222 1993
223 712
223 852
223 983
223 1035
223 1893
223 1985
224 246
224 396
224 704
224 744
224 949
224 1097
224 1107
224 1682
224 1889
225 484
225 491
225 674
225 754
225 808
225 827
225 1678
225 1837
226 612
226 759
226 1114
226 1289
226 1412
226 1450
226 1642
226 1901
227 270
227 395
227 476
227 707
227 774
227 797
227 799
227 921
227 1366
227 1387
227 1631
227 1979
228 400
228 424
228 844
228 955
228 1075
229 285
229 355
229 920
229 1134
229 1224
229 1685
230 663
230 1358
230 1857
231 481
231 512
231 562
231 638
231 1134
231 1174
231 1313
231 1923
231 1935
232 260
232 425
232 830
232 933
232 1818
233 242
233 324
233 493
233 604
233 655
233 739
233 836
233 1329
233 1352
233 1721
233 1889
234 796
234 816
234 833
234 972
234 1450
234 1788
235 302
235 1626
235 1689
236 317
236 403
236 732
236 1027
236 1090
236 1138
236 1233
236 1518
236 1583
237 304
237 309
237 535
237 926
237 953
237 959
237 1068
237 1087
237 1167
237 1172
237 1740
237 1831
237 1884
238 406
238 697
238 1463
238 1683
238 1732
238 1822
239 262
239 900
239 1077
239 1222
239 1882
240 286
240 445
240 475
240 1255
240 1259
241 415
241 699
241 773
241 1004
241 1068
241 1135
241 1668
242 368
242 564
242 819
242 904
242 954
242 1168
242 1558
242 1574
242 1798
242 1932
243 314
243 524
243 616
243 688
243 822
243 1208
243 1485
243 1515
243 1580
243 1967
244 296
244 944
244 1206
244 1277
244 1358
244 1704
244 1750
244 1888
245 281
245 543
245 1315
245 1324
245 1879
245 1936
245 1996
246 496
246 691
246 773
246 866
246 1026
246 1272
246 1740
247 270
247 886
247 1238
247 1251
247 1369
247 1466
247 1883
248 679
248 792
248 815
248 1045
248 1232
248 1245
248 1425
249 325
249 396
249 409
249 511
249 531
249 549
249 769
249 799
249 995
249 1428
249 1436
249 1572
249 1610
249 1690
249 1743
249 1926
249 1958
250 346
250 362
250 603
250 757
250 893
250 1273
250 1394
250 1401
250 1501
250 1688
250 1868
251 856
251 917
251 928
251 1261
251 1310
251 1352
251 1455
252 305
252 417
252 454
252 481
252 487
252 508
252 630
252 874
252 927
252 955
252 1014
252 1309
252 1412
252 1712
253 852
253 957
253 1518
253 1817
253 1860
254 343
254 537
254 678
254 807
254 843
254 1102
254 1451
254 1494
254 1964
255 888
255 1277
255 1349
255 1496
255 1535
255 1680
255 1741
256 442
256 977
256 1259
256 1283
256 1316
256 1621
256 1686
257 395
257 541
257 1225
257 1516
257 1655
257 1881
258 496
258 619
258 723
258 927
258 1004
258 1101
258 1111
258 1503
258 1526
258 1585
258 1857
258 1879
258 1880
259 392
259 611
259 621
259 710
259 989
259 1794
260 352
260 538
260 693
260 1187
260 1893
261 460
261 1508
261 1522
261 1573
261 1716
261 1720
261 1840
261 1928
262 947
262 1221
262 1521
262 1969
263 402
263 495
263 705
263 803
263 931
263 953
263 1030
263 1226
263 1327
263 1462
263 1511
263 1783
263 1887
264 608
264 1047
264 1303
264 1478
264 1927
265 605
265 609
265 821
265 1322
265 1530
265 1858
266 692
266 1064
266 1350
266 1756
267 313
267 571
267 661
267 994
267 1033
267 1097
267 1341
267 1394
267 1642
267 1917
268 315
268 491
268 606
268 631
268 1010
268 1446
268 1659
268 1808
269 305
269 451
269 695
269 814
269 978
269 1217
269 1309
269 1481
269 1696
269 1717
270 484
270 507
270 641
270 682
270 871
270 883
270 935
270 963
270 1036
270 1287
270 1665
270 1700
271 364
271 404
271 413
271 972
271 1151
271 1784
271 1887
271 1994
272 712
272 853
272 1215
272 1702
272 1708
272 1742
273 301
273 460
273 490
273 969
273 1159
273 1203
273 1439
273 1620
273 1745
273 1788
273 1883
273 1933
273 1973
274 350
274 378
274 558
274 1956
275 524
275 719
275 853
275 1053
275 1443
275 1535
276 464
276 490
276 923
276 1363
276 1544
276 1800
277 312
277 1239
277 1387
277 1442
277 1554
278 587
278 721
278 722
278 1356
278 1755
278 1832
278 1852
278 1930
279 323
279 454
279 578
279 1267
279 1747
279 1999
280 1145
280 1357
280 1660
280 1772
280 1818
281 415
281 882
281 885
281 1266
281 1474
281 1546
281 1771
281 1903
282 576
282 817
282 1268
282 1680
282 1809
282 1861
283 375
283 610
283 745
283 829
283 873
283 902
283 1098
283 1341
283 1559
283 1718
284 555
284 1104
284 1236
284 1270
284 1451
284 1644
284 1646
284 1924
285 467
285 520
285 528
285 748
285 821
285 1060
285 1336
286 387
286 1215
286 1387
287 722
287 1140
287 1237
287 1243
288 615
288 740
288 923
288 1109
288 1222
288 1343
288 1564
288 1819
289 320
289 379
289 409
289 570
289 593
289 604
289 913
289 972
289 980
289 1242
289 1410
289 1504
289 1991
290 347
290 581
290 764
290 917
290 1222
290 1267
290 1568
291 507
291 757
291 953
291 1050
291 1075
291 1211
291 1542
291 1604
291 1855
292 366
292 703
292 874
292 1183
292 1319
292 1425
292 1712
292 1926
293 464
293 772
293 906
293 946
293 1202
293 1367
293 1595
294 470
294 619
294 641
294 652
294 665
294 884
294 974
294 976
294 999
294 1405
294 1457
294 1466
294 1529
294 1568
294 1772
294 1794
294 1836
295 736
295 1217
295 1669
296 321
296 345
296 715
296 718
296 867
296 889
296 1365
296 1562
296 1816
296 1878
297 388
297 466
297 517
297 674
297 790
297 1030
297 1179
297 1725
297 1818
298 596
298 1098
298 1107
299 530
299 787
299 802
299 1043
299 1339
299 1860
300 1089
300 1376
300 1442
300 1580
300 1618
300 1827
301 700
301 896
301 955
301 1984
302 1403
302 1504
302 1666
303 767
303 903
303 1206
303 1446
303 1614
303 1680
303 1743
303 1916
304 454
304 565
304 1434
304 1480
304 1782
304 1980
305 447
305 595
305 636
305 935
305 1089
305 1561
306 726
306 772
306 871
306 876
306 915
306 922
306 1713
306 1862
307 323
307 504
307 644
307 693
307 1065
307 1306
307 1580
307 1647
307 1742
307 1866
308 640
308 685
308 822
308 1208
308 1292
308 1417
308 1584
308 1639
308 1698
309 670
309 849
309 1108
309 1231
309 1878
309 1959
310 649
310 650
310 1130
310 1210
310 1328
310 1354
310 1364
310 1385
310 1534
310 1652
311 619
311 651
311 737
311 819
311 826
311 910
311 994
311 1044
311 1337
311 1448
311 1460
311 1579
311 1779
311 1936
311 1944
312 449
312 543
312 880
312 943
312 1170
312 1698
312 1877
312 1916
313 441
313 651
313 802
313 1008
314 498
314 642
314 738
314 799
314 906
314 1077
314 1194
314 1897
315 323
315 530
315 633
315 650
315 981
315 1430
315 1594
315 1777
316 427
316 707
316 804
316 1027
316 1081
316 1158
316 1218
316 1422
316 1517
316 1590
316 1693
316 1736
316 1972
317 501
317 508
317 680
317 814
317 893
317 1201
317 1215
317 1544
317 1841
318 361
318 441
318 514
318 626
318 1021
318 1373
318 1401
318 1404
318 1435
318 1996
319 551
319 728
319 1059
319 1255
319 1323
319 1638
319 1690
319 1870
320 445
320 507
320 556
320 1009
320 1591
320 1782
320 1849
321 582
321 676
321 832
321 1485
321 1583
321 1796
321 1825
321 1929
322 334
322 438
322 452
322 809
322 911
322 945
322 1241
322 1452
322 1608
322 1974
323 1108
323 1143
323 1270
323 1596
324 819
324 860
324 1634
324 1967
325 480
325 560
325 627
325 771
325 1081
325 1232
325 1282
325 1290
325 1455
325 1539
325 1640
325 1846
325 1966
325 1967
326 372
326 430
326 862
326 1134
326 1135
326 1284
326 1461
326 1720
326 1780
327 381
327 909
327 1147
327 1211
327 1418
327 1482
327 1792
327 1818
328 888
328 1110
328 1139
328 1264
328 1305
328 1388
328 1447
328 1588
328 1990
329 669
329 707
329 925
329 1022
329 1344
329 1355
329 1415
329 1575
329 1635
329 1716
329 1811
330 353
330 1069
330 1190
330 1325
330 1390
330 1642
330 1741
331 436
331 745
331 990
331 1275
331 1438
331 1459
331 1668
331 1694
331 1733
331 1749
331 1752
332 361
332 691
332 739
332 890
332 1010
332 1339
332 1361
332 1396
332 1511
332 1627
333 345
333 368
333 590
333 929
333 1053
333 1060
333 1411
334 413
334 457
334 755
334 1154
334 1507
334 1565
335 437
335 568
335 1067
335 1931
335 1937
336 1147
336 1467
336 1534
336 1615
336 1737
337 631
337 677
337 692
337 793
337 887
337 960
337 1467
337 1571
337 1591
338 461
338 648
338 687
338 1039
338 1095
338 1183
338 1289
338 1384
338 1517
338 1685
338 1870
338 1980
338 1991
339 661
339 902
339 904
339 1278
339 1536
339 1635
339 1846
340 393
340 522
340 593
340 984
340 1487
340 1519
340 1784
340 1839
341 438
341 474
341 784
341 786
341 805
341 1121
342 708
342 996
342 1229
342 1650
342 1797
342 1872
342 1896
343 591
343 732
343 1204
343 1538
343 1665
343 1786
344 562
344 744
344 1120
344 1325
344 1330
344 1535
344 1685
344 1869
344 1887
345 712
345 930
345 967
345 1615
345 1765
346 482
346 514
346 1062
346 1271
346 1450
346 1536
346 1724
346 1951
347 358
347 374
347 565
347 690
347 1049
347 1077
347 1080
347 1376
347 1638
347 1968
348 1272
348 1378
348 1634
348 1936
348 1944
348 1968
349 800
349 848
349 1231
349 1596
349 1675
349 1848
349 1990
350 611
350 996
350 1655
350 1784
350 1847
351 646
351 746
351 866
351 1151
351 1163
351 1190
351 1381
351 1386
351 1658
351 1834
351 1944
352 622
352 1319
352 1692
353 617
353 1142
353 1322
353 1548
353 1662
353 1794
353 1844
353 1928
354 831
354 878
354 927
354 953
354 1023
354 1254
354 1326
355 521
355 602
355 1412
356 588
356 1026
356 1599
356 1866
356 1875
357 628
357 854
357 1590
357 1706
358 615
358 646
358 1541
358 1649
359 392
359 445
359 866
359 1125
359 1435
359 1463
359 1466
359 1560
359 1568
359 1718
359 1828
359 1927
360 411
360 488
360 556
360 753
360 994
360 1078
360 1393
360 1732
360 1795
360 1850
361 372
361 1342
361 1638
361 1909
362 415
362 457
362 730
362 1048
362 1059
362 1496
362 1627
362 1696
362 1701
362 1884
362 1973
363 381
363 738
363 745
363 779
363 999
363 1719
364 544
364 1024
364 1034
364 1458
364 1510
365 627
365 667
365 1646
365 1666
365 1840
366 413
366 564
366 624
366 739
366 798
366 1130
366 1530
366 1784
367 702
367 790
367 931
367 1004
367 1095
367 1121
367 1350
367 1713
367 1874
368 760
368 798
368 904
368 1322
368 1436
368 1475
368 1722
369 673
369 959
369 1215
369 1292
369 1301
369 1790
369 1928
369 1961
370 1129
370 1150
370 1213
370 1640
370 1744
370 1756
371 555
371 745
371 1342
371 1377
371 1483
371 1561
371 1944
372 485
372 581
372 758
372 790
372 855
372 1157
372 1160
372 1261
372 1318
372 1356
372 1479
372 1509
372 1776
372 1805
373 422
373 575
373 1239
373 1695
373 1741
373 1863
374 1021
374 1624
374 1821
374 1825
374 1933
375 606
375 638
375 716
375 932
375 1209
375 1329
375 1504
375 1706
375 1871
376 656
376 812
376 1177
376 1206
376 1508
376 1696
376 1820
377 420
377 652
377 712
377 713
377 1322
377 1539
377 1567
377 1679
377 1680
377 1760
377 1810
378 615
378 649
378 1000
378 1179
378 1190
379 436
379 1025
379 1390
379 1533
380 535
380 623
380 726
380 1115
380 1639
381 839
381 1007
381 1616
381 1876
382 405
382 663
382 791
382 854
382 1409
382 1714
383 643
383 721
383 907
383 1238
383 1259
383 1283
384 494
384 580
384 851
384 1055
384 1428
384 1541
384 1679
384 1786
385 676
385 886
385 1282
385 1798
385 1842
385 1955
386 386
386 454
386 696
386 706
386 966
386 1294
386 1296
386 1557
386 1692
386 1817
387 427
387 515
387 652
387 741
387 805
387 1205
387 1341
387 1423
387 1488
387 1671
387 1845
388 391
388 910
388 1317
388 1914
388 1938
389 601
389 884
389 1018
389 1095
389 1168
389 1466
389 1674
389 1715
389 1869
389 1891
390 537
390 945
390 1199
390 1344
390 1474
390 1547
390 1828
390 1853
391 561
391 679
391 807
391 1057
391 1211
391 1264
391 1408
391 1498
391 1555
391 1654
392 397
392 805
392 1115
392 1548
392 1589
392 1592
392 1952
393 479
393 702
393 1555
393 1647
393 1659
394 720
394 980
394 1945
395 409
395 724
395 956
395 1273
395 1393
395 1414
396 789
396 917
396 938
396 1191
396 1393
396 1540
397 616
397 1033
397 1249
397 1465
397 1617
397 1731
397 1763
398 861
398 898
398 964
398 1202
398 1283
398 1392
399 412
399 432
399 447
399 553
399 783
399 884
399 935
399 1152
399 1219
399 1502
400 521
400 733
400 854
400 889
400 952
400 955
400 995
400 1105
400 1254
400 1306
400 1733
401 813
401 947
401 989
401 1027
401 1039
401 1278
401 1545
401 1597
402 1343
402 1576
402 1678
402 1771
402 1807
403 495
403 888
404 775
404 1031
404 1065
404 1291
404 1351
404 1661
404 1673
404 1798
405 731
405 817
405 940
405 944
405 1743
405 1747
406 794
406 1052
406 1198
406 1463
406 1515
406 1673
406 1703
406 1818
407 469
407 565
407 1584
407 1617
407 1936
408 817
408 869
408 1324
408 1510
408 1592
409 895
409 998
409 1710
409 1903
410 656
410 865
410 875
410 973
410 1391
410 1558
410 1697
410 1870
410 1886
411 569
411 627
411 758
411 1010
411 1304
411 1347
411 1421
411 1490
411 1538
412 439
412 1265
412 1746
412 1780
412 1959
413 934
413 1041
413 1152
413 1914
414 490
414 528
414 956
414 1055
414 1062
414 1186
414 1398
414 1781
414 1967
415 805
415 840
415 850
415 1227
415 1247
416 490
416 673
416 940
416 1782
416 1980
417 814
417 1084
417 1760
417 1783
417 1914
418 1095
418 1328
418 1565
419 783
419 1312
419 1327
419 1386
419 1641
419 1682
419 1869
420 590
420 592
420 841
420 1013
420 1373
420 1421
420 1458
420 1463
420 1614
420 1911
421 901
421 1774
421 1837
422 517
422 926
422 1176
422 1439
422 1522
422 1567
422 1747
422 1850
422 1852
423 466
423 725
423 733
423 1121
423 1315
423 1429
423 1544
423 1846
424 489
424 607
424 655
424 943
424 1108
424 1449
424 1482
424 1504
424 1794
424 1851
425 681
425 751
425 884
425 957
425 1349
425 1438
425 1472
425 1474
425 1618
426 815
426 1671
426 1927
427 555
427 675
427 703
427 791
427 1201
427 1271
427 1608
427 1770
427 1808
427 1852
428 552
428 574
428 766
428 1080
428 1242
428 1574
428 1947
429 550
429 789
429 1275
429 1304
429 1955
430 933
430 1464
430 1560
430 1704
430 1865
431 511
431 671
431 747
431 997
431 1223
431 1510
431 1768
432 441
432 764
432 796
432 1182
432 1222
432 1808
432 1814
433 647
433 726
433 907
433 1125
433 1282
433 1487
433 1886
433 1958
434 548
434 807
434 1081
434 1581
434 1775
434 1892
435 451
435 746
435 1255
435 1394
435 1503
436 1009
436 1324
436 1373
436 1709
436 1808
437 508
437 1077
437 1214
437 1305
437 1458
438 706
438 1566
438 1749
438 1802
438 1846
439 641
439 959
439 1251
439 1257
439 1309
439 1544
439 1554
439 1699
440 593
440 624
440 661
440 1779
440 1788
440 1816
440 1819
441 487
441 707
441 1046
441 1107
441 1221
441 1393
441 1479
441 1517
441 1555
442 1429
442 1495
442 1752
442 1774
442 1999
443 630
443 635
443 713
443 892
443 929
443 1019
443 1457
443 1636
444 710
444 714
444 883
444 942
444 999
444 1182
444 1253
444 1349
444 1450
444 1476
444 1914
444 1980
445 1157
445 1227
445 1500
446 500
446 607
446 646
446 1035
446 1693
446 1718
446 1722
446 1762
446 1926
446 1972
447 722
447 852
447 1576
447 1661
448 540
448 573
448 1250
448 1697
449 466
449 779
449 1023
449 1230
449 1442
449 1646
449 1653
449 1942
450 603
450 812
450 960
450 1077
450 1466
450 1778
451 566
451 621
451 1292
451 1364
451 1824
451 1862
452 614
452 981
452 990
452 1001
452 1710
452 1721
452 1804
453 563
453 575
453 690
453 857
453 899
453 935
453 1084
453 1137
453 1292
453 1412
453 1934
454 517
454 544
454 1328
454 1612
454 1647
454 1658
455 464
455 822
455 912
455 1321
455 1539
455 1687
456 558
456 835
456 873
456 1032
456 1130
456 1389
456 1415
456 1625
456 1697
456 1712
456 1764
457 765
457 812
457 1093
457 1275
457 1363
457 1440
457 1873
457 1924
457 1979
458 932
458 1194
458 1324
458 1453
458 1680
458 1700
458 1915
459 786
459 898
459 1085
459 1094
459 1412
459 1533
460 565
460 711
460 816
460 1336
461 845
461 1490
461 1563
461 1650
461 1704
461 1984
462 504
462 630
462 1102
462 1380
462 1543
462 1719
462 1784
463 799
463 882
463 962
463 993
463 1002
463 1197
463 1235
463 1780
463 1893
463 1969
464 509
464 628
464 722
464 739
464 924
464 1083
464 1249
464 1269
464 1521
464 1611
464 1738
465 690
465 1541
465 1602
465 1687
465 1750
465 1951
466 536
466 1218
466 1354
466 1452
466 1605
466 1855
466 1938
467 590
467 643
467 775
467 894
467 1194
467 1358
467 1437
467 1540
467 1643
468 834
468 1023
468 1102
468 1283
468 1807
468 1836
468 1899
469 596
469 606
469 667
469 936
469 1104
469 1143
469 1647
470 492
470 882
470 1007
470 1044
470 1468
470 1505
470 1512
470 1606
470 1640
471 521
471 730
471 779
471 940
471 1017
471 1119
472 499
472 562
472 813
472 837
472 882
472 969
472 1543
472 1592
472 1644
472 1964
473 557
473 803
473 902
473 1263
473 1650
473 1794
473 1945
473 1961
474 668
474 1149
474 1271
474 1349
474 1360
474 1473
474 1530
474 1791
475 1090
475 1205
475 1474
476 495
476 603
476 620
476 795
476 935
476 1199
476 1351
476 1451
476 1480
476 1632
477 528
477 892
477 1178
478 743
478 816
478 1077
478 1227
478 1491
478 1617
478 1664
479 585
479 1066
479 1211
479 1991
480 605
480 946
480 1196
480 1241
480 1555
480 1635
480 1853
481 598
481 650
481 1127
481 1728
482 668
482 672
482 1110
482 1167
482 1575
482 1982
483 661
483 768
483 1133
483 1135
483 1326
483 1867
484 780
484 828
484 876
484 882
484 1069
484 1082
484 1095
484 1144
484 1261
484 1309
484 1488
484 1859
485 803
485 1358
485 1647
485 1672
485 1791
485 1831
485 1837
486 631
486 739
486 788
486 816
486 1000
486 1061
486 1401
486 1591
486 1729
486 1883
486 1900
487 722
487 938
487 1215
487 1217
487 1401
487 1638
487 1809
487 1956
488 538
488 682
488 705
488 760
488 767
488 949
488 1151
488 1335
488 1565
489 546
489 612
489 828
489 855
489 1042
489 1051
489 1217
489 1613
489 1660
489 1692
489 1697
490 802
490 859
490 904
490 950
490 1302
490 1407
490 1851
490 1906
491 1050
491 1077
491 1119
491 1213
491 1398
491 1462
492 633
492 1068
492 1373
492 1504
492 1812
492 1995
493 824
493 1149
493 1209
493 1407
493 1673
493 1697
493 1712
493 1843
493 1872
493 1940
494 671
494 1272
494 1373
494 1673
494 1960
495 610
495 666
495 676
495 768
495 947
495 1044
495 1554
495 1626
496 630
496 733
496 891
496 910
496 912
496 993
496 1438
496 1752
497 641
497 1418
498 535
498 753
498 1214
498 1531
498 1707
498 1812
498 1955
499 619
499 655
499 1558
499 1639
499 1696
499 1835
500 660
500 1131
500 1724
500 1911
500 1939
501 544
501 866
501 1014
501 1101
501 1750
501 1806
502 1017
502 1018
502 1420
503 904
503 1200
503 1395
503 1557
503 1605
503 1611
503 1615
503 1722
503 1775
504 623
504 1065
504 1280
504 1354
504 1420
504 1517
504 1583
504 1869
505 614
505 913
505 1758
505 1762
505 1891
505 1954
506 680
506 1138
506 1405
506 1981
507 618
507 661
507 743
507 784
507 917
507 1523
507 1662
507 1808
508 548
508 575
508 1356
508 1829
508 1862
508 1902
509 544
509 646
509 1157
509 1352
509 1656
509 1693
509 1866
509 1966
510 668
510 811
511 514
511 520
511 621
511 796
511 857
511 1002
511 1148
511 1189
511 1239
511 1344
511 1346
511 1432
511 1529
511 1754
511 1762
511 1807
512 646
512 833
512 1171
512 1422
512 1489
512 1530
513 641
513 713
513 742
513 795
513 1052
513 1941
513 1957
514 584
514 605
514 1179
514 1321
514 1390
514 1533
514 1709
514 1994
515 711
516 546
516 575
516 670
516 1127
516 1859
516 1863
516 1921
516 1993
517 547
517 892
517 1176
517 1321
517 1621
517 1713
518 1166
518 1338
518 1733
518 1827
519 546
519 563
519 800
519 826
519 974
519 1090
519 1110
519 1170
519 1223
519 1516
519 1631
519 1784
520 988
520 1165
520 1246
520 1742
520 1780
520 1823
521 1602
521 1752
521 1848
522 1029
522 1033
522 1054
522 1087
522 1238
522 1256
522 1320
522 1635
522 1999
523 861
523 935
523 960
523 1363
524 560
524 575
524 648
524 1065
524 1178
524 1250
524 1610
524 1615
524 1634
525 584
525 794
525 1015
525 1578
525 1870
525 1922
526 1080
526 1193
526 1330
526 1545
526 1642
526 1854
526 1987
527 1124
527 1260
527 1324
527 1589
527 1861
528 562
528 568
528 597
528 799
528 1392
528 1415
528 1427
528 1715
528 1716
528 1838
528 1856
528 1957
529 979
529 1001
529 1153
529 1247
529 1574
529 1630
529 1656
529 1702
530 864
530 1146
530 1215
530 1501
530 1530
530 1907
531 885
531 1113
531 1296
531 1782
531 1919
532 616
532 781
532 836
532 864
532 867
532 1119
532 1198
532 1737
533 581
533 1011
533 1072
533 1294
533 1770
534 710
534 878
534 968
534 1092
534 1164
534 1262
534 1778
535 604
535 759
535 1037
535 1080
535 1163
535 1205
535 1373
535 1395
535 1601
535 1697
536 1170
536 1269
536 1332
536 1449
536 1699
537 1368
537 1680
538 658
538 696
538 723
538 829
538 1232
538 1268
538 1269
538 1517
538 1976
539 956
539 1704
539 1747
539 1920
540 547
540 703
540 1070
540 1104
540 1145
540 1169
540 1395
540 1705
541 594
541 795
541 801
541 1067
541 1492
542 566
542 605
542 623
542 892
542 1148
542 1163
542 1373
542 1844
542 1977
543 797
543 1744
543 1946
544 658
544 995
544 1282
544 1377
544 1866
544 1976
545 633
545 954
545 971
545 1183
545 1272
545 1276
545 1591
545 1661
545 1793
545 1867
546 704
546 726
546 942
546 1407
546 1852
546 1903
546 1959
547 649
547 755
547 760
547 782
547 1150
547 1294
547 1393
548 619
548 1092
548 1305
548 1333
548 1537
548 1861
549 887
549 987
549 1004
549 1136
549 1386
549 1411
549 1562
550 619
550 1189
550 1380
550 1453
550 1614
550 1805
551 730
551 767
551 1299
551 1403
552 683
552 1272
552 1666
552 1695
552 1975
552 1998
553 760
553 1010
553 1126
553 1291
553 1300
553 1646
553 1973
553 1993
554 649
554 691
554 750
554 963
554 976
554 1075
554 1433
554 1649
554 1650
554 1946
555 705
555 767
555 1384
555 1513
555 1584
555 1651
555 1765
556 617
556 841
556 842
556 1049
556 1596
556 1821
557 1556
557 1575
557 1634
557 1773
557 1801
557 1863
557 1993
558 606
558 684
558 892
558 961
558 1026
558 1088
558 1380
558 1657
558 1940
558 1944
559 676
559 1181
559 1405
559 1706
559 1916
560 648
560 1284
560 1357
560 1986
561 592
561 602
561 670
561 778
561 1129
561 1167
561 1375
561 1524
561 1587
562 640
562 900
562 1066
562 1173
562 1182
562 1401
562 1459
562 1473
562 1547
562 1801
563 639
563 777
563 789
563 1948
564 1071
564 1506
564 1643
564 1893
564 1967
564 1981
565 631
565 735
565 880
565 1036
565 1081
565 1330
565 1443
565 1968
566 598
566 867
566 880
566 926
566 949
566 1037
566 1137
566 1181
566 1195
566 1206
566 1320
566 1688
566 1736
567 642
567 1114
567 1147
567 1187
567 1228
568 938
568 1416
568 1548
568 1655
568 1755
569 751
569 931
569 1026
569 1159
569 1280
569 1283
569 1461
569 1494
569 1633
570 872
570 1288
570 1500
570 1604
570 1695
570 1840
571 873
571 1004
571 1201
571 1443
571 1600
572 1347
572 1505
572 1939
573 1545
573 1899
574 616
574 758
574 849
574 941
574 1347
574 1359
575 594
575 888
575 1368
575 1513
575 1877
576 693
576 1068
576 1233
576 1579
576 1826
577 601
577 995
577 1001
577 1597
578 604
578 733
578 1013
578 1378
578 1518
578 1531
578 1649
578 1878
578 1996
579 600
579 965
579 1001
579 1236
579 1755
579 1929
580 904
580 917
580 939
580 1071
580 1131
580 1148
580 1268
580 1330
580 1437
580 1778
581 581
581 800
581 1028
581 1194
581 1241
581 1478
581 1762
582 586
582 738
582 812
582 1177
582 1515
582 1720
582 1801
582 1946
583 698
583 882
583 903
583 1931
584 856
584 1139
584 1352
584 1476
584 1832
584 1931
585 1140
585 1250
585 1508
585 1650
585 1794
585 1800
585 1945
586 1093
586 1249
586 1269
586 1354
586 1577
586 1671
586 1722
587 959
587 1266
587 1366
587 1572
587 1732
587 1883
588 643
588 943
588 1118
588 1379
589 697
589 822
589 1251
589 1324
589 1554
590 660
590 911
590 1023
590 1657
591 611
591 674
591 938
591 1061
591 1277
591 1528
591 1592
591 1728
592 695
592 829
592 1282
592 1408
592 1530
592 1570
593 630
593 688
593 855
593 868
593 953
593 1015
593 1107
593 1387
593 1542
593 1747
593 1766
593 1785
593 1832
593 1848
593 1983
594 630
594 884
594 1290
594 1518
594 1554
594 1815
595 878
595 911
595 1330
595 1437
595 1931
596 771
596 1011
596 1440
596 1489
596 1512
596 1790
597 773
597 793
597 1184
597 1268
597 1552
597 1602
597 1751
597 1758
598 1018
598 1027
598 1306
598 1567
598 1847
598 1864
598 1951
599 979
599 1003
599 1153
599 1176
599 1385
599 1412
599 1506
599 1515
599 1661
600 758
600 857
600 1248
600 1259
600 1461
600 1481
600 1682
600 1811
600 1883
600 1915
601 883
601 928
601 1078
601 1440
601 1689
601 1702
602 890
602 1144
602 1247
602 1853
602 1854
602 1871
602 1985
603 1667
603 1713
603 1888
603 1923
603 1933
604 672
604 765
604 775
604 1023
604 1049
604 1284
604 1397
604 1882
604 1942
604 1946
604 1966
605 910
605 1587
605 1784
605 1805
605 1837
605 1946
605 1969
606 987
606 1551
606 1721
606 1802
606 1869
607 626
607 1052
607 1093
607 1146
607 1200
607 1403
607 1442
607 1466
607 1719
607 1892
608 1065
608 1162
608 1168
608 1461
608 1686
608 1809
608 1815
608 1842
608 1947
609 795
609 1078
609 1167
609 1547
609 1653
609 1863
609 1905
610 619
610 722
610 963
610 1118
610 1218
611 671
611 684
611 919
611 1661
611 1695
611 1882
611 1925
611 1958
612 880
612 913
612 1095
612 1210
612 1356
612 1616
612 1689
612 1736
613 732
613 780
613 1154
613 1378
613 1465
613 1794
613 1925
614 1232
614 1805
614 1918
615 943
615 1213
615 1734
615 1772
615 1962
616 684
616 787
616 1121
616 1565
616 1920
617 1233
617 1642
617 1992
618 837
618 1197
618 1337
618 1382
618 1730
618 1819
619 629
619 724
619 777
619 784
619 928
619 1013
619 1144
619 1406
619 1798
619 1833
620 730
620 911
620 1063
620 1139
620 1204
620 1269
621 735
621 847
621 860
621 906
622 1116
622 1195
622 1501
623 940
623 998
623 1052
623 1260
623 1446
623 1496
623 1880
624 738
624 744
624 1046
624 1146
624 1205
624 1321
624 1693
624 1765
624 1885
624 1984
625 842
625 959
625 1055
625 1132
625 1181
625 1280
625 1357
625 1713
625 1798
625 1869
626 689
626 803
626 836
626 932
626 945
626 1057
626 1077
626 1247
626 1292
626 1489
626 1849
627 943
627 995
627 1062
627 1243
627 1575
627 1769
628 916
628 1934
629 724
629 843
629 1031
629 1039
629 1250
629 1320
629 1381
629 1660
629 1804
629 1826
629 1957
630 732
630 1183
630 1292
630 1432
630 1634
630 1773
630 1866
630 1877
631 687
631 1196
631 1334
631 1341
631 1416
631 1422
632 728
632 1134
632 1177
632 1217
632 1294
632 1795
632 1797
632 1892
633 851
633 1013
633 1384
633 1520
633 1872
634 1083
634 1174
634 1188
634 1278
634 1385
634 1505
634 1698
634 1812
635 733
635 829
635 1551
635 1554
635 1746
635 1949
636 659
636 680
636 893
636 1168
636 1289
636 1349
636 1446
636 1486
636 1665
636 1983
637 790
637 901
637 1072
637 1637
637 1981
638 910
638 1990
639 904
639 1193
639 1377
639 1501
639 1519
639 1605
639 1684
639 1817
639 1942
640 733
640 799
640 878
640 1094
640 1148
640 1887
640 1927
641 1037
641 1281
641 1343
641 1406
641 1441
641 1767
641 1866
642 1205
642 1310
642 1406
642 1675
642 1717
642 1960
643 952
643 1155
643 1257
643 1390
643 1465
643 1587
644 832
644 1296
644 1642
644 1839
644 1901
644 1926
644 1987
645 745
645 1234
645 1299
645 1503
645 1996
646 910
646 1047
646 1076
646 1157
646 1205
646 1680
646 1830
647 685
647 890
647 1127
647 1299
647 1483
647 1671
647 1728
648 937
648 989
648 1186
648 1401
648 1507
648 1783
649 658
649 669
649 897
649 945
649 1011
649 1261
649 1651
649 1799
649 1869
649 1894
650 677
650 753
650 810
650 1556
650 1762
650 1856
651 684
651 725
651 938
651 967
651 1039
651 1175
651 1323
651 1407
651 1451
651 1629
652 741
652 828
652 851
652 874
652 1014
652 1363
652 1442
652 1578
652 1945
652 1980
653 701
653 1206
653 1220
653 1282
653 1404
653 1545
653 1645
653 1827
654 1058
654 1139
654 1522
654 1683
655 807
655 859
655 867
655 984
655 1380
655 1513
655 1897
656 855
656 1195
656 1198
656 1478
656 1652
656 1936
657 754
657 966
657 1119
657 1451
657 1702
657 1725
658 992
658 1249
658 1378
658 1399
658 1799
658 1808
658 1872
659 713
659 734
659 767
659 837
659 1183
659 1330
659 1569
659 1871
659 1932
660 952
660 1009
660 1115
660 1117
660 1149
660 1843
661 959
661 1133
661 1195
661 1329
661 1385
661 1688
661 1981
662 667
662 770
662 845
662 984
662 1582
662 1775
663 676
663 779
663 809
663 857
663 1159
663 1295
663 1402
663 1527
663 1567
663 1674
664 709
664 887
664 1163
664 1375
664 1699
664 1775
664 1827
665 667
665 758
665 852
665 1320
665 1360
665 1488
665 1537
665 1886
665 1940
666 838
666 1270
666 1344
666 1873
666 1875
666 1917
666 1969
667 1120
667 1172
667 1265
667 1437
667 1833
668 692
668 1168
668 1391
668 1487
668 1546
668 1594
668 1715
668 1789
668 1848
669 891
669 1000
669 1127
669 1222
669 1324
669 1386
669 1514
669 1557
670 739
670 1049
670 1164
670 1268
670 1289
670 1345
670 1490
670 1679
670 1958
671 695
671 837
671 975
671 1068
671 1144
671 1526
671 1653
671 1682
672 837
672 914
672 1033
672 1104
672 1904
673 1065
673 1508
674 1008
674 1084
674 1334
674 1640
674 1723
674 1966
675 678
675 1293
675 1600
675 1791
676 851
676 897
676 990
676 1064
676 1214
676 1234
676 1493
676 1538
676 1580
676 1911
677 730
677 764
677 827
677 970
677 1038
677 1392
677 1515
677 1534
677 1862
678 840
678 909
678 1005
678 1168
678 1202
678 1448
678 1540
678 1705
678 1744
678 1831
679 1186
679 1316
679 1909
680 695
680 719
680 770
680 1274
680 1344
680 1611
680 1613
680 1861
681 844
681 995
681 1080
681 1272
681 1463
681 1729
682 805
682 891
682 1007
682 1667
682 1862
682 1914
683 816
683 1045
683 1171
683 1233
683 1634
683 1812
684 716
684 803
685 821
685 1303
686 708
686 734
686 1083
687 847
687 932
687 978
687 1035
687 1081
687 1233
687 1279
687 1750
688 696
688 1147
688 1174
688 1305
689 694
689 701
689 1042
689 1267
689 1330
689 1450
689 1593
689 1763
689 1837
690 698
690 710
690 1341
690 1472
690 1568
690 1691
690 1819
690 1899
691 789
691 943
691 1020
691 1217
691 1362
691 1636
692 705
692 988
692 1400
692 1617
692 1665
693 715
693 812
693 823
693 1131
693 1185
693 1213
693 1216
693 1227
693 1646
693 1648
694 1453
694 1622
694 1722
695 801
695 901
695 1056
695 1207
695 1877
696 1008
696 1063
696 1144
696 1491
696 1587
696 1694
696 1756
696 1806
696 1898
697 814
697 1110
697 1435
697 1436
697 1697
697 1757
697 1863
698 746
698 802
698 909
698 949
698 963
698 1024
698 1213
698 1568
698 1694
698 1937
699 745
699 775
699 1271
699 1298
699 1300
699 1798
699 1885
700 940
700 1108
700 1262
700 1387
700 1411
700 1453
701 732
701 862
701 1056
701 1587
701 1658
701 1761
702 753
702 1362
702 1420
702 1754
703 720
703 759
703 803
703 964
703 1053
703 1207
703 1451
704 721
704 1048
704 1191
705 712
705 1007
705 1128
705 1278
705 1323
705 1395
705 1587
705 1699
705 1756
705 1917
706 814
706 891
706 1222
706 1364
706 1471
706 1623
707 765
707 834
707 851
707 961
707 1197
707 1213
707 1358
707 1488
707 1799
708 793
708 921
708 930
708 990
708 1052
708 1753
708 1933
709 1229
709 1353
709 1373
709 1513
709 1890
710 776
710 1271
710 1437
710 1878
710 1916
711 753
711 771
711 792
711 1048
711 1125
711 1429
711 1824
711 1912
711 1958
712 863
712 1227
712 1596
712 1865
713 934
713 1143
713 1478
713 1685
714 989
714 1243
714 1738
714 1748
715 1081
715 1226
715 1270
715 1343
715 1613
715 1805
716 1164
716 1254
716 1775
716 1810
716 1944
717 769
717 902
717 1099
717 1532
718 722
718 820
718 1288
718 1359
718 1492
718 1780
719 945
719 1095
719 1340
719 1399
719 1710
719 1841
719 1903
720 953
720 1393
720 1428
720 1543
720 1931
720 1940
721 809
721 871
721 1007
721 1073
721 1107
721 1530
722 1018
722 1196
722 1339
722 1481
722 1719
723 733
723 855
723 906
723 1065
723 1532
723 1844
723 1935
724 888
724 1310
724 1752
724 1992
725 801
725 1230
725 1333
725 1890
725 1899
726 734
726 1047
726 1820
727 906
727 1057
727 1310
727 1468
727 1661
727 1682
728 1070
728 1143
728 1234
728 1386
728 1535
728 1972
728 1993
729 774
729 835
729 1130
729 1148
729 1378
729 1441
729 1511
730 865
730 1109
730 1373
730 1490
731 898
731 1114
731 1291
731 1349
731 1705
731 1962
732 1101
732 1418
732 1632
732 1754
733 896
733 987
733 1278
733 1710
734 1007
734 1254
734 1464
734 1478
734 1773
735 769
735 1011
735 1061
735 1112
735 1140
735 1150
735 1190
735 1710
735 1986
736 1002
736 1309
736 1404
736 1604
736 1606
736 1853
736 1887
736 1943
736 1993
737 937
737 1168
737 1676
737 1977
738 1293
738 1562
738 1580
738 1696
738 1739
738 1863
738 1870
739 808
739 1155
739 1201
739 1266
739 1362
739 1833
739 1915
740 979
740 1230
740 1263
740 1276
740 1369
740 1473
740 1476
740 1538
740 1726
741 1414
742 770
742 875
742 1064
742 1217
742 1482
742 1600
742 1898
742 1916
742 1971
743 744
743 1245
743 1698
743 1716
743 1817
743 1869
743 1934
744 1530
744 1722
744 1729
744 1833
745 762
745 997
745 1338
745 1720
745 1746
745 1825
746 1029
746 1649
746 1661
746 1708
746 1852
746 1860
746 1977
747 1158
747 1249
747 1303
747 1494
747 1581
747 1877
748 1009
748 1234
748 1279
748 1544
748 1568
748 1617
748 1919
748 1971
749 937
749 1235
749 1345
749 1701
749 1933
750 919
750 1029
750 1082
750 1491
750 1621
750 1669
750 1764
750 1845
750 1971
751 827
751 1063
751 1116
751 1216
751 1296
751 1308
751 1554
751 1760
751 1870
752 769
752 1482
752 1699
752 1869
753 835
753 959
753 971
753 1261
753 1400
753 1692
753 1833
754 994
754 1324
754 1469
754 1781
754 1836
754 1853
755 837
755 993
755 1259
755 1336
755 1387
755 1444
755 1697
755 1762
755 1856
756 814
756 1118
756 1146
756 1149
756 1150
756 1513
757 792
757 915
757 960
757 1263
757 1328
757 1394
757 1957
758 783
758 926
758 931
758 1024
758 1128
758 1231
758 1298
758 1878
758 1948
759 1028
759 1158
759 1548
759 1848
760 1138
760 1292
760 1597
760 1836
760 1917
760 1935
761 1414
761 1466
761 1578
761 1651
761 1789
761 1806
761 1825
762 945
762 1022
762 1323
762 1520
762 1668
762 1700
762 1755
762 1931
763 932
763 1293
763 1786
763 1914
764 1127
764 1233
764 1654
764 1830
764 1905
765 1342
765 1588
765 1612
765 1892
765 1944
766 946
766 977
766 989
766 1057
766 1351
766 1474
766 1476
766 1953
767 1058
767 1424
767 1595
767 1858
768 1027
768 1201
768 1336
768 1972
769 855
769 987
769 1008
769 1084
769 1188
769 1226
769 1262
769 1543
769 1707
770 955
770 1526
771 805
771 922
771 1172
771 1177
771 1200
771 1217
771 1232
771 1392
771 1434
771 1664
771 1685
771 1796
771 1940
771 1962
772 955
772 1463
772 1575
773 804
773 866
773 1219
773 1437
773 1472
773 1648
773 1709
774 1087
774 1291
774 1486
775 777
775 1321
775 1453
775 1511
775 1825
775 1993
776 893
776 1176
776 1921
777 1070
777 1097
777 1337
777 1522
777 1717
778 955
778 1626
778 1741
778 1964
779 955
779 976
779 1099
779 1583
779 1669
780 938
780 1049
780 1153
780 1223
780 1247
780 1306
780 1403
780 1802
780 1894
781 794
781 862
781 926
781 959
781 1018
781 1167
781 1471
781 1559
781 1767
781 1864
781 1987
782 1393
782 1410
782 1554
782 1820
782 1856
783 1612
783 1832
783 1975
784 940
784 1329
784 1515
784 1520
784 1630
784 1902
785 955
785 994
785 1006
785 1029
785 1291
785 1524
785 1674
785 1729
785 1879
785 1971
786 803
786 862
786 892
786 1306
786 1535
786 1600
786 1960
787 1408
787 1798
788 937
788 1182
788 1292
788 1293
788 1328
788 1386
788 1900
789 789
789 821
789 1389
789 1853
790 1073
790 1078
790 1110
790 1174
790 1523
790 1548
791 987
791 1054
791 1354
791 1380
791 1891
792 797
792 870
792 1048
792 1060
793 991
793 1184
793 1542
793 1551
793 1822
794 834
794 836
794 853
794 1792
794 1981
795 865
795 919
795 1134
795 1143
795 1386
795 1509
795 1755
795 1830
795 1930
796 951
796 1072
796 1136
796 1525
797 1167
797 1227
797 1916
797 1970
797 1975
798 1278
798 1334
798 1371
798 1621
798 1706
799 1684
799 1712
800 1009
800 1073
800 1191
800 1642
800 1741
800 1828
801 997
801 1020
801 1072
801 1277
801 1392
801 1401
801 1913
801 1936
802 833
802 956
802 1137
802 1266
802 1572
802 1981
803 1227
803 1239
803 1561
803 1674
803 1685
803 1884
804 1267
804 1671
804 1700
804 1767
805 809
805 970
805 1266
805 1388
805 1391
805 1973
806 1289
806 1349
806 1381
806 1484
806 1611
806 1646
806 1720
806 1847
807 1500
807 1563
807 1643
807 1859
808 970
808 1046
808 1177
808 1384
808 1424
808 1686
809 1889
810 1115
810 1323
810 1496
810 1502
810 1557
810 1760
811 863
811 1936
812 953
812 1144
812 1575
812 1589
812 1769
812 1867
812 1935
812 1981
813 1067
813 1175
813 1269
813 1369
813 1386
813 1609
813 1616
814 1428
814 1676
815 1037
815 1059
815 1283
815 1678
815 1941
815 1987
815 1996
816 1360
817 838
817 1002
817 1038
817 1356
818 954
818 1341
819 1067
819 1170
819 1279
819 1339
819 1390
819 1532
819 1620
820 1370
820 1646
821 969
821 1147
821 1264
821 1541
821 1658
821 1664
821 1902
822 840
822 885
822 919
822 1140
822 1191
822 1511
822 1604
822 1851
823 843
823 951
823 1243
823 1611
823 1730
824 1201
824 1759
825 848
825 1035
825 1394
825 1447
825 1505
825 1557
825 1718
825 1853
826 1255
826 1601
826 1633
826 1775
826 1941
827 898
827 1427
827 1446
827 1665
828 1055
828 1554
828 1661
828 1666
828 1671
828 1779
828 1958
829 889
829 1256
829 1303
829 1349
829 1485
829 1542
829 1595
830 1170
830 1218
830 1960
831 1745
832 871
832 966
832 1029
832 1511
832 1753
832 1760
832 1842
832 1854
832 1899
833 858
833 869
833 1045
833 1397
833 1573
833 1638
834 878
834 1326
834 1600
834 1622
834 1938
834 1955
834 1965
835 1540
836 859
836 1132
836 1229
836 1407
836 1788
837 936
837 1339
837 1385
837 1464
837 1567
838 930
838 1075
838 1501
838 1729
838 1837
838 1885
839 1085
839 1147
839 1219
839 1278
839 1496
839 1619
839 1724
839 1950
839 1994
840 1019
840 1159
840 1402
840 1742
841 850
841 1070
841 1536
841 1739
842 937
842 1050
842 1238
842 1631
842 1840
842 1922
843 969
843 1258
843 1338
843 1432
844 910
844 1289
844 1381
844 1891
845 959
845 1535
845 1587
845 1754
845 1846
846 856
846 1037
846 1304
846 1382
846 1689
847 1042
847 1155
847 1268
847 1511
847 1807
847 1833
847 1926
847 1959
849 884
849 1127
849 1401
849 1416
850 1196
850 1583
850 1734
851 883
851 956
851 1491
851 1678
851 1777
852 1173
853 1120
853 1234
853 1303
853 1600
853 1729
854 1184
854 1192
854 1194
854 1545
854 1621
854 1827
854 1900
854 1971
855 872
855 1249
855 1277
855 1848
855 1862
856 952
856 1652
857 975
857 1245
857 1254
857 1711
857 1848
858 950
858 1578
858 1589
858 1697
859 946
859 1458
859 1485
859 1507
859 1583
859 1698
859 1795
860 1462
860 1470
860 1552
860 1699
860 1792
860 1983
861 880
861 899
861 933
861 1403
861 1786
862 1188
862 1234
862 1270
862 1358
862 1592
863 953
863 1005
863 1010
863 1328
863 1426
863 1468
863 1489
863 1565
863 1985
864 1091
864 1379
864 1463
864 1576
864 1973
865 934
865 1244
865 1279
865 1670
865 1892
865 1937
866 942
866 1076
866 1231
866 1330
866 1494
866 1819
866 1907
867 1066
867 1458
868 943
868 1016
868 1097
868 1363
868 1527
868 1724
868 1980
869 888
869 905
869 1208
869 1252
869 1397
869 1400
869 1523
869 1616
869 1869
870 1232
870 1594
870 1717
871 914
871 1097
871 1153
871 1299
871 1364
871 1769
871 1979
872 957
872 1006
872 1197
872 1599
872 1639
872 1681
872 1726
873 1033
873 1326
873 1427
873 1763
873 1846
873 1952
874 1016
874 1257
874 1388
874 1684
875 931
875 1244
875 1394
875 1398
876 1187
876 1201
876 1727
876 1750
876 1773
876 1968
876 1989
877 937
877 974
877 1043
877 1190
877 1368
877 1452
877 1973
878 924
878 996
878 1017
878 1069
878 1140
878 1694
878 1950
879 975
879 1131
879 1143
879 1180
879 1597
879 1605
879 1716
879 1777
880 1224
880 1336
880 1538
880 1848
881 912
881 1426
881 1567
881 1640
882 1527
882 1768
882 1931
883 1162
883 1174
883 1293
883 1309
883 1590
883 1639
883 1689
884 887
884 904
884 1019
884 1036
884 1222
884 1553
884 1784
885 915
885 929
885 1259
886 942
886 1056
886 1344
886 1687
887 967
887 1108
887 1117
887 1158
887 1226
887 1283
887 1599
887 1704
887 1816
887 1871
888 954
888 993
888 1165
888 1538
889 1080
889 1185
889 1238
889 1406
889 1551
890 1025
890 1418
891 984
891 1192
891 1422
891 1570
891 1923
891 1987
891 1994
892 970
892 1359
892 1766
892 1796
892 1878
893 1344
893 1863
894 926
894 1211
894 1295
894 1353
894 1392
894 1457
894 1558
894 1577
894 1617
894 1894
894 1933
895 1060
895 1225
895 1578
895 1580
895 1665
895 1718
895 1875
896 1013
896 1229
896 1716
897 1072
897 1090
897 1357
897 1688
897 1743
897 1802
898 1539
898 1824
898 1996
899 992
899 1274
899 1714
899 1906
899 1987
900 1025
900 1545
900 1903
901 921
901 1371
901 1510
901 1844
902 986
902 1048
902 1530
902 1658
902 1711
903 926
903 1021
903 1039
903 1069
903 1685
903 1760
903 1776
903 1866
903 1931
904 970
904 1410
904 1633
904 1745
905 1052
905 1206
905 1483
905 1955
906 935
906 983
906 1084
906 1096
906 1538
906 1577
906 1609
906 1628
906 1859
907 912
907 1098
907 1177
907 1217
907 1433
907 1587
907 1843
908 927
908 1072
908 1181
908 1451
909 1127
909 1159
909 1889
910 1003
910 1113
910 1239
910 1401
910 1586
911 1419
911 1693
911 1821
912 1192
912 1376
912 1762
912 1830
912 1863
913 942
913 1102
913 1375
913 1669
913 1753
913 1799
913 1908
913 1971
914 1168
914 1186
914 1771
914 1840
915 1021
915 1149
915 1307
915 1348
916 1029
916 1360
916 1659
916 1765
916 1773
916 1820
916 1968
917 985
917 1093
917 1193
917 1308
917 1336
917 1484
917 1533
917 1871
917 1950
918 1241
919 982
919 1128
919 1642
919 1663
919 1929
919 1990
920 1128
920 1199
920 1418
920 1522
920 1665
920 1865
921 925
921 1332
921 1797
922 1030
922 1363
922 1381
922 1921
922 1982
923 1087
923 1183
924 1286
925 936
925 1282
925 1317
925 1550
925 1702
925 1715
925 1716
925 1747
925 1854
926 946
926 1288
926 1452
926 1491
926 1782
927 1315
927 1396
927 1983
928 1149
928 1295
929 932
929 1240
929 1498
929 1506
929 1561
929 1641
929 1824
930 990
930 1363
930 1833
930 1884
930 1912
930 1940
931 1276
931 1351
931 1425
931 1726
931 1768
931 1980
932 1472
932 1509
932 1558
932 1874
933 1183
933 1349
933 1455
933 1669
933 1775
933 1962
934 1084
934 1139
934 1367
934 1406
934 1413
934 1664
934 1673
934 1696
934 1999
935 1050
935 1371
935 1384
935 1997
936 941
936 1144
936 1160
936 1622
936 1949
936 1994
937 1473
937 1551
937 1560
938 986
938 1083
938 1482
938 1829
938 1860
938 1930
939 1040
939 1054
939 1179
939 1316
939 1687
939 1689
939 1866
940 1433
940 1928
941 1045
941 1219
941 1282
941 1775
941 1859
941 1957
942 1025
942 1030
942 1039
942 1196
942 1231
942 1365
942 1504
942 1508
942 1694
943 1271
944 979
944 1294
944 1424
944 1497
944 1572
944 1592
944 1689
945 1330
945 1828
945 1941
946 1065
946 1281
946 1402
946 1532
946 1737
947 1021
947 1049
947 1341
947 1488
947 1675
948 999
948 1229
948 1322
948 1559
948 1765
948 1824
949 957
949 1202
949 1235
949 1293
949 1343
949 1641
949 1691
949 1763
949 1849
949 1850
949 1866
949 1988
950 1495
950 1914
951 989
951 1113
951 1264
951 1533
951 1736
952 1160
952 1458
952 1493
952 1510
952 1531
952 1568
952 1817
952 1995
953 1005
953 1114
953 1457
953 1483
953 1774
953 1836
954 1091
954 1203
954 1640
954 1777
954 1836
954 1919
955 1268
956 1092
956 1107
956 1772
957 982
957 1358
957 1665
957 1730
957 1943
958 1392
958 1521
958 1573
958 1582
958 1583
958 1744
958 1790
958 1814
958 1998
959 1207
959 1551
959 1732
959 1754
960 1721
961 987
961 1448
961 1686
961 1705
961 1830
962 1047
962 1123
962 1299
964 1059
964 1075
964 1159
964 1239
964 1528
964 1581
964 1822
965 1015
965 1214
965 1309
965 1786
965 1822
966 1241
966 1573
967 1010
967 1577
967 1659
967 1666
967 1687
968 1093
968 1123
968 1305
968 1313
968 1412
968 1744
969 1419
969 1451
969 1532
969 1680
969 1902
970 1049
970 1219
971 1298
971 1311
971 1621
971 1892
971 1912
971 1967
972 1162
972 1570
972 1799
972 1990
973 1193
973 1578
973 1968
974 1209
974 1234
974 1495
974 1626
975 1251
975 1328
975 1387
975 1647
976 995
976 1484
976 1556
977 1024
977 1403
977 1680
977 1745
977 1784
977 1867
978 1172
978 1181
978 1319
978 1625
978 1711
979 1030
979 1044
979 1061
979 1213
979 1455
979 1972
980 1095
980 1508
980 1573
980 1624
980 1759
980 1903
980 1910
980 1916
980 1962
981 1130
981 1212
981 1277
981 1278
981 1381
981 1736
981 1753
981 1835
981 1911
982 1232
982 1562
982 1582
982 1604
982 1674
982 1729
983 1271
983 1469
983 1593
983 1607
983 1756
983 1975
984 1021
984 1060
984 1315
984 1323
984 1328
984 1599
984 1950
984 1973
985 1172
985 1555
985 1595
985 1600
985 1882
986 1085
986 1122
986 1366
986 1368
986 1387
986 1474
986 1830
986 1902
987 1022
987 1034
987 1169
987 1242
987 1243
987 1263
987 1373
987 1562
987 1719
988 1108
988 1532
988 1849
989 1016
989 1058
989 1235
989 1331
989 1337
989 1513
990 1178
990 1270
990 1304
990 1694
990 1771
991 1213
991 1686
991 1893
992 1653
992 1722
993 1007
993 1180
993 1279
993 1530
993 1616
994 1014
994 1342
994 1374
994 1481
994 1663
994 1958
995 1156
995 1378
996 1306
996 1325
996 1646
996 1711
996 1901
997 1119
997 1144
997 1226
997 1278
997 1327
997 1341
998 1438
998 1646
998 1689
998 1784
998 1872
998 1919
999 1013
999 1172
999 1217
999 1292
1000 1266
1000 1319
1000 1787
1000 1819
1000 1948
1001 1093
1001 1246
1001 1796
1001 1939
1002 1349
1002 1527
1002 1553
1002 1684
1002 1714
1003 1312
1003 1319
1003 1361
1003 1419
1003 1664
1004 1238
1004 1303
1004 1390
1004 1556
1004 1686
1004 1709
1004 1773
1004 1808
1006 1097
1006 1132
1006 1159
1006 1214
1006 1709
1006 1724
1006 1821
1006 1957
1007 1087
1007 1105
1007 1135
1007 1183
1007 1255
1007 1331
1007 1351
1007 1489
1007 1995
1008 1261
1008 1581
1008 1619
1008 1975
1009 1655
1009 1821
1010 1259
1010 1666
1010 1862
1011 1113
1011 1177
1011 1178
1011 1458
1011 1475
1011 1754
1012 1326
1012 1507
1012 1882
1013 1075
1013 1093
1013 1293
1013 1488
1013 1906
1014 1333
1014 1409
1014 1540
1014 1876
1015 1027
1015 1444
1015 1667
1015 1691
1015 1800
1016 1393
1016 1643
1017 1051
1017 1189
1017 1201
1017 1215
1017 1444
1017 1576
1017 1589
1017 1737
1017 1761
1018 1082
1018 1171
1018 1709
1018 1806
1018 1828
1019 1254
1019 1386
1019 1560
1019 1813
1019 1897
1020 1344
1020 1478
1020 1642
1020 1813
1020 1923
1020 1947
1020 1958
1021 1219
1021 1253
1021 1437
1021 1630
1022 1048
1022 1164
1022 1259
1022 1387
1022 1737
1022 1951
1023 1478
1023 1494
1023 1545
1023 1630
1024 1216
1024 1237
1024 1765
1024 1893
1025 1238
1025 1786
1026 1071
1026 1089
1026 1164
1026 1448
1026 1762
1027 1038
1027 1195
1027 1244
1027 1404
1027 1473
1027 1730
1027 1829
1027 1908
1028 1258
1028 1451
1028 1515
1028 1566
1028 1693
1028 1938
1029 1035
1029 1081
1029 1137
1029 1554
1030 1196
1030 1435
1030 1452
1030 1606
1030 1937
1031 1121
1032 1099
1032 1230
1033 1380
1033 1677
1033 1764
1034 1367
1034 1420
1034 1490
1034 1715
1034 1767
1034 1903
1034 1959
1035 1172
1035 1311
1035 1483
1035 1586
1035 1689
1036 1449
1036 1455
1036 1466
1037 1156
1037 1180
1038 1564
1038 1568
1038 1684
1038 1707
1038 1838
1038 1966
1039 1183
1039 1495
1039 1551
1039 1706
1039 1926
1040 1070
1040 1337
1040 1376
1040 1740
1041 1093
1041 1269
1041 1299
1041 1325
1041 1339
1041 1482
1041 1685
1042 1288
1042 1730
1043 1302
1043 1342
1043 1505
1043 1532
1043 1552
1044 1184
1044 1244
1044 1259
1044 1335
1044 1542
1044 1694
1044 1699
1045 1362
1045 1583
1045 1947
1046 1357
1046 1458
1046 1461
1046 1669
1046 1809
1046 1912
1047 1145
1047 1163
1047 1223
1047 1839
1047 1873
1048 1143
1048 1643
1048 1663
1048 1946
1049 1075
1049 1217
1049 1460
1049 1781
1049 1832
1050 1060
1050 1148
1051 1662
1052 1404
1052 1548
1052 1705
1052 1734
1052 1791
1052 1795
1052 1906
1053 1187
1053 1233
1053 1293
1053 1491
1053 1518
1054 1116
1054 1266
1054 1342
1054 1358
1054 1642
1054 1993
1055 1222
1055 1971
1056 1132
1056 1174
1056 1177
1056 1179
1056 1390
1056 1862
1056 1897
1056 1961
1057 1366
1057 1386
1057 1683
1057 1689
1057 1784
1058 1309
1058 1522
1058 1784
1058 1882
1059 1148
1059 1291
1059 1509
1059 1527
1059 1630
1060 1231
1060 1386
1060 1874
1060 1943
1061 1151
1061 1948
1062 1775
1062 1813
1063 1457
1063 1913
1064 1157
1064 1272
1064 1521
1064 1735
1065 1069
1065 1112
1065 1194
1065 1338
1065 1503
1065 1543
1065 1985
1065 1991
1066 1425
1066 1503
1067 1140
1067 1337
1067 1753
1068 1256
1068 1326
1068 1367
1068 1417
1068 1457
1068 1822
1069 1119
1069 1162
1069 1211
1069 1459
1069 1634
1069 1821
1070 1153
1070 1564
1070 1656
1070 1663
1070 1780
1071 1073
1071 1287
1071 1947
1072 1227
1072 1330
1072 1342
1072 1656
1072 1754
1072 1903
1073 1170
1073 1345
1073 1447
1073 1459
1073 1882
1073 1883
1073 1942
1074 1330
1074 1546
1074 1700
1074 1761
1075 1086
1076 1235
1076 1369
1076 1786
1076 1828
1077 1097
1077 1240
1077 1398
1077 1634
1077 1668
1077 1674
1077 1833
1077 1944
1078 1374
1078 1498
1078 1557
1078 1819
1078 1927
1079 1510
1079 1558
1079 1858
1080 1224
1080 1251
1080 1258
1080 1575
1080 1891
1080 1965
1081 1297
1081 1400
1082 1471
1082 1552
1082 1572
1082 1678
1082 1948
1083 1408
1083 1764
1084 1314
1084 1341
1084 1531
1085 1243
1085 1386
1085 1560
1085 1749
1086 1345
1086 1402
1087 1258
1088 1399
1088 1604
1088 1769
1088 1824
1089 1115
1089 1177
1089 1351
1089 1593
1089 1663
1089 1722
1090 1105
1090 1277
1090 1941
1090 1961
1091 1858
1091 1859
1091 1899
1092 1388
1092 1603
1093 1297
1093 1394
1093 1445
1093 1480
1093 1688
1093 1820
1093 1960
1094 1136
1094 1226
1094 1304
1094 1560
1094 1727
1094 1785
1095 1427
1095 1726
1095 1854
1096 1124
1096 1144
1096 1590
1096 1689
1097 1204
1097 1660
1097 1761
1097 1964
1098 1261
1099 1134
1099 1143
1099 1570
1099 1599
1099 1639
1099 1741
1099 1765
1099 1943
1099 1957
1099 1986
1100 1181
1100 1316
1100 1374
1100 1395
1100 1699
1100 1912
1101 1343
1101 1707
1101 1846
1102 1596
1102 1992
1103 1447
1103 1668
1104 1291
1104 1403
1104 1544
1104 1648
1104 1964
1105 1289
1105 1367
1105 1648
1105 1790
1105 1853
1105 1879
1106 1204
1106 1269
1106 1829
1106 1900
1106 1905
1107 1161
1107 1377
1107 1874
1107 1943
1108 1241
1108 1373
1108 1551
1108 1943
1108 1945
1109 1216
1109 1231
1109 1297
1109 1329
1109 1444
1109 1745
1109 1944
1110 1211
1110 1308
1110 1876
1111 1839
1111 1965
1112 1289
1112 1464
1112 1468
1112 1807
1112 1923
1113 1136
1113 1342
1113 1457
1114 1188
1114 1203
1114 1204
1114 1585
1115 1137
1115 1372
1116 1191
1116 1337
1116 1495
1116 1662
1116 1914
1117 1955
1118 1630
1118 1773
1118 1853
1118 1918
1118 1940
1119 1316
1119 1585
1120 1396
1120 1886
1121 1712
1122 1291
1122 1300
1122 1480
1122 1979
1122 1985
1122 1991
1123 1195
1123 1242
1123 1630
1123 1677
1124 1294
1124 1500
1124 1857
1124 1863
1125 1232
1125 1353
1125 1445
1125 1687
1126 1425
1126 1536
1126 1584
1126 1659
1126 1778
1126 1789
1126 1819
1127 1134
1127 1185
1127 1228
1127 1439
1127 1878
1128 1173
1128 1259
1128 1300
1128 1452
1128 1481
1128 1912
1129 1226
1129 1514
1129 1684
1130 1359
1130 1389
1130 1669
1131 1313
1131 1424
1131 1446
1131 1739
1132 1241
1132 1452
1132 1794
1132 1932
1133 1206
1133 1406
1133 1537
1133 1608
1133 1998
1134 1587
1134 1660
1134 1974
1135 1136
1135 1755
1136 1139
1136 1360
1136 1399
1136 1475
1136 1606
1136 1710
1136 1808
1136 1893
1136 1920
1137 1146
1137 1181
1137 1617
1137 1738
1137 1853
1137 1960
1138 1243
1138 1532
1138 1668
1138 1675
1139 1672
1139 1777
1139 1795
1139 1823
1139 1826
1140 1302
1140 1558
1140 1834
1140 1917
1140 1965
1141 1433
1141 1743
1142 1627
1142 1705
1142 1833
1142 1932
1143 1767
1143 1916
1144 1373
1144 1913
1145 1425
1145 1537
1145 1664
1145 1681
1145 1922
1146 1187
1146 1192
1146 1197
1146 1307
1146 1551
1146 1703
1146 1753
1146 1893
1147 1348
1147 1689
1147 1833
1148 1644
1148 1779
1148 1956
1148 1986
1149 1164
1149 1168
1149 1223
1149 1312
1149 1369
1149 1455
1149 1564
1149 1825
1150 1697
1150 1759
1151 1161
1151 1218
1151 1263
1151 1265
1151 1518
1151 1742
1151 1794
1151 1910
1152 1310
1152 1649
1152 1713
1153 1198
1153 1232
1153 1313
1153 1362
1153 1681
1153 1887
1153 1899
1154 1700
1154 1788
1155 1342
1155 1438
1155 1597
1155 1644
1155 1654
1155 1708
1155 1881
1155 1936
1156 1396
1156 1636
1157 1623
1157 1841
1158 1189
1158 1560
1158 1634
1159 1215
1159 1293
1159 1491
1159 1492
1159 1627
1159 1800
1159 1839
1160 1170
1161 1183
1161 1290
1161 1368
1161 1459
1162 1245
1162 1948
1163 1651
1164 1997
1165 1366
1165 1885
1166 1240
1166 1255
1166 1320
1166 1454
1166 1557
1166 1692
1166 1695
1166 1751
1166 1871
1167 1471
1167 1503
1167 1505
1168 1818
1168 1871
1168 1913
1169 1392
1169 1478
1169 1744
1169 1776
1170 1718
1171 1198
1171 1362
1171 1507
1171 1657
1171 1902
1171 1972
1172 1765
1172 1792
1172 1943
1173 1303
1173 1414
1173 1554
1173 1637
1173 1949
1174 1622
1175 1361
1175 1373
1175 1657
1175 1692
1175 1953
1176 1283
1176 1404
1176 1409
1176 1747
1176 1757
1176 1759
1176 1986
1177 1214
1177 1386
1177 1411
1177 1860
1178 1188
1178 1240
1178 1334
1178 1359
1178 1502
1178 1689
1179 1485
1179 1541
1179 1927
1180 1358
1180 1725
1181 1567
1181 1628
1181 1672
1181 1899
1181 1939
1182 1201
1182 1629
1182 1772
1183 1357
1183 1650
1184 1261
1184 1520
1184 1582
1184 1634
1185 1293
1186 1229
1186 1395
1187 1293
1187 1385
1187 1470
1187 1779
1188 1227
1188 1285
1188 1615
1188 1667
1188 1958
1189 1295
1189 1411
1189 1871
1190 1914
1190 1999
1191 1276
1191 1468
1191 1519
1191 1656
1192 1324
1192 1705
1192 1886
1192 1968
1193 1194
1193 1216
1193 1358
1193 1974
1194 1768
1194 1890
1195 1465
1195 1477
1195 1652
1195 1823
1196 1357
1196 1449
1196 1782
1196 1894
1197 1198
1197 1640
1198 1284
1198 1289
1198 1660
1198 1685
1198 1802
1199 1391
1199 1422
1199 1470
1199 1721
1200 1218
1200 1598
1200 1738
1201 1430
1201 1540
1202 1352
1202 1358
1203 1286
1203 1333
1203 1402
1203 1522
1203 1784
1203 1990
1204 1394
1204 1477
1204 1583
1204 1751
1205 1716
1205 1992
1205 1998
1206 1586
1206 1639
1206 1848
1206 1880
1207 1563
1207 1575
1207 1657
1207 1685
1207 1688
1208 1421
1208 1532
1208 1547
1208 1843
1209 1225
1209 1436
1209 1561
1209 1896
1209 1999
1210 1281
1210 1385
1210 1778
1211 1283
1211 1453
1211 1472
1211 1687
1211 1913
1212 1583
1213 1233
1213 1296
1213 1468
1213 1673
1213 1719
1213 1822
1214 1402
1215 1347
1215 1606
1215 1630
1216 1238
1216 1300
1216 1335
1216 1420
1216 1544
1216 1747
1217 1441
1217 1636
1217 1757
1217 1790
1218 1241
1218 1249
1218 1473
1218 1741
1218 1745
1219 1657
1219 1833
1219 1908
1220 1513
1220 1855
1221 1862
1222 1281
1222 1316
1222 1603
1222 1804
1223 1563
1223 1696
1224 1328
1224 1380
1224 1405
1224 1430
1224 1508
1224 1636
1224 1888
1224 1941
1225 1255
1225 1257
1225 1760
1225 1883
1226 1347
1226 1474
1226 1662
1226 1728
1226 1752
1227 1259
1227 1327
1227 1434
1227 1642
1227 1790
1227 1862
1228 1649
1229 1263
1229 1388
1229 1411
1229 1669
1229 1814
1229 1877
1230 1849
1230 1893
1231 1349
1231 1523
1231 1710
1231 1786
1231 1868
1232 1264
1232 1465
1232 1792
1232 1969
1232 1978
1233 1421
1233 1472
1233 1649
1233 1865
1233 1886
1234 1255
1234 1487
1234 1503
1234 1772
1235 1402
1235 1567
1235 1819
1235 1850
1235 1956
1236 1303
1236 1423
1237 1325
1237 1491
1237 1730
1237 1945
1238 1309
1238 1642
1239 1392
1239 1522
1239 1676
1239 1744
1240 1243
1240 1580
1240 1678
1240 1682
1240 1953
1241 1242
1241 1924
1242 1282
1242 1459
1242 1477
1243 1312
1243 1441
1243 1668
1243 1778
1243 1898
1244 1440
1244 1504
1245 1420
1245 1492
1245 1854
1246 1352
1246 1605
1246 1765
1246 1837
1247 1269
1247 1275
1247 1294
1247 1850
1247 1908
1248 1353
1248 1508
1248 1570
1248 1632
1249 1559
1249 1706
1249 1715
1249 1816
1250 1357
1250 1522
1250 1619
1250 1626
1250 1649
1250 1741
1250 1848
1251 1448
1251 1639
1251 1711
1251 1978
1252 1380
1252 1547
1252 1557
1252 1819
1253 1561
1253 1786
1253 1896
1254 1440
1254 1523
1254 1791
1254 1848
1255 1346
1255 1676
1256 1700
1257 1338
1257 1479
1257 1596
1257 1604
1257 1667
1257 1782
1258 1468
1258 1604
1258 1680
1258 1703
1258 1943
1259 1396
1260 1265
1260 1345
1260 1560
1260 1604
1260 1725
1260 1731
1261 1273
1261 1343
1261 1350
1261 1414
1261 1523
1261 1543
1262 1348
1262 1884
1263 1368
1263 1369
1263 1499
1264 1570
1265 1398
1266 1337
1266 1636
1266 1873
1266 1981
1267 1388
1267 1560
1267 1905
1268 1546
1268 1956
1269 1294
1269 1425
1269 1996
1270 1968
1271 1795
1271 1840
1271 1915
1272 1292
1272 1400
1272 1706
1272 1993
1273 1321
1273 1429
1273 1939
1273 1986
1273 1995
1274 1462
1274 1501
1274 1538
1274 1645
1275 1278
1275 1788
1275 1848
1276 1408
1276 1423
1277 1283
1277 1543
1277 1938
1278 1758
1278 1863
1279 1512
1279 1600
1279 1692
1279 1704
1279 1868
1279 1907
1280 1615
1280 1635
1280 1972
1281 1414
1281 1423
1281 1690
1281 1819
1282 1359
1282 1472
1282 1658
1282 1753
1282 1996
1283 1496
1283 1645
1284 1717
1284 1753
1284 1952
1285 1381
1285 1839
1286 1312
1286 1757
1287 1335
1287 1435
1287 1913
1288 1413
1288 1508
1288 1693
1288 1853
1290 1299
1290 1364
1290 1647
1291 1356
1291 1627
1291 1870
1292 1607
1293 1293
1293 1378
1293 1453
1293 1818
1293 1906
1294 1397
1294 1707
1295 1341
1295 1405
1295 1466
1295 1588
1295 1595
1295 1702
1296 1296
1296 1509
1297 1577
1297 1862
1297 1900
1298 1302
1298 1367
1298 1388
1298 1508
1298 1556
1298 1766
1298 1802
1299 1568
1299 1574
1299 1760
1300 1308
1300 1355
1300 1444
1301 1317
1301 1331
1301 1374
1301 1399
1301 1505
1301 1542
1301 1650
1301 1672
1301 1772
1301 1903
1302 1532
1302 1728
1303 1569
1303 1836
1304 1364
1304 1807
1305 1376
1305 1381
1305 1911
1306 1329
1306 1565
1307 1575
1307 1678
1308 1877
1309 1329
1309 1646
1310 1511
1310 1583
1311 1324
1311 1890
1311 1958
1312 1578
1313 1764
1313 1840
1313 1892
1314 1788
1314 1905
1314 1976
1315 1620
1316 1397
1316 1653
1316 1774
1317 1395
1317 1530
1317 1556
1317 1790
1317 1807
1317 1938
1318 1649
1318 1683
1318 1778
1318 1870
1319 1440
1320 1381
1320 1391
1320 1558
1320 1596
1321 1446
1322 1350
1322 1527
1323 1817
1324 1550
1324 1650
1324 1725
1325 1400
1325 1427
1325 1564
1325 1920
1326 1343
1326 1775
1326 1842
1327 1330
1327 1797
1328 1546
1328 1562
1328 1614
1328 1764
1328 1823
1328 1926
1328 1933
1329 1380
1329 1487
1329 1678
1330 1490
1330 1737
1330 1838
1330 1854
1331 1640
1332 1433
1332 1445
1332 1733
1332 1904
1333 1364
1333 1369
1333 1458
1333 1851
1334 1597
1334 1732
1335 1534
1335 1795
1335 1905
1336 1366
1336 1442
1336 1712
1337 1524
1337 1534
1337 1769
1337 1818
1337 1889
1337 1947
1338 1789
1338 1965
1339 1378
1339 1530
1339 1556
1339 1621
1339 1810
1339 1946
1339 1964
1340 1688
1340 1707
1340 1718
1340 1759
1340 1772
1341 1530
1341 1700
1341 1915
1341 1995
1342 1479
1342 1626
1342 1743
1343 1549
1343 1595
1344 1739
1344 1899
1345 1505
1345 1690
1345 1712
1346 1444
1346 1485
1346 1562
1346 1675
1346 1748
1346 1853
1347 1858
1347 1878
1348 1933
1349 1420
1349 1504
1350 1385
1350 1669
1350 1775
1350 1942
1351 1420
1351 1525
1352 1616
1352 1989
1353 1510
1353 1521
1353 1570
1354 1490
1356 1726
1357 1433
1358 1548
1358 1930
1359 1576
1359 1659
1359 1873
1359 1964
1359 1974
1360 1482
1360 1938
1361 1440
1361 1784
1361 1870
1362 1902
1362 1913
1363 1414
1363 1474
1363 1604
1363 1776
1363 1818
1364 1808
1364 1863
1365 1424
1365 1473
1365 1622
1365 1660
1365 1747
1365 1957
1366 1430
1366 1441
1366 1587
1366 1628
1367 1742
1368 1765
1368 1862
1369 1725
1370 1653
1370 1698
1370 1879
1371 1440
1372 1589
1372 1674
1373 1389
1373 1515
1374 1467
1374 1751
1374 1991
1375 1974
1375 1983
1376 1611
1377 1628
1377 1702
1378 1495
1378 1662
1378 1789
1379 1406
1379 1493
1381 1524
1381 1620
1381 1971
1382 1933
1383 1713
1383 1849
1383 1955
1384 1420
1384 1464
1384 1616
1384 1646
1384 1661
1384 1693
1385 1682
1385 1839
1386 1481
1386 1681
1386 1725
1386 1947
1386 1952
1387 1784
1388 1689
1388 1781
1388 1783
1390 1472
1390 1676
1390 1767
1390 1803
1390 1845
1390 1986
1391 1728
1391 1892
1391 1908
1391 1947
1392 1511
1392 1521
1392 1673
1392 1839
1393 1599
1394 1402
1394 1447
1394 1828
1395 1458
1395 1497
1395 1517
1395 1680
1395 1784
1395 1980
1397 1890
1398 1970
1399 1679
1399 1797
1400 1466
1400 1761
1400 1871
1400 1948
1400 1978
1400 1993
1401 1431
1401 1458
1401 1703
1401 1901
1401 1919
1402 1753
1404 1844
1405 1898
1405 1948
1406 1595
1406 1665
1406 1879
1406 1979
1407 1418
1407 1872
1408 1542
1408 1935
1409 1836
1410 1675
1410 1865
1410 1871
1411 1522
1411 1720
1411 1723
1412 1556
1412 1634
1412 1959
1413 1481
1413 1850
1413 1939
1414 1593
1414 1607
1414 1718
1414 1985
1415 1625
1415 1869
1417 1565
1417 1645
1417 1715
1417 1767
1417 1877
1418 1485
1418 1511
1418 1536
1418 1633
1418 1711
1418 1921
1418 1966
1419 1786
1419 1801
1419 1896
1419 1994
1420 1696
1420 1709
1421 1524
1421 1566
1421 1802
1421 1807
1422 1628
1422 1682
1423 1659
1423 1701
1423 1760
1423 1855
1424 1665
1424 1728
1424 1923
1425 1552
1425 1654
1425 1662
1425 1935
1425 1984
1426 1510
1426 1616
1426 1803
1427 1632
1427 1989
1428 1896
1428 1978
1428 1986
1429 1560
1429 1699
1429 1743
1429 1806
1430 1909
1432 1533
1432 1573
1432 1842
1432 1929
1432 1940
1433 1938
1434 1936
1435 1839
1435 1847
1436 1531
1436 1734
1436 1954
1437 1591
1437 1641
1437 1701
1437 1752
1437 1854
1438 1683
1439 1605
1439 1837
1439 1846
1440 1979
1441 1685
1442 1452
1442 1522
1442 1564
1442 1894
1443 1771
1444 1562
1444 1737
1444 1929
1445 1571
1445 1729
1445 1982
1446 1722
1446 1903
1446 1944
1446 1991
1447 1622
1448 1490
1448 1604
1449 1478
1449 1561
1450 1679
1450 1720
1450 1952
1451 1541
1451 1732
1452 1489
1452 1509
1452 1576
1452 1770
1453 1671
1453 1721
1454 1743
1454 1797
1455 1702
1455 1707
1455 1757
1456 1566
1456 1677
1456 1931
1456 1975
1456 1976
1458 1566
1458 1724
1459 1577
1459 1603
1459 1680
1460 1605
1460 1738
1460 1994
1462 1921
1463 1559
1463 1784
1463 1825
1464 1561
1464 1827
1464 1838
1465 1526
1465 1766
1466 1601
1467 1558
1467 1688
1467 1826
1467 1880
1468 1679
1468 1714
1468 1799
1468 1973
1469 1585
1469 1803
1470 1823
1470 1824
1470 1829
1471 1603
1472 1811
1472 1893
1473 1530
1473 1535
1473 1622
1473 1814
1473 1827
1474 1636
1474 1711
1474 1886
1474 1967
1475 1536
1475 1643
1476 1643
1476 1694
1476 1748
1476 1771
1476 1780
1476 1800
1477 1636
1477 1900
1477 1969
1477 1975
1478 1619
1478 1708
1478 1805
1478 1841
1481 1733
1481 1774
1482 1595
1483 1776
1483 1821
1483 1834
1483 1839
1484 1492
1484 1599
1484 1759
1484 1856
1485 1576
1485 1638
1486 1566
1486 1616
1487 1488
1487 1869
1488 1499
1488 1720
1489 1712
1489 1782
1489 1982
1490 1550
1490 1624
1490 1712
1490 1864
1491 1649
1492 1661
1492 1808
1493 1572
1493 1717
1493 1770
1493 1975
1494 1729
1494 1842
1494 1978
1495 1963
1495 1993
1496 1534
1496 1674
1497 1580
1497 1619
1498 1538
1498 1635
1498 1949
1499 1623
1499 1896
1499 1983
1500 1765
1501 1712
1501 1756
1502 1836
1502 1977
1502 1984
1503 1682
1503 1683
1503 1893
1503 1990
1504 1574
1504 1702
1505 1752
1505 1771
1505 1817
1505 1955
1507 1730
1508 1540
1508 1893
1509 1548
1509 1848
1510 1564
1510 1605
1510 1671
1510 1923
1510 1958
1511 1677
1512 1537
1512 1871
1513 1734
1513 1781
1513 1820
1513 1898
1513 1911
1514 1654
1514 1878
1515 1596
1515 1688
1515 1738
1515 1761
1515 1788
1515 1967
1515 1993
1516 1516
1516 1531
1516 1697
1516 1864
1517 1663
1518 1586
1519 1519
1519 1555
1519 1640
1519 1847
1520 1564
1521 1900
1521 1930
1521 1973
1522 1804
1522 1853
1522 1874
1522 1879
1523 1600
1523 1871
1523 1901
1523 1918
1524 1602
1524 1941
1525 1829
1526 1619
1526 1642
1526 1828
1526 1844
1526 1907
1526 1927
1527 1800
1528 1589
1528 1707
1528 1739
1528 1932
1528 1958
1529 1903
1530 1701
1530 1712
1530 1874
1531 1862
1531 1988
1532 1728
1533 1773
1533 1827
1533 1828
1534 1974
1535 1575
1535 1651
1535 1835
1536 1873
1537 1590
1537 1601
1537 1782
1538 1710
1538 1732
1538 1769
1540 1629
1540 1669
1540 1738
1540 1808
1540 1988
1541 1569
1541 1862
1542 1561
1542 1757
1543 1736
1543 1857
1544 1679
1544 1696
1544 1972
1545 1646
1546 1602
1546 1703
1547 1844
1548 1836
1548 1859
1548 1971
1549 1693
1549 1708
1549 1716
1549 1717
1549 1943
1550 1744
1550 1770
1551 1617
1551 1751
1551 1775
1551 1886
1552 1691
1552 1693
1554 1862
1555 1662
1555 1680
1555 1782
1555 1918
1556 1641
1556 1781
1556 1862
1556 1890
1557 1842
1558 1670
1558 1874
1559 1707
1559 1770
1559 1861
1560 1580
1560 1669
1560 1747
1561 1660
1561 1931
1562 1581
1562 1859
1564 1635
1564 1722
1564 1743
1564 1943
1565 1598
1565 1761
1565 1768
1565 1844
1565 1986
1566 1581
1568 1745
1568 1804
1569 1616
1570 1979
1571 1705
1572 1606
1572 1831
1573 1687
1573 1912
1573 1978
1574 1736
1575 1720
1575 1790
1576 1776
1576 1777
1576 1892
1576 1987
1577 1582
1577 1708
1578 1897
1578 1932
1579 1889
1579 1951
1580 1621
1580 1739
1580 1800
1581 1680
1581 1815
1582 1738
1583 1622
1583 1627
1583 1817
1584 1650
1584 1891
1585 1638
1585 1737
1585 1847
1585 1985
1586 1782
1587 1699
1587 1838
1588 1777
1588 1903
1590 1697
1590 1859
1591 1756
1591 1918
1591 1945
1592 1762
1595 1886
1596 1753
1596 1934
1597 1910
1598 1714
1599 1983
1600 1625
1600 1878
1600 1987
1602 1838
1603 1736
1603 1980
1604 1780
1604 1852
1604 1947
1604 1951
1605 1743
1606 1635
1606 1712
1607 1713
1607 1766
1608 1629
1608 1910
1608 1937
1609 1623
1609 1664
1610 1667
1611 1642
1611 1698
1611 1807
1612 1685
1612 1980
1613 1693
1615 1936
1617 1676
1617 1839
1620 1810
1621 1684
1621 1736
1621 1781
1622 1949
1622 1976
1623 1946
1623 1949
1624 1643
1624 1681
1625 1739
1626 1650
1626 1824
1627 1661
1627 1774
1627 1799
1628 1632
1628 1693
1628 1765
1628 1935
1628 1940
1629 1808
1629 1851
1630 1642
1630 1706
1631 1679
1631 1898
1632 1832
1632 1892
1633 1716
1633 1858
1633 1948
1634 1860
1634 1915
1634 1952
1635 1680
1635 1936
1636 1683
1636 1740
1636 1784
1637 1688
1639 1827
1639 1851
1639 1937
1640 1681
1640 1755
1641 1957
1642 1680
1642 1729
1642 1864
1642 1952
1642 1973
1643 1869
1644 1657
1644 1881
1644 1882
1646 1853
1646 1974
1647 1901
1647 1922
1650 1744
1650 1898
1650 1902
1650 1904
1652 1709
1652 1903
1653 1734
1653 1838
1654 1678
1654 1795
1654 1835
1655 1783
1655 1896
1655 1954
1656 1697
1656 1722
1657 1729
1658 1964
1659 1813
1662 1676
1662 1681
1662 1683
1662 1906
1662 1910
1664 1768
1665 1665
1665 1819
1665 1825
1665 1874
1666 1707
1666 1790
1666 1803
1667 1834
1668 1845
1668 1919
1669 1701
1669 1970
1670 1730
1670 1928
1672 1786
1672 1821
1673 1693
1673 1706
1673 1833
1673 1868
1674 1710
1674 1720
1674 1851
1674 1961
1675 1771
1675 1921
1675 1979
1676 1928
1676 1998
1677 1730
1677 1956
1679 1982
1680 1864
1681 1691
1681 1993
1685 1718
1685 1884
1686 1817
1686 1905
1689 1734
1689 1834
1689 1852
1689 1912
1690 1965
1691 1838
1691 1964
1692 1754
1693 1995
1694 1739
1695 1825
1696 1853
1696 1875
1696 1907
1696 1977
1697 1701
1698 1737
1700 1826
1700 1904
1701 1721
1701 1920
1701 1927
1703 1786
1703 1828
1705 1913
1706 1772
1706 1974
1707 1787
1707 1799
1708 1901
1709 1804
1710 1763
1711 1933
1711 1961
1711 1964
1712 1879
1715 1853
1715 1970
1716 1943
1717 1781
1717 1804
1718 1804
1719 1963
1719 1970
1720 1842
1720 1975
1720 1993
1721 1900
1721 1921
1722 1738
1723 1802
1723 1856
1723 1971
1724 1737
1724 1823
1724 1839
1724 1896
1725 1961
1726 1832
1726 1896
1727 1985
1728 1851
1730 1756
1731 1964
1735 1938
1736 1872
1737 1742
1739 1977
1740 1887
1742 1948
1744 1744
1744 1916
1745 1958
1748 1841
1748 1857
1749 1798
1749 1841
1750 1969
1752 1759
1752 1791
1752 1836
1752 1837
1752 1910
1752 1953
1756 1781
1756 1859
1758 1793
1758 1846
1758 1964
1759 1810
1760 1810
1761 1883
1761 1993
1762 1879
1762 1945
1762 1982
1764 1796
1765 1959
1767 1999
1768 1826
1769 1985
1770 1839
1770 1980
1772 1777
1773 1830
1775 1806
1775 1861
1775 1865
1775 1869
1776 1894
1776 1954
1776 1966
1777 1784
1777 1835
1777 1946
1779 1789
1779 1814
1781 1909
1783 1835
1783 1864
1786 1838
1786 1847
1787 1960
1787 1984
1788 1848
1788 1881
1790 1816
1790 1927
1790 1969
1791 1803
1791 1867
1791 1873
1792 1849
1792 1983
1794 1806
1795 1919
1796 1838
1797 1936
1798 1885
1799 1821
1799 1880
1801 1919
1807 1837
1809 1839
1809 1890
1811 1878
1812 1966
1813 1845
1815 1830
1815 1855
1815 1956
1818 1982
1820 1830
1821 1885
1823 1956
1824 1988
1825 1884
1825 1947
1831 1906
1833 1901
1833 1996
1836 1917
1837 1847
1838 1899
1839 1843
1840 1881
1842 1917
1842 1978
1846 1848
1846 1870
1846 1912
1846 1984
1848 1991
1850 1877
1853 1856
1853 1890
1855 1896
1855 1950
1857 1984
1857 1993
1859 1924
1860 1869
1863 1868
1864 1990
1866 1932
1869 1942
1870 1921
1871 1882
1871 1927
1872 1894
1876 1884
1879 1883
1880 1956
1883 1949
1884 1992
1893 1908
1895 1950
1899 1972
1910 1912
1912 1920
1912 1950
1913 1973
1916 1973
1920 1979
1921 1950
1923 1956
1923 1969
1925 1948
1925 1987
1933 1988
1936 1949
1944 1972
1946 1956
1954 1969
1960 1977
1966 1971
1975 1977
1978 1978
1978 1983
