2000
0 161
0 280
0 461
0 553
0 1106
0 1492
0 1529
0 1576
0 1594
0 1670
0 1683
0 1695
0 1908
1 117
1 136
1 409
1 580
1 804
1 1210
1 1311
1 1835
1 1942
1 1977
2 339
2 730
2 795
2 1737
3 49
3 265
3 620
3 675
3 1360
3 1725
4 354
4 1413
4 1695
5 80
5 207
5 439
5 531
5 583
5 967
5 976
5 1319
5 1444
6 1062
6 1117
6 1140
6 1240
6 1330
7 137
7 806
7 855
7 890
7 977
7 1036
7 1056
7 1352
7 1401
7 1693
7 1787
7 1816
7 1850
8 26
8 39
8 139
8 585
8 964
8 1226
8 1686
8 1750
8 1778
8 1883
9 44
9 134
9 285
9 697
9 775
9 916
9 997
9 1050
9 1129
9 1238
9 1381
9 1615
10 389
10 614
10 1014
10 1119
10 1456
10 1562
10 1563
10 1735
10 1875
11 361
11 809
11 1456
11 1461
11 1550
11 1576
11 1603
11 1686
12 328
12 352
12 634
12 779
12 1903
13 653
13 1079
13 1262
13 1395
14 455
14 466
14 544
14 600
14 841
14 852
14 875
14 1718
14 1826
14 1887
15 212
15 222
15 295
15 395
15 673
15 720
15 1253
15 1366
15 1584
15 1657
15 1823
16 47
16 137
16 260
16 477
16 989
16 999
16 1134
16 1445
16 1471
16 1552
16 1564
16 1657
16 1707
16 1877
17 21
17 446
17 639
17 729
17 791
17 1003
17 1216
17 1229
17 1565
17 1909
18 64
18 144
18 358
18 676
18 707
18 890
18 904
18 946
18 1066
18 1682
18 1794
18 1858
18 1922
18 1969
19 97
19 348
19 505
19 1056
19 1229
19 1319
19 1334
20 100
20 305
20 645
20 965
20 1126
20 1188
20 1251
20 1323
20 1800
21 352
21 386
21 541
21 1277
21 1664
22 96
22 346
22 362
22 437
22 750
22 837
22 1078
22 1192
22 1232
22 1488
22 1857
23 171
23 523
23 827
23 952
23 1420
23 1448
23 1451
23 1463
23 1647
23 1926
24 36
24 201
24 350
24 817
24 842
24 882
24 917
24 1268
24 1458
24 1592
24 1672
24 1679
24 1874
24 1966
25 182
25 197
25 325
25 403
25 751
25 838
25 1105
25 1201
25 1323
25 1605
26 418
26 819
26 920
26 923
26 977
26 1046
26 1318
26 1972
27 146
27 218
27 442
27 645
27 1095
27 1159
27 1191
27 1295
27 1879
28 227
28 280
28 493
28 1152
28 1209
28 1753
28 1769
28 1933
29 489
29 549
29 731
29 766
29 822
29 1008
29 1551
29 1651
30 232
30 1893
30 1977
31 232
31 405
31 710
31 1090
31 1243
31 1327
31 1406
31 1508
31 1529
31 1894
31 1920
32 147
32 472
32 545
32 627
32 861
32 937
32 1036
32 1378
32 1566
32 1630
32 1728
33 92
33 396
33 455
33 474
33 742
33 1054
33 1156
33 1175
33 1636
33 1803
33 1928
34 195
34 256
34 333
34 384
34 692
34 768
34 951
34 1394
34 1930
35 61
35 359
35 655
35 890
35 1138
35 1247
35 1252
35 1395
35 1492
35 1513
35 1622
35 1704
35 1957
36 517
36 662
36 670
36 883
36 1255
36 1265
36 1302
36 1472
36 1666
37 109
37 168
37 420
37 788
37 848
37 1028
37 1253
37 1417
37 1735
37 1922
38 428
38 1491
38 1669
38 1919
38 1944
39 99
39 240
39 305
39 659
39 807
39 933
39 1008
39 1275
39 1340
39 1946
39 1953
40 138
40 348
40 611
40 672
40 837
40 1014
40 1399
40 1556
41 122
41 320
41 492
41 608
41 831
41 1168
41 1441
41 1546
41 1716
42 386
42 390
42 542
42 642
42 842
42 968
42 1007
42 1160
42 1180
42 1199
42 1408
42 1552
43 298
43 300
43 993
43 1009
43 1032
43 1114
43 1173
43 1260
43 1354
43 1360
43 1456
43 1728
44 678
44 1188
44 1495
44 1619
44 1722
44 1812
44 1916
45 1154
45 1234
45 1326
45 1441
45 1747
45 1789
45 1816
45 1893
45 1902
46 409
46 973
46 1087
46 1104
46 1143
46 1380
46 1492
46 1513
46 1720
47 370
47 528
47 551
47 898
47 915
47 1019
47 1051
47 1208
47 1270
47 1495
47 1954
47 1974
48 452
48 531
48 717
48 1045
48 1139
48 1740
48 1787
48 1938
49 339
49 614
49 790
49 912
49 1391
49 1431
49 1809
50 50
50 211
50 218
50 239
50 780
50 821
50 842
50 899
50 960
50 1349
50 1644
51 198
51 304
51 440
51 597
51 654
51 669
51 805
51 848
51 1090
51 1429
51 1548
51 1568
51 1683
51 1748
51 1832
51 1854
52 228
52 255
52 343
52 348
52 534
52 1335
52 1497
52 1526
52 1553
52 1577
52 1691
52 1920
53 516
53 578
53 1041
53 1227
53 1403
53 1475
53 1490
53 1498
53 1777
53 1812
54 65
54 111
54 221
54 240
54 531
54 598
54 878
54 925
54 1114
54 1211
54 1245
54 1522
54 1609
54 1743
54 1748
54 1874
54 1965
55 1017
55 1085
55 1226
55 1661
55 1698
55 1915
55 1956
56 374
56 950
56 1072
56 1492
56 1501
56 1987
57 760
57 827
57 1276
57 1450
57 1521
57 1579
57 1622
57 1775
57 1811
57 1878
57 1882
58 77
58 120
58 227
58 561
58 757
58 1410
58 1429
58 1455
58 1498
58 1574
58 1790
58 1997
59 125
59 135
59 156
59 217
59 497
59 900
59 1006
59 1351
59 1914
60 124
60 580
60 588
60 654
60 658
60 746
60 750
60 815
60 938
60 1160
60 1227
60 1306
60 1331
60 1343
60 1420
60 1437
60 1499
60 1606
60 1710
60 1823
60 1947
61 112
61 171
61 187
61 323
61 409
61 528
61 611
61 616
61 886
61 893
61 951
61 1063
61 1154
61 1182
61 1185
61 1198
61 1340
62 205
62 278
62 384
62 424
62 553
62 571
62 717
62 794
62 1442
62 1876
63 263
63 516
63 588
63 619
63 658
63 698
63 771
63 1075
63 1213
63 1270
63 1410
63 1556
63 1850
63 1859
63 1883
63 1924
64 112
64 614
64 630
64 865
64 963
64 1512
64 1687
64 1741
64 1830
65 134
65 377
65 609
65 646
65 760
65 1277
65 1873
66 68
66 117
66 166
66 171
66 219
66 342
66 400
66 458
66 466
66 602
66 667
66 734
66 764
66 888
66 1110
66 1242
66 1417
67 438
67 577
67 807
67 1061
67 1215
67 1236
67 1515
67 1548
67 1654
68 426
68 609
68 787
68 1194
68 1469
68 1486
68 1974
69 357
69 498
69 636
69 640
69 1047
69 1062
69 1391
70 341
70 373
70 468
70 755
70 757
70 1031
70 1038
70 1236
70 1279
70 1827
71 123
71 183
71 242
71 628
71 691
71 926
71 1349
71 1473
71 1531
71 1795
71 1941
72 86
72 450
72 654
72 1038
72 1098
72 1157
72 1299
72 1613
72 1710
72 1821
73 107
73 180
73 539
73 789
73 1051
73 1608
74 212
74 392
74 565
74 773
74 839
74 1111
74 1175
74 1988
75 87
75 260
75 585
75 627
75 1145
75 1257
75 1437
75 1647
75 1810
76 101
76 422
76 449
76 833
76 908
76 1143
76 1213
76 1237
76 1273
76 1418
76 1532
76 1645
76 1684
76 1859
77 78
77 765
77 1180
77 1807
78 371
78 423
78 692
78 894
78 951
78 1494
78 1923
78 1968
79 659
79 910
79 953
79 958
79 1106
79 1555
80 146
80 247
80 544
80 613
80 677
80 1499
80 1967
81 246
81 312
81 389
81 462
81 479
81 593
81 696
81 728
81 791
81 1258
81 1294
81 1774
82 351
82 403
82 1101
82 1861
82 1993
83 440
83 446
83 701
83 918
83 929
83 1130
83 1140
83 1293
83 1437
83 1471
83 1877
83 1933
84 252
84 462
84 530
84 689
84 812
84 1164
84 1390
84 1530
85 154
85 437
85 697
85 870
85 922
85 928
85 1042
85 1088
85 1256
85 1367
85 1937
86 90
86 844
86 970
86 990
86 995
86 1265
86 1377
86 1445
86 1558
86 1624
86 1865
86 1899
87 168
87 308
87 312
87 322
87 509
87 1139
87 1246
87 1452
87 1550
87 1653
87 1704
88 281
88 448
88 556
88 558
88 742
88 827
88 918
88 1119
88 1363
88 1480
88 1641
88 1781
89 200
89 214
89 219
89 296
89 331
89 710
89 784
89 985
89 1702
89 1757
89 1972
89 1978
90 368
90 542
90 559
90 586
90 781
90 1177
90 1448
90 1633
90 1738
90 1761
90 1781
90 1811
90 1994
91 147
91 1106
91 1196
91 1208
91 1318
91 1611
91 1782
91 1957
91 1984
92 603
92 1491
92 1630
92 1910
93 369
93 582
93 864
93 983
93 1128
93 1750
93 1967
94 254
94 306
94 560
94 805
94 923
94 1251
94 1289
94 1351
94 1388
94 1601
94 1813
95 143
95 191
95 391
95 593
95 697
95 702
95 1278
95 1604
95 1700
96 467
96 543
96 674
96 1861
97 248
97 858
97 893
97 1298
97 1504
97 1576
98 329
98 509
98 851
98 1233
98 1260
98 1408
98 1660
98 1847
99 120
99 294
99 395
99 516
99 1021
99 1096
99 1190
99 1346
99 1357
99 1536
99 1675
100 145
100 513
100 623
100 706
100 740
100 782
100 1200
101 153
101 175
101 213
101 341
101 717
101 1195
101 1679
101 1703
101 1736
101 1797
102 160
102 195
102 683
102 752
102 853
102 933
102 947
102 1841
102 1899
103 105
103 308
103 649
103 757
103 827
103 978
103 1064
103 1244
103 1463
103 1509
104 243
104 393
104 987
104 1243
104 1364
104 1474
104 1814
104 1830
104 1831
104 1994
105 238
105 474
105 515
105 874
105 902
105 905
105 1137
105 1313
105 1579
105 1943
106 130
106 441
106 637
106 839
106 1449
106 1610
106 1683
106 1728
106 1822
107 610
107 883
107 1680
108 175
108 199
108 374
108 398
108 400
108 432
108 587
108 727
108 819
108 833
108 857
108 957
109 446
109 466
109 926
109 1281
109 1608
109 1785
109 1861
109 1926
109 1941
110 283
110 409
110 744
110 1101
110 1194
110 1507
110 1529
110 1607
110 1863
111 324
111 372
111 489
111 518
111 636
111 665
111 689
111 722
111 762
111 1026
111 1075
111 1337
111 1499
111 1570
111 1782
111 1785
112 336
112 478
112 601
112 659
112 1039
112 1189
112 1314
112 1340
112 1642
112 1813
112 1855
113 136
113 214
113 270
113 941
113 1089
113 1288
113 1622
113 1902
114 1091
114 1301
114 1323
114 1741
115 121
115 377
115 492
115 819
115 1110
115 1978
116 262
116 420
116 968
116 1055
116 1453
116 1475
116 1603
116 1971
117 245
117 373
117 561
117 781
117 835
117 957
117 1136
117 1175
117 1205
117 1604
117 1845
117 1848
117 1990
118 123
118 479
118 791
118 1656
118 1678
118 1766
119 149
119 645
119 739
119 766
119 907
119 1433
119 1599
119 1706
120 198
120 255
120 589
120 749
120 861
120 940
120 1047
120 1264
120 1589
120 1660
120 1762
120 1915
121 570
121 765
121 851
121 1016
121 1613
121 1698
122 200
122 472
122 743
122 990
122 1037
122 1106
122 1141
122 1259
122 1331
122 1332
122 1973
123 158
123 639
123 724
123 957
123 1013
123 1223
124 167
124 281
124 428
124 467
124 529
124 1464
124 1854
125 319
125 776
125 876
125 1151
125 1201
125 1463
125 1779
126 199
126 284
126 323
126 688
126 1214
126 1305
126 1315
126 1402
126 1538
126 1604
126 1817
126 1949
127 243
127 246
127 693
127 1189
127 1603
127 1865
128 975
128 1079
128 1851
129 526
129 558
129 700
129 843
129 910
129 928
129 1022
129 1123
129 1125
129 1182
129 1396
129 1887
130 375
130 390
130 700
130 1150
130 1233
130 1307
130 1352
130 1632
131 229
131 336
131 420
131 511
131 877
131 938
131 1234
131 1597
131 1675
131 1872
131 1884
132 921
132 977
132 1075
132 1210
132 1438
133 364
133 410
133 415
133 482
133 852
133 1007
133 1181
133 1521
133 1608
133 1622
133 1749
134 779
134 817
134 832
134 956
134 1076
134 1168
134 1391
134 1492
134 1592
134 1887
134 1921
135 256
135 270
135 517
135 713
135 759
135 824
135 867
135 963
135 975
135 1151
135 1353
135 1545
136 199
136 877
136 1188
136 1214
136 1571
137 349
137 939
137 1216
137 1306
138 829
138 915
138 967
138 973
138 1400
138 1445
139 197
139 275
139 511
139 657
139 1452
140 151
140 332
140 736
140 1143
140 1213
140 1566
140 1647
140 1996
141 366
141 419
141 1155
141 1683
141 1743
142 174
142 463
142 545
142 642
142 688
142 705
142 950
142 1215
142 1234
142 1262
142 1668
142 1755
142 1793
142 1943
142 1994
143 580
143 605
143 638
143 665
143 690
143 724
143 804
143 822
143 827
143 904
143 922
143 1791
143 1981
144 663
144 871
144 906
144 1035
144 1084
144 1278
144 1482
144 1575
144 1759
145 171
145 217
145 763
145 854
145 1392
145 1575
145 1589
145 1789
145 1790
145 1869
146 323
146 809
146 1174
146 1184
146 1378
146 1763
146 1773
146 1989
147 220
147 823
147 966
147 1525
147 1623
147 1955
148 162
148 954
148 996
148 1619
148 1621
149 257
149 690
149 1106
149 1107
149 1284
149 1741
149 1836
149 1924
150 159
150 238
150 248
150 449
150 461
150 567
150 1121
150 1241
150 1479
150 1489
150 1601
151 161
151 246
151 264
151 310
151 441
151 530
151 595
151 697
151 1645
151 1715
151 1804
152 165
152 314
152 524
152 790
152 867
152 960
152 1334
152 1397
152 1823
153 183
153 921
153 1453
153 1468
154 251
154 401
154 413
154 436
154 681
154 1027
154 1076
154 1167
154 1330
154 1368
154 1542
154 1585
154 1610
154 1657
154 1878
155 193
155 314
155 511
155 534
155 548
155 611
155 696
155 806
155 1205
155 1349
155 1437
155 1444
155 1845
156 190
156 599
156 717
156 783
156 1710
156 1773
156 1971
157 799
157 1176
157 1244
157 1705
157 1847
157 1857
158 296
158 440
158 749
158 896
158 1077
158 1540
158 1605
158 1652
159 1192
159 1505
159 1514
159 1804
159 1897
159 1982
160 244
160 256
160 373
160 407
160 573
160 901
160 1298
160 1438
160 1784
161 333
161 341
161 346
161 492
161 695
161 711
161 881
161 1145
161 1181
161 1201
161 1378
162 593
162 838
162 860
162 1007
162 1095
162 1183
162 1265
162 1346
162 1892
163 257
163 397
163 652
163 711
163 872
163 885
163 1443
163 1445
163 1644
163 1936
164 172
164 211
164 239
164 242
164 386
164 965
164 982
164 1226
164 1366
164 1526
164 1734
165 184
165 237
165 244
165 394
165 764
165 834
165 1047
165 1738
165 1980
166 222
166 758
166 809
166 1178
166 1517
166 1699
166 1713
166 1769
167 193
167 419
167 461
167 519
167 1076
167 1808
167 1937
168 175
168 324
168 415
168 700
168 721
168 1253
168 1404
169 228
169 294
169 321
169 459
169 930
169 1065
169 1464
169 1650
169 1821
170 173
170 292
170 525
170 545
170 650
170 883
170 1220
170 1520
170 1785
170 1839
171 308
171 562
171 644
171 834
171 977
171 1521
171 1714
172 286
172 431
172 515
172 718
172 963
172 1006
172 1233
172 1739
173 186
173 857
173 935
173 977
173 1241
173 1348
174 247
174 493
174 739
174 1091
174 1104
174 1197
174 1212
174 1275
174 1431
174 1488
174 1529
174 1762
175 257
175 1240
175 1407
175 1973
176 316
176 449
176 560
176 572
176 624
176 686
176 988
176 1324
176 1331
176 1398
176 1411
176 1443
176 1486
177 339
177 554
177 909
177 985
177 1038
177 1219
177 1298
177 1393
177 1454
177 1557
177 1691
178 591
178 842
178 904
178 1025
178 1039
178 1085
178 1204
178 1353
178 1862
178 1885
178 1934
179 376
179 528
179 596
179 1019
180 228
180 631
180 638
180 1452
180 1797
181 1042
181 1619
181 1697
181 1712
181 1756
181 1983
182 236
182 261
182 460
182 807
182 812
182 841
182 1057
182 1097
182 1412
182 1593
182 1683
182 1816
182 1923
183 872
183 1030
183 1069
183 1146
183 1804
183 1861
184 590
184 768
184 1033
184 1060
184 1589
184 1812
185 521
185 633
185 661
185 664
185 877
185 1062
185 1071
185 1170
185 1304
185 1546
185 1761
185 1921
185 1952
186 308
186 352
186 578
186 729
186 1132
186 1813
187 285
187 560
187 882
187 1272
187 1975
187 1996
187 1998
188 651
188 893
188 1211
188 1336
188 1694
188 1899
188 1919
189 543
189 747
189 780
189 878
189 1768
189 1788
189 1889
190 1097
190 1332
190 1337
190 1410
190 1464
190 1723
190 1855
191 200
191 554
191 893
191 1121
191 1132
191 1423
191 1557
192 574
192 763
192 1405
192 1439
192 1876
192 1978
193 464
193 660
193 866
193 878
193 1323
193 1433
193 1492
193 1855
194 489
194 659
194 680
194 899
194 1241
194 1262
194 1306
194 1551
194 1583
194 1597
195 529
195 712
195 813
195 942
195 1156
195 1725
195 1840
195 1979
196 249
196 309
196 358
196 400
196 753
196 806
196 991
196 1385
196 1608
196 1745
197 249
197 424
197 645
197 659
197 850
197 890
197 893
197 1094
197 1156
197 1201
197 1268
197 1349
197 1443
197 1450
197 1667
197 1699
197 1733
197 1749
198 331
198 662
198 664
198 689
198 1232
198 1323
198 1392
198 1531
198 1652
199 234
199 287
199 426
199 615
199 628
199 848
199 988
199 1922
200 254
200 286
200 536
200 586
200 617
200 1145
200 1355
200 1379
200 1385
200 1921
201 545
201 605
201 677
201 710
201 950
201 1254
201 1318
201 1364
202 433
202 471
202 480
202 846
202 1573
202 1609
202 1837
202 1930
202 1944
203 269
203 313
203 666
203 759
203 835
203 992
203 1079
203 1158
203 1208
203 1423
203 1482
203 1535
203 1616
203 1942
204 265
204 896
204 1054
204 1401
204 1452
204 1493
204 1541
204 1617
204 1669
204 1942
205 256
205 289
205 342
205 611
205 620
205 755
205 831
205 833
205 1051
205 1116
205 1222
205 1941
206 608
206 1587
206 1617
206 1639
206 1671
206 1811
206 1838
207 584
207 648
207 953
207 1213
207 1361
207 1375
207 1731
207 1778
207 1924
208 211
208 485
208 533
208 942
208 1293
208 1357
208 1467
208 1811
209 267
209 983
209 1209
209 1258
209 1300
209 1302
209 1796
209 1845
209 1988
210 241
210 300
210 666
210 1030
210 1253
210 1446
210 1520
210 1662
211 604
211 648
211 661
211 773
211 1000
211 1230
211 1348
212 559
212 1069
212 1148
212 1184
212 1322
212 1495
212 1804
212 1834
212 1932
213 317
213 514
213 791
213 1137
213 1174
213 1351
213 1655
213 1812
213 1939
214 214
214 941
214 1305
214 1437
214 1448
214 1678
214 1916
215 315
215 365
215 422
215 578
215 761
215 829
215 1161
215 1169
215 1401
215 1433
215 1572
215 1580
215 1667
216 319
216 790
216 1427
216 1805
217 234
217 822
217 869
217 939
217 946
217 962
217 1298
217 1366
217 1473
217 1487
217 1527
217 1557
218 286
218 527
218 858
218 1047
218 1151
218 1158
218 1170
218 1280
218 1306
218 1602
218 1854
218 1930
218 1942
219 557
219 594
219 880
219 951
219 1614
219 1697
219 1851
219 1859
219 1952
219 1999
220 446
220 531
220 1253
220 1340
220 1460
220 1604
220 1640
220 1814
220 1993
221 377
221 438
221 484
221 576
221 754
221 1030
221 1209
221 1391
221 1407
221 1729
221 1980
222 311
222 333
222 518
222 1304
222 1614
222 1946
223 231
223 314
223 457
223 946
223 1101
223 1557
224 271
224 277
224 630
224 825
224 921
224 1137
224 1281
224 1601
224 1873
225 853
225 1110
225 1179
225 1210
225 1716
226 418
226 652
226 694
226 814
226 998
226 1085
226 1240
226 1367
226 1413
226 1565
226 1616
226 1718
226 1881
227 274
227 303
227 428
227 507
227 764
227 824
227 1060
227 1142
227 1273
227 1516
227 1607
227 1804
227 1921
228 441
228 731
228 840
228 931
228 1079
228 1523
228 1524
228 1792
228 1909
229 1177
229 1393
229 1646
229 1721
230 596
230 1371
230 1446
230 1635
230 1829
231 1019
231 1105
231 1325
231 1813
232 377
232 456
232 614
232 841
232 1172
232 1208
232 1271
232 1586
232 1848
232 1906
232 1978
233 264
233 388
233 607
233 632
233 713
233 891
233 1646
234 285
234 449
234 848
234 1004
234 1014
234 1341
234 1588
234 1821
234 1904
235 542
235 1199
235 1985
236 718
236 735
236 939
236 1026
236 1082
236 1265
236 1347
236 1400
236 1703
237 289
237 306
237 400
237 616
237 662
237 849
237 888
237 1059
237 1606
237 1899
237 1922
238 556
238 751
238 1148
238 1423
238 1459
238 1665
238 1854
238 1919
238 1982
239 391
239 392
239 419
239 422
239 604
239 1085
239 1362
239 1403
239 1438
240 244
240 485
240 995
240 1143
240 1203
240 1664
240 1892
240 1933
241 245
241 342
241 449
241 464
241 720
241 839
241 907
241 1106
241 1336
241 1449
241 1609
241 1719
242 756
242 988
242 1064
242 1231
242 1609
243 390
243 660
243 801
243 922
243 946
243 1017
243 1184
243 1562
243 1598
244 328
244 386
244 614
244 1481
244 1582
244 1798
244 1921
245 369
245 488
245 516
245 519
245 782
245 850
245 1117
245 1189
245 1749
246 460
246 840
246 995
246 1116
246 1199
246 1282
246 1672
246 1915
246 1931
246 1932
246 1957
247 431
247 658
247 944
247 982
247 1762
247 1869
247 1904
248 457
248 921
248 1251
248 1310
248 1394
248 1401
248 1601
248 1674
248 1726
248 1889
249 356
249 423
249 469
249 759
249 906
249 909
249 950
249 1016
249 1254
249 1346
249 1658
250 263
250 382
250 608
250 759
250 780
250 933
250 1295
250 1439
250 1712
251 357
251 523
251 726
251 1288
251 1297
251 1352
251 1449
251 1672
251 1919
251 1924
252 445
252 604
252 615
252 616
252 1160
252 1306
252 1327
252 1448
253 265
253 403
253 452
253 517
253 715
253 1042
253 1162
253 1313
253 1682
253 1711
254 640
254 743
254 758
254 890
254 908
254 1009
254 1080
254 1104
254 1145
254 1614
254 1705
254 1880
254 1907
254 1972
255 484
255 857
255 986
255 1035
255 1142
255 1354
255 1629
255 1671
256 530
256 630
256 776
256 957
256 989
256 1201
256 1337
256 1356
256 1586
256 1780
256 1792
257 408
257 437
257 815
257 1015
257 1097
257 1184
257 1501
257 1775
257 1796
257 1830
258 286
258 295
258 300
258 308
258 620
258 855
258 934
258 1144
258 1602
258 1720
258 1871
259 496
259 845
259 1047
259 1092
259 1316
259 1563
259 1600
260 275
260 1017
260 1170
260 1176
260 1471
260 1499
260 1766
261 613
261 659
261 746
261 1076
261 1219
261 1295
261 1772
261 1787
262 273
262 399
262 500
262 905
262 988
262 1104
262 1171
262 1325
262 1581
262 1810
262 1941
263 528
263 934
263 1250
263 1286
263 1414
263 1594
263 1720
263 1845
263 1857
263 1988
264 404
264 454
264 1001
264 1187
264 1194
264 1241
264 1536
265 576
265 612
265 894
265 906
265 1042
265 1068
265 1203
265 1952
266 349
266 986
266 1224
266 1343
266 1586
266 1600
266 1660
267 284
267 529
267 680
267 819
267 865
267 950
268 908
268 1250
268 1319
268 1469
268 1692
268 1768
269 396
269 781
269 1105
270 298
270 645
270 773
270 968
270 1023
270 1120
270 1417
270 1426
271 273
271 383
271 782
271 849
271 1025
271 1043
271 1073
271 1189
271 1357
271 1553
271 1685
271 1768
272 496
272 881
272 1002
272 1048
272 1212
272 1587
272 1996
273 583
273 764
273 863
273 877
273 1239
273 1243
274 444
274 1526
274 1664
274 1682
274 1713
275 471
275 720
275 1240
275 1531
275 1654
275 1877
276 762
276 859
276 868
276 1074
276 1167
276 1208
276 1567
276 1755
276 1871
277 526
277 659
277 700
277 1160
277 1547
277 1621
277 1840
277 1953
278 318
278 420
278 635
278 692
278 1006
278 1120
278 1475
278 1557
278 1851
279 476
279 1399
279 1695
280 367
280 471
280 619
280 638
280 878
280 1304
280 1567
280 1725
281 337
281 706
281 764
281 1210
281 1458
281 1627
281 1661
282 388
282 545
282 577
282 607
282 803
282 1231
282 1380
282 1423
282 1446
282 1468
282 1491
282 1556
282 1702
282 1823
283 321
283 495
283 824
283 1183
283 1336
283 1374
283 1474
283 1522
283 1945
283 1964
284 297
284 400
284 641
284 720
284 766
284 775
284 837
284 1714
284 1923
284 1987
285 581
285 704
285 1289
285 1827
285 1903
285 1942
286 322
286 434
286 669
286 835
286 848
286 1296
286 1524
287 1338
287 1421
287 1487
287 1489
287 1594
287 1717
287 1829
287 1859
287 1966
288 385
288 982
288 1228
288 1253
288 1407
288 1590
288 1622
288 1918
288 1999
289 752
289 784
289 999
289 1146
289 1157
289 1236
289 1380
289 1400
289 1698
290 300
290 410
290 612
290 655
290 859
290 1224
290 1440
290 1599
290 1665
290 1675
290 1782
291 399
291 577
291 1199
291 1330
291 1716
292 1302
292 1393
292 1505
292 1553
292 1618
292 1625
292 1654
292 1657
292 1713
292 1833
292 1978
293 377
293 385
293 543
293 692
293 753
293 875
293 918
293 1201
293 1373
293 1428
293 1876
293 1902
293 1917
294 631
294 666
294 909
294 1057
294 1089
294 1191
294 1375
294 1539
294 1655
295 935
295 954
295 1122
295 1202
295 1495
295 1566
295 1591
295 1677
295 1784
296 832
296 1105
296 1420
296 1723
296 1990
297 790
297 1143
297 1632
297 1828
298 302
298 414
298 845
298 900
298 1188
298 1633
298 1642
298 1734
298 1817
298 1839
299 538
299 607
299 693
299 727
299 974
299 1105
299 1237
299 1658
299 1726
299 1859
300 605
300 696
300 704
300 1072
300 1199
300 1456
301 378
301 445
301 611
301 686
301 728
301 847
301 1004
301 1469
301 1579
301 1770
301 1903
302 537
302 851
302 970
302 1048
302 1135
302 1306
302 1697
302 1837
302 1887
303 423
303 536
303 734
303 976
303 1033
303 1048
303 1233
303 1392
303 1691
303 1774
304 421
304 439
304 507
304 608
304 625
304 634
304 693
304 916
304 1122
304 1124
305 378
305 576
305 918
305 1087
305 1238
305 1541
305 1820
306 507
306 549
306 1010
306 1138
306 1250
306 1507
306 1597
307 457
307 1371
307 1505
307 1885
308 485
308 808
308 928
308 963
308 1332
308 1562
308 1742
309 1239
309 1775
310 419
310 756
310 1040
310 1164
310 1257
310 1362
310 1461
310 1905
311 603
311 624
311 645
311 696
311 885
311 949
311 1038
311 1070
311 1226
311 1263
311 1316
311 1427
311 1463
312 414
312 441
312 568
312 610
312 696
312 757
312 774
312 921
312 959
312 1130
312 1298
312 1344
312 1594
312 1833
312 1941
313 628
313 674
313 770
313 773
313 959
313 994
313 1064
313 1076
313 1096
313 1113
313 1530
313 1851
314 577
314 992
314 1118
314 1149
314 1439
314 1550
314 1597
314 1960
315 501
315 728
315 1128
315 1181
315 1349
315 1436
315 1755
315 1936
316 1084
316 1146
316 1399
316 1491
316 1990
317 414
317 770
317 887
317 1162
317 1411
317 1673
317 1741
317 1799
317 1877
317 1913
317 1935
317 1944
318 703
318 730
318 751
318 786
318 1003
318 1224
318 1241
318 1309
318 1412
318 1549
318 1935
319 871
319 943
319 1153
319 1493
319 1580
319 1853
320 554
320 724
320 836
320 976
320 1546
320 1642
320 1793
320 1940
320 1947
321 627
321 633
321 1258
321 1382
321 1546
321 1613
321 1793
321 1914
322 576
322 586
322 738
322 842
322 1221
322 1364
322 1509
322 1519
322 1602
322 1784
323 389
323 461
323 525
323 649
323 1473
323 1546
323 1571
323 1591
323 1892
323 1893
324 436
324 595
324 727
324 1020
324 1221
324 1367
324 1369
324 1824
325 400
325 505
325 915
325 959
325 1318
325 1401
325 1438
325 1618
325 1807
325 1929
326 862
326 942
326 1263
326 1579
326 1691
326 1963
327 521
327 569
327 578
327 859
327 1043
327 1106
327 1307
327 1501
327 1859
327 1902
328 410
328 651
328 729
328 1032
328 1262
328 1752
329 350
329 512
329 798
329 1355
330 553
330 1090
330 1258
330 1362
330 1810
330 1831
330 1962
331 478
331 535
331 546
331 685
331 771
331 940
331 942
331 972
331 1000
331 1003
331 1205
331 1316
331 1637
331 1728
331 1831
331 1855
332 363
332 417
332 736
332 977
332 1193
332 1775
333 368
333 582
333 1088
333 1120
333 1139
333 1459
333 1483
333 1534
333 1792
333 1813
334 599
334 1296
334 1356
334 1518
334 1829
335 390
335 463
335 771
335 803
335 979
335 1069
335 1204
335 1217
335 1369
336 450
336 709
336 758
336 817
336 968
336 1168
336 1634
336 1765
336 1929
337 827
337 1256
337 1292
337 1341
337 1613
337 1625
337 1702
337 1855
338 610
338 661
338 914
338 1168
338 1427
338 1647
338 1697
338 1702
338 1884
339 351
339 364
339 368
339 393
339 586
339 620
339 1230
339 1431
339 1483
340 733
340 1050
340 1082
340 1175
340 1197
340 1228
340 1241
340 1297
340 1335
340 1653
341 569
341 584
341 681
341 829
341 1301
341 1383
341 1398
341 1423
341 1470
341 1510
341 1570
341 1832
341 1939
342 485
342 719
342 1019
342 1192
342 1958
343 503
343 983
343 1028
343 1173
343 1392
343 1638
344 405
344 512
344 538
344 552
344 1216
344 1271
344 1272
344 1356
344 1986
345 579
345 659
345 844
345 982
345 1059
345 1088
345 1515
345 1612
345 1788
346 385
346 825
346 859
346 1292
346 1543
346 1570
347 596
347 601
347 719
347 1684
347 1770
348 388
348 554
348 1292
348 1496
348 1583
348 1657
348 1888
349 493
349 585
349 1037
349 1167
349 1208
349 1323
349 1355
349 1424
349 1659
350 395
350 967
350 1148
350 1195
350 1396
350 1410
350 1437
350 1490
350 1716
350 1718
351 525
351 537
351 798
351 1452
351 1752
351 1987
351 1999
352 552
352 865
352 941
352 968
352 1246
352 1262
352 1482
352 1578
353 435
353 653
353 917
353 1067
353 1134
353 1581
354 553
354 610
354 678
354 829
354 880
354 953
354 1299
354 1322
354 1526
354 1657
355 598
355 659
355 847
355 860
355 944
355 1614
355 1704
355 1880
355 1927
356 975
356 1157
356 1426
356 1805
357 463
357 932
357 1672
357 1819
358 541
358 585
358 1026
358 1099
358 1144
358 1594
358 1640
358 1716
359 415
359 471
359 529
359 777
359 871
359 878
359 1245
359 1312
359 1422
359 1461
359 1643
359 1719
359 1720
359 1964
360 558
360 586
360 589
360 618
360 1030
360 1646
361 373
361 796
361 839
361 908
361 993
361 1445
361 1637
361 1706
361 1918
362 685
362 697
362 870
362 884
362 886
362 919
362 969
362 1003
362 1164
362 1395
362 1424
362 1649
362 1681
362 1818
362 1996
363 530
363 1280
363 1895
363 1909
364 522
364 729
364 1695
365 374
365 596
365 646
365 722
365 1051
365 1178
365 1583
365 1585
366 565
366 637
366 718
366 1025
366 1144
366 1473
367 888
367 967
367 968
367 1074
367 1947
368 450
368 507
368 616
368 626
368 654
368 657
368 951
368 958
368 1021
368 1331
368 1360
368 1410
369 513
369 526
369 549
369 749
369 858
369 927
369 1538
369 1875
369 1967
370 423
370 705
370 1231
370 1271
371 418
371 725
371 1011
371 1173
371 1197
371 1460
371 1492
371 1536
371 1622
371 1728
371 1794
372 807
372 1314
372 1334
372 1948
373 643
373 680
373 718
373 814
373 1091
373 1202
373 1249
373 1302
373 1338
373 1546
373 1769
374 616
374 757
374 1665
374 1904
375 508
375 623
375 1224
375 1532
375 1534
375 1553
375 1861
375 1958
376 618
376 987
376 992
376 1308
377 699
377 740
377 774
377 850
377 853
377 1232
377 1751
377 1881
378 490
378 805
378 1431
378 1525
378 1856
378 1914
379 600
379 707
379 742
379 743
379 1174
379 1583
380 383
380 452
380 479
380 697
380 891
380 942
380 1017
380 1176
380 1264
380 1723
380 1779
380 1931
381 486
381 622
381 816
381 1535
381 1550
381 1620
381 1874
381 1899
382 1024
382 1835
382 1998
383 706
383 798
383 1065
383 1322
383 1631
383 1717
384 514
384 548
384 712
384 1047
384 1173
384 1423
384 1582
384 1964
385 1177
385 1229
385 1386
385 1400
385 1644
385 1678
385 1890
386 653
386 795
386 911
386 919
386 1230
386 1646
386 1791
386 1954
387 667
387 1077
387 1094
387 1149
387 1182
387 1427
387 1516
388 477
388 533
388 879
388 883
388 996
388 1087
388 1109
388 1126
388 1438
388 1460
388 1492
388 1621
388 1952
388 1997
389 550
389 860
389 1374
389 1489
389 1493
389 1567
389 1607
389 1612
389 1772
389 1840
389 1868
389 1871
389 1880
390 1223
390 1424
390 1575
390 1745
390 1792
391 495
391 1005
391 1796
392 397
392 510
392 726
392 773
392 797
392 835
392 1041
392 1160
392 1188
392 1450
392 1653
392 1828
392 1840
393 447
393 531
393 660
393 671
393 936
393 1501
393 1523
393 1852
393 1869
393 1878
394 702
394 725
394 819
394 1135
394 1324
394 1976
395 433
395 524
395 798
395 1031
395 1040
395 1096
395 1222
395 1572
395 1678
395 1702
395 1799
395 1824
395 1873
396 692
396 775
396 946
396 1083
396 1444
396 1695
397 524
397 626
397 969
397 1013
397 1078
397 1425
397 1491
397 1563
397 1978
398 751
398 752
398 759
398 911
398 1171
398 1314
398 1429
398 1621
399 537
399 570
399 728
399 812
399 860
399 1046
399 1203
399 1218
399 1288
399 1348
399 1433
399 1524
399 1726
399 1858
400 539
400 752
400 979
400 1080
400 1184
400 1221
400 1258
400 1306
400 1469
400 1542
400 1696
401 530
401 707
401 748
401 845
401 1389
401 1423
401 1794
402 963
402 1095
402 1171
402 1179
402 1363
402 1376
402 1523
402 1677
402 1682
402 1824
402 1911
402 1919
403 579
403 691
403 1462
403 1864
403 1906
403 1941
404 918
404 972
404 995
404 1262
404 1422
404 1478
404 1808
405 470
405 476
405 531
405 803
405 939
405 1507
405 1599
405 1658
405 1716
405 1721
406 678
406 938
406 1084
406 1314
406 1590
406 1600
406 1851
407 595
407 663
407 1371
407 1410
407 1429
407 1439
407 1490
407 1792
407 1901
408 503
408 553
408 638
408 840
408 1038
408 1057
408 1456
408 1522
408 1866
409 1030
409 1155
409 1195
409 1612
410 795
410 886
410 1100
410 1161
410 1185
410 1340
410 1447
410 1469
410 1662
410 1833
411 437
411 518
411 647
411 1061
411 1114
411 1240
411 1287
411 1525
411 1864
411 1911
412 469
412 558
412 687
412 1090
412 1192
412 1270
412 1526
412 1666
412 1952
413 464
413 700
413 1098
413 1191
413 1699
414 677
414 971
414 1042
415 488
415 909
415 975
415 1495
415 1616
416 417
416 434
416 587
416 807
416 863
416 1130
416 1184
416 1188
416 1198
416 1384
416 1710
416 1933
417 501
417 634
417 750
417 1082
417 1494
417 1565
417 1680
417 1861
417 1979
418 614
418 770
418 1034
418 1243
418 1346
418 1368
418 1388
418 1548
418 1974
419 473
419 615
419 750
419 1140
419 1725
420 606
420 618
420 959
420 1210
420 1240
421 638
421 901
421 1158
421 1455
421 1544
422 536
422 1052
422 1635
422 1715
422 1798
422 1883
423 1019
423 1115
423 1200
423 1871
424 443
424 658
424 733
424 734
424 1217
424 1457
424 1496
424 1684
425 743
425 940
425 953
425 975
425 1446
425 1586
425 1644
425 1870
426 454
426 564
426 648
426 788
426 1418
426 1615
426 1719
427 731
427 815
427 1240
427 1341
427 1375
427 1460
427 1535
427 1652
427 1941
428 821
428 921
428 1026
428 1315
428 1579
429 876
429 1083
429 1282
429 1295
429 1367
430 465
430 468
430 532
430 562
430 884
430 1101
430 1268
430 1364
430 1582
430 1591
430 1835
431 603
431 793
431 1301
431 1643
431 1875
431 1881
432 489
432 656
432 702
432 852
432 1500
432 1758
432 1811
433 744
433 781
433 1015
433 1331
433 1537
433 1866
434 1013
434 1052
434 1531
434 1980
434 1984
435 767
435 962
435 1024
435 1189
435 1202
435 1244
435 1377
435 1494
435 1624
435 1663
435 1801
435 1837
436 758
436 995
436 1054
436 1091
436 1092
436 1361
436 1379
436 1425
436 1583
436 1783
436 1952
437 557
437 720
437 785
437 804
437 914
437 1238
438 623
438 636
438 1296
438 1360
438 1505
438 1675
439 484
439 510
439 656
439 973
439 977
439 1133
439 1221
439 1462
439 1557
439 1648
439 1681
439 1978
439 1980
440 966
440 1006
440 1043
440 1132
440 1133
440 1227
440 1429
440 1584
440 1958
440 1972
441 596
441 849
441 977
441 1000
441 1096
441 1174
441 1469
442 655
442 710
442 1041
442 1070
442 1622
442 1687
442 1808
442 1918
442 1976
443 688
443 709
443 1205
443 1327
443 1735
443 1771
443 1920
444 584
444 1893
445 1053
445 1309
445 1317
445 1791
445 1795
446 480
446 943
446 1326
446 1365
446 1418
446 1485
446 1858
447 630
447 709
447 885
447 1049
447 1123
447 1196
447 1303
447 1364
447 1581
447 1632
447 1778
447 1936
448 1014
448 1165
448 1491
448 1746
448 1951
449 943
449 1081
449 1199
449 1265
449 1778
449 1893
450 557
450 1068
450 1181
450 1721
450 1808
450 1974
450 1996
451 469
451 493
451 498
451 707
451 708
451 947
451 996
451 1314
451 1348
451 1491
451 1664
451 1747
451 1808
451 1857
452 532
452 612
452 934
452 1092
452 1178
452 1194
452 1204
452 1441
452 1494
452 1663
452 1773
452 1964
453 774
453 824
453 834
453 977
453 1277
453 1411
453 1477
453 1490
453 1591
453 1878
453 1986
454 507
454 646
454 1088
454 1207
454 1416
454 1837
454 1849
454 1883
454 1990
455 542
455 692
455 732
455 954
455 1023
455 1221
455 1347
455 1569
455 1685
456 495
456 528
456 1034
456 1169
456 1295
456 1513
456 1553
456 1996
457 571
457 1345
457 1622
457 1735
457 1791
457 1901
458 766
458 947
458 982
458 1006
458 1159
458 1250
458 1281
459 603
459 887
459 1062
459 1077
459 1331
459 1584
459 1740
459 1959
460 533
460 663
460 714
460 966
460 1371
460 1433
460 1818
460 1834
461 758
461 832
461 1108
461 1112
461 1315
461 1440
461 1496
461 1610
461 1800
462 875
462 879
462 1182
462 1975
463 733
463 848
463 850
463 915
463 1210
463 1242
463 1395
463 1494
463 1702
463 1844
464 520
464 637
464 1079
464 1346
464 1524
464 1702
464 1851
464 1877
465 556
465 668
465 956
465 1562
465 1857
466 530
467 543
467 997
467 1088
467 1461
467 1864
467 1962
468 485
468 634
468 909
468 1082
468 1093
468 1704
469 482
469 931
469 1135
469 1461
469 1485
469 1767
469 1774
469 1890
470 595
470 604
470 881
470 939
470 1042
470 1287
470 1329
470 1536
470 1543
470 1586
470 1840
471 623
471 851
471 943
471 1350
471 1475
471 1771
471 1838
471 1881
472 558
472 1426
472 1588
473 582
473 630
473 952
473 987
473 1085
473 1188
473 1468
473 1499
473 1781
474 508
474 834
474 842
474 1137
474 1183
474 1397
474 1442
474 1444
474 1681
474 1692
474 1876
475 812
475 1006
475 1224
475 1300
475 1713
475 1914
475 1955
475 1990
476 529
476 635
476 840
476 1253
476 1289
476 1723
476 1814
477 524
477 670
477 800
477 832
477 849
477 1168
477 1445
477 1499
477 1622
477 1656
477 1804
477 1850
477 1929
478 612
478 821
478 1025
478 1427
478 1478
478 1540
478 1803
478 1831
478 1875
479 519
479 1304
479 1792
479 1902
480 503
480 516
480 641
480 697
480 1057
480 1167
480 1557
480 1787
481 1266
481 1306
481 1423
481 1650
481 1731
481 1789
481 1876
482 646
482 728
482 753
482 810
482 982
482 1211
482 1238
482 1319
482 1756
482 1775
482 1903
483 713
483 881
483 1083
483 1293
483 1404
483 1414
483 1468
483 1647
483 1895
484 619
484 784
484 796
484 1243
484 1315
484 1321
484 1682
484 1782
484 1843
485 562
485 577
485 693
485 794
485 889
485 1082
485 1089
485 1249
485 1251
485 1304
485 1328
485 1341
485 1605
485 1673
486 543
486 821
486 823
486 1110
486 1199
486 1371
486 1385
486 1576
486 1686
486 1748
486 1826
487 673
487 923
487 1189
487 1525
487 1828
487 1959
488 807
488 904
488 958
488 1421
489 1263
489 1292
489 1406
489 1771
490 875
490 881
490 1016
490 1061
490 1835
490 1956
491 524
491 678
491 822
491 883
491 1077
491 1119
491 1333
491 1910
491 1964
492 493
492 922
492 1052
492 1201
492 1875
492 1959
493 1886
494 519
494 529
494 594
494 746
494 924
494 1259
494 1392
494 1413
494 1805
494 1851
494 1918
495 545
495 584
495 636
495 655
495 672
495 801
495 1030
495 1080
495 1273
495 1292
495 1744
495 1792
495 1862
495 1900
496 712
496 761
496 1101
496 1409
496 1464
496 1821
496 1835
497 991
497 1088
497 1202
497 1499
497 1622
498 506
498 543
498 559
498 1028
498 1084
498 1519
498 1560
499 742
499 755
499 806
499 863
499 1019
499 1059
499 1078
499 1388
500 881
500 987
500 1914
500 1959
501 592
501 817
501 1244
501 1343
501 1416
501 1439
501 1945
501 1988
502 633
502 856
502 1259
502 1458
502 1913
503 853
503 1022
503 1072
503 1526
503 1528
503 1534
503 1588
503 1969
504 588
504 667
504 822
504 1102
504 1227
504 1467
504 1587
504 1778
504 1964
505 992
505 1195
505 1223
505 1764
505 1810
506 884
506 1345
506 1381
506 1602
506 1882
506 1920
506 1953
507 791
507 801
507 1083
507 1411
507 1696
507 1845
508 534
508 930
508 1097
508 1112
508 1185
508 1492
508 1577
508 1668
508 1722
508 1853
508 1859
509 645
509 880
509 908
509 911
509 1269
510 751
510 764
510 772
510 1002
510 1221
510 1274
510 1376
510 1655
510 1856
510 1997
511 740
511 763
511 1129
511 1168
511 1284
511 1448
511 1616
511 1768
512 744
512 793
512 852
512 1048
512 1391
512 1497
512 1815
512 1889
512 1985
513 780
513 794
513 1177
513 1240
513 1347
513 1528
513 1659
514 1225
514 1242
514 1358
515 517
515 793
515 892
515 931
515 1023
516 782
516 1028
516 1117
516 1123
516 1319
516 1591
517 519
517 532
517 1057
517 1079
517 1374
517 1982
518 659
518 823
518 892
518 1112
518 1398
518 1733
518 1909
518 1955
519 1029
519 1296
519 1418
520 780
520 852
520 1519
520 1649
520 1740
520 1938
520 1968
521 693
521 804
521 956
521 1046
521 1177
521 1514
521 1761
521 1797
521 1926
521 1943
522 778
522 1506
522 1532
522 1866
522 1985
523 719
523 879
523 1156
523 1235
523 1411
523 1593
523 1716
523 1738
524 556
524 834
524 951
524 952
524 1183
524 1522
524 1629
524 1649
524 1939
525 963
525 1306
525 1389
525 1548
525 1867
526 1017
526 1277
526 1761
526 1816
527 697
527 699
527 717
527 741
527 913
527 1214
527 1349
527 1790
528 1096
528 1202
528 1378
528 1747
528 1967
529 785
529 1110
529 1160
529 1793
530 535
530 711
530 743
530 956
530 1057
531 695
531 710
531 1297
531 1794
532 762
532 789
532 795
532 1034
532 1127
532 1193
532 1487
533 539
533 582
533 770
533 1053
533 1060
533 1200
533 1235
533 1360
533 1529
534 968
534 1272
534 1291
534 1571
535 796
535 909
535 1263
535 1305
535 1377
535 1801
536 732
536 875
536 1033
536 1308
536 1518
536 1541
536 1650
536 1917
536 1925
537 900
537 1011
537 1032
537 1171
537 1222
537 1365
537 1473
537 1569
537 1653
537 1906
538 590
538 599
538 847
538 993
538 1081
538 1123
538 1314
538 1443
538 1861
538 1978
539 585
539 641
539 1057
539 1163
539 1718
539 1948
540 589
540 875
540 1013
540 1037
540 1063
540 1850
540 1877
541 586
541 778
541 1062
541 1308
541 1376
541 1439
541 1528
541 1574
541 1728
541 1798
541 1917
542 599
542 668
542 956
542 1081
542 1089
542 1130
542 1209
542 1283
542 1596
542 1961
543 699
543 910
543 957
543 1002
543 1394
543 1561
543 1712
544 912
544 1171
544 1339
544 1544
544 1551
545 576
545 1090
545 1845
546 606
546 779
546 798
546 901
546 1243
546 1281
546 1361
546 1457
546 1624
546 1798
547 619
547 751
547 846
547 1062
547 1147
547 1581
547 1701
547 1731
547 1789
548 743
548 760
548 816
548 1091
548 1206
548 1582
548 1842
549 725
549 872
549 918
549 1301
549 1358
549 1596
550 993
550 1119
550 1187
550 1342
550 1395
550 1577
550 1719
550 1726
550 1928
550 1957
551 628
551 701
551 715
551 785
551 914
551 927
551 1093
551 1187
551 1293
552 737
552 845
552 870
552 902
552 1221
552 1301
552 1310
552 1590
553 785
553 1082
553 1593
553 1893
554 624
554 936
554 955
554 1248
554 1490
554 1605
554 1709
554 1786
554 1883
554 1981
555 593
555 594
555 1008
555 1540
555 1696
555 1977
556 585
556 691
556 773
556 1314
556 1595
556 1746
556 1826
556 1885
556 1993
557 674
557 1104
557 1221
557 1312
557 1505
557 1692
557 1804
557 1959
558 666
558 1051
558 1308
558 1359
558 1375
558 1449
558 1945
558 1966
559 633
559 766
559 1119
559 1126
559 1231
559 1238
559 1579
559 1955
560 934
560 985
560 1419
560 1617
560 1721
560 1985
561 573
561 1151
561 1338
561 1577
561 1878
562 706
562 765
562 782
562 855
562 1350
562 1528
562 1556
562 1559
563 813
563 817
563 919
563 1015
563 1035
563 1092
563 1132
563 1431
563 1542
563 1579
563 1580
563 1709
563 1837
563 1936
564 663
564 884
564 1252
564 1619
564 1723
564 1846
565 580
565 739
565 771
565 1182
565 1423
565 1575
565 1703
566 689
566 767
566 1368
566 1542
566 1597
566 1614
566 1857
566 1972
567 1213
567 1366
567 1815
568 848
568 1014
568 1315
568 1561
568 1586
569 688
569 818
569 825
569 1011
569 1535
569 1608
569 1610
569 1779
569 1912
570 793
570 813
570 983
570 1078
570 1091
570 1282
570 1323
570 1608
570 1757
570 1761
571 673
571 782
571 1442
571 1459
571 1551
571 1653
571 1891
571 1959
572 666
572 879
572 956
572 1354
572 1593
572 1608
573 792
573 1228
574 661
574 906
574 938
574 1072
574 1641
574 1774
574 1943
574 1989
575 730
575 819
575 1209
575 1614
575 1687
575 1811
576 638
576 1614
577 613
577 768
577 948
577 1066
577 1147
577 1327
577 1549
577 1938
578 745
578 980
578 1086
578 1206
578 1474
578 1800
578 1911
579 739
579 820
579 907
579 954
579 1033
579 1112
579 1175
579 1362
579 1404
579 1406
579 1502
579 1892
579 1918
580 741
580 819
580 878
580 1113
580 1468
580 1564
580 1837
580 1899
581 1157
581 1178
581 1997
582 624
582 677
582 879
582 897
582 960
582 976
582 1177
582 1280
582 1380
582 1629
583 677
583 699
583 1604
584 658
584 825
584 1450
584 1562
584 1564
585 623
585 668
585 706
585 949
585 1143
585 1292
585 1293
585 1368
586 670
586 955
586 1303
586 1348
586 1559
586 1804
587 742
587 861
587 885
587 1129
587 1227
587 1280
587 1295
587 1371
588 646
588 871
588 941
588 1039
588 1165
588 1166
588 1599
588 1618
588 1669
588 1789
589 1085
589 1169
589 1373
589 1488
589 1588
590 666
590 778
590 862
590 899
590 1301
590 1486
590 1768
590 1842
591 1006
591 1092
591 1109
591 1169
591 1350
591 1378
591 1428
591 1434
591 1472
592 852
592 988
592 1020
592 1440
592 1855
592 1936
592 1985
593 697
593 739
593 982
593 1048
593 1560
593 1675
593 1785
593 1832
593 1847
593 1940
594 669
594 849
594 869
594 1904
595 867
595 1627
595 1896
596 952
596 998
596 1717
597 976
597 1144
597 1362
597 1679
598 1108
598 1312
598 1396
598 1501
598 1590
598 1667
598 1733
598 1818
598 1960
599 604
599 605
599 673
599 1019
599 1165
599 1177
599 1329
599 1404
599 1704
599 1719
599 1929
600 1467
600 1479
600 1873
600 1892
601 858
601 869
601 947
601 998
601 1319
602 960
602 1103
602 1250
602 1930
603 1069
603 1126
603 1227
603 1354
603 1676
603 1766
603 1865
604 737
604 970
604 1008
604 1101
604 1402
604 1407
605 747
605 959
605 1075
605 1246
605 1261
605 1922
606 1723
606 1924
607 660
607 974
607 1006
607 1276
607 1370
607 1379
607 1581
607 1698
608 1149
608 1814
608 1922
608 1991
609 819
609 832
609 842
609 1049
609 1266
609 1569
610 974
610 1015
610 1193
610 1278
610 1397
610 1490
610 1502
610 1527
610 1814
610 1939
611 657
611 1022
611 1524
611 1844
611 1992
612 637
612 687
612 970
612 1064
612 1141
612 1635
612 1660
612 1760
613 1372
613 1847
614 628
614 792
614 1085
614 1157
614 1159
614 1742
615 960
615 1025
615 1576
615 1636
615 1650
616 696
616 924
616 1457
616 1607
616 1642
617 741
617 809
617 864
617 1030
617 1124
617 1288
617 1312
617 1490
617 1597
617 1608
617 1675
617 1950
618 771
618 798
618 1126
618 1865
618 1949
619 772
619 1409
619 1441
619 1638
620 635
620 641
620 1192
620 1203
620 1255
620 1370
620 1536
620 1635
621 830
621 929
621 1058
621 1519
621 1953
622 926
622 1118
622 1578
622 1685
622 1751
622 1837
622 1841
623 774
623 803
623 887
623 992
623 1002
623 1286
623 1538
623 1612
623 1772
623 1814
624 747
624 815
624 829
624 873
624 1224
624 1274
624 1448
624 1478
624 1552
624 1569
624 1971
625 823
625 1100
625 1296
625 1347
625 1358
625 1384
625 1572
625 1577
625 1966
626 708
626 805
626 944
626 1117
626 1779
627 985
627 1156
627 1352
627 1536
627 1815
628 1104
628 1187
628 1657
628 1688
629 1101
629 1196
629 1377
629 1971
630 664
630 1066
630 1156
630 1407
630 1466
631 885
631 969
631 1047
631 1375
631 1415
631 1645
631 1691
631 1814
632 958
632 1194
632 1278
632 1840
633 1170
633 1324
633 1400
633 1450
634 891
634 1226
634 1277
634 1317
634 1560
634 1577
634 1618
634 1818
634 1835
634 1934
635 659
635 945
635 1188
635 1243
635 1544
635 1872
635 1982
636 788
636 1343
636 1613
636 1786
636 1910
637 749
637 830
637 1050
637 1165
637 1177
637 1361
637 1721
637 1894
638 731
638 812
638 1180
639 666
639 727
639 1013
639 1056
639 1058
639 1155
639 1173
639 1466
639 1539
639 1593
639 1684
639 1730
640 938
640 968
640 1388
640 1503
640 1604
640 1621
641 686
641 756
641 914
641 1223
641 1410
641 1814
642 1010
642 1242
642 1414
642 1739
642 1794
642 1973
643 757
643 905
643 1126
643 1466
643 1897
644 698
644 708
644 1012
644 1014
644 1066
644 1067
644 1093
644 1427
644 1451
644 1500
644 1623
644 1658
644 1775
645 646
645 682
645 691
645 732
645 846
645 857
645 960
645 1224
645 1503
645 1532
645 1663
645 1890
646 1379
646 1382
646 1977
646 1981
646 1991
647 690
647 734
647 951
647 1447
647 1656
647 1728
648 928
648 985
648 1145
648 1334
648 1358
648 1443
648 1539
648 1722
648 1999
649 723
649 730
649 1301
649 1551
649 1908
649 1965
650 1019
650 1023
650 1075
650 1371
650 1739
650 1813
650 1969
651 748
651 1094
651 1148
651 1231
651 1754
652 735
652 1041
652 1416
652 1483
652 1610
652 1646
652 1906
653 667
653 807
653 1328
653 1397
653 1427
653 1430
653 1517
653 1664
653 1980
654 1162
654 1231
654 1257
654 1462
654 1711
654 1761
654 1821
654 1917
654 1946
654 1995
655 768
655 782
655 851
655 1172
655 1293
655 1403
655 1454
655 1512
655 1722
655 1807
655 1858
656 700
656 902
656 1022
656 1496
656 1636
656 1934
656 1940
656 1941
657 755
657 864
657 1093
657 1503
657 1761
657 1905
658 982
658 1368
658 1483
658 1523
658 1544
658 1579
658 1830
659 838
659 949
659 969
659 1334
659 1553
659 1785
659 1983
660 1047
661 740
661 772
661 843
661 1167
661 1210
661 1616
661 1732
661 1801
662 717
662 797
662 980
662 1156
662 1241
662 1429
663 677
663 732
663 887
663 1019
663 1238
663 1498
663 1544
663 1626
664 853
664 861
664 979
664 1038
664 1158
664 1295
664 1321
664 1511
664 1682
664 1804
664 1831
665 785
665 974
665 991
665 1473
665 1505
665 1601
665 1666
665 1674
666 806
666 842
666 962
666 1137
666 1222
666 1259
666 1443
666 1519
666 1798
666 1804
666 1893
667 728
667 951
667 1154
667 1209
667 1231
667 1281
667 1367
667 1435
667 1505
667 1729
667 1882
667 1916
668 842
668 1379
668 1385
668 1830
669 726
669 1027
669 1088
669 1145
669 1372
669 1578
670 719
670 897
670 1045
670 1080
670 1167
670 1348
670 1422
670 1486
670 1781
670 1945
670 1969
671 681
671 720
671 742
671 1271
671 1500
671 1589
671 1726
671 1824
672 1194
672 1259
672 1280
672 1387
672 1470
672 1826
673 852
673 1426
673 1624
673 1648
673 1792
674 864
674 898
674 1213
674 1396
674 1405
674 1426
674 1477
674 1484
674 1731
674 1767
674 1997
675 963
675 1149
675 1401
675 1512
675 1713
675 1891
676 876
676 885
676 975
676 1409
676 1620
676 1789
676 1973
677 1351
677 1726
677 1760
678 775
678 836
678 842
678 911
678 1097
678 1180
678 1189
678 1416
678 1465
678 1790
679 699
679 796
679 898
679 1089
679 1238
679 1681
680 826
680 1284
680 1286
680 1733
680 1778
681 841
681 864
681 1006
681 1058
681 1118
681 1663
682 784
682 872
682 973
682 1498
682 1546
682 1590
682 1757
682 1894
683 712
683 963
683 1330
683 1535
683 1810
683 1870
683 1917
683 1958
684 755
684 847
684 972
684 1014
684 1068
684 1581
684 1768
684 1789
684 1850
684 1985
685 910
685 1065
685 1293
685 1597
685 1977
686 720
686 957
686 1022
686 1448
686 1572
686 1630
686 1914
686 1946
687 889
687 934
687 1170
687 1649
688 758
688 849
688 879
688 1012
688 1296
688 1373
688 1668
688 1847
689 868
689 1299
689 1667
689 1797
690 760
690 825
690 909
690 1049
690 1121
690 1164
690 1239
690 1616
690 1649
690 1719
690 1838
691 921
691 1491
691 1740
692 728
692 734
692 852
692 1153
692 1226
692 1464
692 1671
692 1754
693 1974
694 717
694 757
694 1062
694 1123
694 1422
694 1440
694 1482
694 1512
694 1970
695 1448
695 1820
696 921
696 982
696 1188
696 1284
696 1461
696 1469
696 1814
696 1845
696 1882
696 1889
696 1986
697 1055
697 1185
698 741
698 826
698 954
698 984
698 1099
698 1344
698 1559
698 1656
698 1847
698 1964
699 816
699 937
699 1036
699 1807
700 966
700 1423
700 1435
700 1643
700 1982
701 785
701 1286
701 1306
701 1532
701 1632
701 1969
702 868
702 901
702 1195
702 1583
702 1884
703 833
703 851
703 1153
704 777
704 790
704 868
704 1094
704 1263
704 1295
704 1625
704 1954
705 894
705 1069
705 1131
705 1341
705 1729
706 790
706 978
706 1224
706 1470
706 1508
706 1976
706 1978
707 715
707 1121
707 1192
707 1514
707 1546
707 1917
708 993
708 1008
708 1035
708 1079
708 1094
708 1096
708 1115
708 1156
708 1585
708 1784
708 1992
709 775
709 928
709 975
709 986
709 1073
709 1129
709 1278
709 1279
709 1465
709 1906
710 1063
710 1510
711 746
711 848
711 866
711 1247
711 1515
712 722
712 1001
712 1216
712 1446
712 1793
713 792
713 1078
713 1094
713 1338
713 1709
713 1789
713 1817
713 1990
714 832
714 1394
714 1423
714 1601
714 1706
714 1708
714 1851
715 860
715 1312
715 1348
715 1364
715 1409
715 1767
716 1136
716 1809
717 857
717 940
717 999
717 1013
717 1379
717 1880
717 1902
718 741
718 1124
718 1421
718 1445
718 1485
718 1596
718 1812
718 1864
718 1887
719 754
719 896
719 1150
719 1208
719 1314
719 1319
719 1406
719 1568
719 1608
719 1703
719 1824
720 787
720 817
720 878
720 982
720 1112
720 1156
720 1528
720 1545
720 1758
720 1889
721 921
721 990
721 1142
721 1171
721 1830
722 755
722 1121
722 1293
722 1725
723 764
723 804
723 1066
723 1271
724 745
724 781
724 1322
724 1615
724 1663
724 1760
725 998
725 1135
725 1528
726 1184
726 1235
726 1486
726 1579
727 800
727 1012
727 1052
727 1195
727 1291
727 1415
727 1886
728 840
728 1610
728 1864
729 916
729 1016
729 1019
729 1024
729 1164
730 824
730 846
730 911
730 995
730 1118
730 1193
730 1466
730 1709
730 1931
731 1068
731 1182
731 1238
731 1268
731 1342
731 1358
731 1569
731 1582
731 1701
731 1824
731 1948
732 1019
732 1149
732 1239
732 1416
732 1735
732 1781
733 812
733 934
733 1258
733 1292
733 1613
733 1859
733 1916
734 897
734 1000
734 1038
734 1232
734 1839
735 964
735 1022
735 1176
735 1203
735 1385
735 1514
735 1642
735 1851
735 1950
735 1996
736 764
736 923
736 1028
736 1035
736 1254
736 1289
736 1295
736 1755
736 1873
737 763
737 973
737 978
737 1271
737 1750
738 897
738 994
738 1357
738 1664
738 1673
738 1727
738 1889
738 1966
739 798
739 874
739 1017
740 809
740 1735
741 743
741 750
741 776
741 1068
741 1197
741 1249
741 1349
741 1592
741 1757
741 1992
742 847
742 1178
742 1449
742 1678
742 1850
743 780
743 1274
744 754
744 821
744 836
744 1119
744 1187
744 1321
744 1372
744 1847
744 1973
745 1640
745 1791
745 1972
745 1997
746 975
746 1205
746 1509
746 1556
746 1560
746 1678
746 1862
746 1949
746 1967
747 1112
747 1183
747 1592
747 1804
747 1975
748 758
748 962
748 980
748 1968
749 935
749 1050
749 1238
749 1316
749 1459
749 1555
749 1708
749 1714
749 1848
750 1036
750 1174
750 1198
750 1848
751 969
751 1202
751 1274
751 1299
751 1329
751 1725
752 812
752 998
752 1361
752 1477
752 1536
752 1558
752 1769
752 1895
753 853
753 906
753 926
753 1476
753 1575
753 1577
753 1911
754 911
754 1286
754 1927
755 1075
755 1103
755 1106
755 1129
755 1348
755 1677
756 912
756 981
756 1251
756 1265
756 1414
756 1482
757 929
758 1053
758 1162
758 1232
758 1250
758 1711
758 1877
758 1891
758 1917
759 885
759 1434
759 1588
759 1595
759 1880
759 1953
759 1979
760 779
760 893
760 1427
760 1516
760 1539
760 1702
761 868
761 1049
761 1060
761 1502
761 1672
761 1984
762 1604
762 1672
762 1995
763 769
763 841
763 1084
763 1398
763 1563
764 852
764 937
764 1162
764 1251
764 1348
764 1548
764 1884
764 1979
765 1284
765 1418
765 1494
765 1974
766 891
766 1354
766 1630
766 1665
766 1680
766 1856
766 1860
766 1872
767 1042
767 1590
768 1328
768 1555
768 1611
768 1696
768 1911
769 1083
769 1111
769 1114
769 1121
769 1298
769 1439
769 1508
770 1266
770 1409
770 1431
770 1537
770 1555
770 1582
770 1685
770 1727
770 1753
771 834
771 901
771 1185
771 1313
771 1736
771 1785
771 1934
772 854
772 968
772 1164
772 1239
772 1370
772 1771
773 778
773 1005
773 1097
773 1399
773 1482
773 1756
773 1872
774 837
774 840
774 1077
774 1199
774 1302
774 1440
774 1537
774 1598
774 1635
774 1723
774 1740
774 1833
774 1937
774 1940
775 825
775 945
775 968
775 1193
775 1396
776 1050
776 1159
776 1241
776 1356
776 1860
777 1132
777 1269
777 1626
777 1761
778 793
778 850
778 1060
778 1623
779 837
779 874
779 941
779 1124
779 1475
780 945
780 1412
780 1539
780 1621
780 1758
780 1976
781 795
781 835
781 931
781 1234
781 1285
781 1328
781 1824
782 1170
782 1204
782 1247
782 1450
782 1483
782 1800
782 1989
783 832
783 1294
783 1829
783 1913
784 1037
784 1284
784 1372
784 1851
785 1037
785 1071
785 1234
785 1646
785 1759
786 857
786 1046
786 1109
786 1152
786 1337
786 1761
786 1820
787 873
787 982
787 1097
787 1108
787 1258
787 1375
787 1650
787 1819
788 933
788 953
788 1366
788 1426
788 1524
788 1673
788 1825
789 1188
789 1965
790 1100
790 1107
790 1144
790 1357
790 1499
790 1623
790 1827
790 1883
791 810
791 1193
791 1373
791 1487
791 1546
791 1560
792 1130
792 1338
792 1408
792 1425
792 1637
792 1762
792 1935
793 954
793 1281
793 1299
793 1325
793 1517
793 1565
793 1836
793 1920
794 918
794 1030
794 1224
794 1992
795 1115
795 1521
795 1676
795 1949
796 1257
796 1549
796 1577
796 1801
796 1931
796 1974
797 1662
797 1914
797 1963
798 1163
798 1540
798 1627
798 1719
799 821
799 833
799 954
799 955
799 1118
799 1190
799 1315
799 1339
799 1599
799 1974
800 815
800 1077
800 1186
800 1205
800 1279
800 1408
800 1448
800 1472
800 1763
800 1892
800 1919
801 979
801 1145
801 1391
801 1625
801 1668
801 1810
801 1904
801 1951
802 1116
802 1204
802 1589
802 1598
802 1621
802 1707
802 1721
802 1843
803 896
803 980
803 1395
803 1445
803 1630
803 1811
803 1854
803 1901
804 990
804 1267
804 1453
804 1876
805 930
805 980
805 1057
805 1175
805 1616
806 1724
806 1805
806 1964
806 1992
807 1443
807 1803
808 838
808 956
808 1056
808 1386
808 1797
808 1803
809 862
809 1136
809 1731
809 1802
809 1868
810 973
810 1414
810 1709
810 1717
810 1810
810 1821
810 1963
811 829
811 1215
811 1350
811 1413
811 1768
811 1835
811 1880
811 1926
812 853
812 1065
812 1372
812 1398
812 1454
812 1549
812 1940
812 1946
813 855
813 882
813 891
813 936
813 1401
813 1464
813 1630
813 1674
814 1093
814 1603
814 1972
815 853
815 924
815 1188
815 1703
815 1956
816 816
816 842
816 1055
816 1651
816 1826
816 1911
817 1054
817 1158
817 1160
817 1344
817 1645
817 1899
817 1920
818 879
818 1176
818 1517
818 1606
818 1877
819 877
819 984
819 1278
819 1321
819 1368
819 1872
819 1887
819 1895
820 982
820 1123
820 1166
821 1793
821 1798
822 935
822 1421
823 917
823 1200
823 1464
823 1556
823 1925
824 838
824 922
824 1044
824 1059
824 1084
824 1191
824 1608
824 1878
825 835
825 891
825 925
825 1649
825 1850
826 849
826 1016
826 1160
826 1269
826 1388
826 1771
826 1837
826 1939
827 846
827 928
827 958
827 1050
827 1391
827 1398
827 1717
827 1896
828 1096
828 1159
828 1313
828 1707
829 936
829 975
829 1195
829 1554
829 1660
829 1939
830 1358
830 1516
830 1753
830 1792
831 1123
831 1450
831 1499
831 1698
831 1701
831 1973
832 896
832 998
832 1019
832 1150
833 895
833 1051
833 1066
833 1284
833 1346
833 1435
833 1532
833 1845
833 1923
833 1939
834 834
834 1125
834 1278
834 1305
834 1312
834 1597
834 1741
834 1814
834 1883
834 1970
835 980
835 1394
835 1703
835 1721
835 1944
836 1115
836 1149
836 1507
836 1663
836 1666
836 1707
836 1813
836 1820
836 1858
836 1895
837 882
837 1121
837 1129
837 1354
838 1061
838 1156
838 1622
838 1681
838 1810
839 1176
839 1755
839 1854
839 1961
840 934
840 1336
840 1370
840 1852
840 1918
841 1027
841 1208
841 1502
841 1580
842 927
842 1113
842 1263
842 1529
842 1917
842 1935
843 952
843 1152
843 1411
843 1582
843 1602
843 1728
843 1790
843 1839
843 1964
844 1253
844 1370
844 1646
844 1974
845 972
845 1153
845 1193
845 1327
845 1501
845 1567
845 1581
845 1605
845 1870
846 863
846 933
846 962
846 1013
846 1889
846 1975
847 889
847 1257
847 1389
847 1902
848 1116
848 1123
848 1328
848 1332
848 1384
848 1406
849 1007
849 1213
850 1056
850 1317
850 1476
850 1784
850 1948
851 923
851 999
851 1015
851 1229
851 1310
851 1636
851 1743
851 1872
851 1900
851 1903
852 1982
853 1008
853 1104
853 1155
853 1169
853 1173
853 1275
853 1654
853 1713
854 1060
854 1144
854 1845
854 1883
854 1885
855 874
855 1099
855 1109
855 1310
855 1377
855 1439
855 1651
855 1806
856 869
856 1021
856 1625
856 1900
856 1969
857 879
857 1118
857 1146
857 1149
857 1385
857 1446
857 1830
858 858
858 932
858 997
858 1040
858 1549
858 1590
858 1887
859 943
859 1114
859 1211
859 1232
859 1318
859 1383
859 1504
859 1748
859 1792
859 1836
859 1852
860 1023
860 1150
860 1275
860 1375
860 1530
860 1760
861 926
861 1031
861 1079
861 1458
861 1994
862 1065
862 1222
862 1726
862 1812
863 913
863 1189
863 1206
864 1247
864 1313
864 1529
864 1643
864 1687
864 1949
865 1075
865 1327
866 954
866 1079
866 1086
866 1105
866 1285
866 1499
866 1874
866 1893
866 1927
866 1966
867 971
867 1041
867 1192
867 1329
867 1401
867 1548
867 1577
867 1645
867 1693
867 1847
867 1888
868 888
868 1164
868 1805
868 1896
869 919
869 1005
869 1382
869 1402
869 1741
869 1948
870 1154
870 1202
870 1244
870 1525
870 1586
870 1722
871 1067
871 1425
871 1487
871 1831
871 1902
871 1913
871 1968
871 1983
872 1488
872 1613
872 1737
872 1892
872 1955
873 989
873 1039
873 1040
873 1124
873 1443
874 1230
874 1880
875 1338
875 1685
875 1759
875 1761
875 1802
876 1359
876 1394
876 1907
876 1924
876 1969
877 1034
877 1046
877 1879
878 915
878 1757
878 1766
879 887
879 1147
879 1589
879 1678
879 1736
879 1907
880 1065
880 1336
880 1562
880 1599
880 1669
881 1148
881 1559
881 1660
881 1737
881 1754
882 1114
882 1399
882 1640
882 1740
883 1444
883 1928
884 1015
884 1190
884 1502
884 1524
884 1655
884 1866
885 958
885 1185
885 1486
885 1622
885 1770
885 1870
886 949
886 1127
886 1392
886 1524
886 1612
886 1994
887 948
887 1153
887 1172
887 1430
887 1514
887 1645
887 1687
887 1946
888 1294
888 1402
888 1559
888 1683
888 1731
889 934
889 1632
889 1691
890 1826
890 1942
891 902
891 934
891 1293
891 1770
891 1822
892 956
892 1152
892 1341
892 1432
892 1604
892 1635
892 1913
893 1142
894 901
894 911
894 935
894 1018
894 1080
894 1529
894 1639
894 1733
894 1993
895 1430
895 1727
896 959
896 1363
896 1938
896 1961
897 1688
897 1833
898 924
898 968
898 1429
899 911
899 958
899 1520
899 1618
899 1759
899 1827
900 940
900 1590
900 1990
901 1362
901 1464
902 1088
902 1170
902 1218
902 1629
902 1659
903 1153
903 1162
903 1284
903 1822
904 1003
904 1189
904 1299
904 1437
905 1006
905 1019
905 1212
905 1240
905 1243
905 1495
905 1662
905 1955
905 1983
906 993
906 1235
906 1448
906 1753
906 1870
906 1898
906 1901
907 1338
907 1434
907 1499
908 1140
908 1459
908 1587
908 1626
908 1749
908 1787
908 1938
909 962
909 1262
910 1450
910 1554
910 1622
911 1115
911 1218
911 1476
911 1711
912 1234
912 1481
912 1691
913 1004
913 1183
913 1631
913 1876
914 1081
914 1418
914 1521
914 1949
914 1998
915 1250
915 1722
915 1983
916 1062
916 1097
916 1147
916 1366
916 1587
916 1684
917 930
917 1095
917 1168
917 1351
917 1666
917 1686
917 1757
917 1832
917 1919
918 928
918 1032
918 1376
918 1459
918 1524
918 1533
919 922
919 928
919 1064
919 1546
919 1695
919 1756
919 1840
920 955
920 1096
920 1441
920 1513
920 1883
921 1128
921 1180
921 1780
922 959
922 1110
922 1585
922 1849
923 1010
923 1222
923 1505
923 1575
923 1591
923 1761
923 1821
924 1511
924 1714
924 1899
924 1968
924 1993
925 1110
925 1330
925 1367
925 1486
926 1123
926 1198
926 1529
926 1533
926 1794
926 1898
927 1072
927 1074
927 1156
927 1198
927 1733
927 1773
928 969
928 995
928 1130
928 1588
928 1812
929 1006
929 1025
929 1428
929 1528
929 1650
929 1676
930 1004
930 1218
930 1666
930 1723
930 1838
930 1881
931 959
931 1020
932 1117
932 1342
932 1459
932 1882
933 1577
933 1874
933 1994
934 976
934 1212
934 1234
934 1271
934 1272
934 1355
934 1455
934 1635
935 1225
935 1233
935 1240
935 1273
935 1620
935 1792
935 1952
935 1999
936 1390
936 1674
936 1754
936 1762
937 1175
937 1451
937 1582
937 1796
937 1922
938 955
938 1154
938 1988
938 1998
939 1044
939 1524
939 1612
939 1812
939 1873
940 1046
940 1711
941 1485
941 1720
941 1757
941 1829
942 1177
942 1568
943 967
943 1014
943 1215
943 1249
943 1400
944 1014
944 1238
944 1686
944 1883
945 961
945 1132
945 1413
945 1727
945 1935
946 966
946 1108
946 1217
946 1406
946 1761
947 992
947 1288
947 1316
947 1319
947 1818
947 1854
947 1905
947 1965
948 1196
948 1202
948 1734
949 984
949 1810
950 1125
950 1624
950 1895
951 1396
951 1412
951 1414
951 1677
952 980
952 1206
952 1340
952 1440
952 1815
953 1217
953 1316
953 1444
953 1609
953 1709
953 1729
953 1761
953 1819
953 1842
953 1864
954 1004
954 1906
955 1286
955 1576
955 1906
956 1039
956 1142
956 1479
956 1506
956 1509
956 1783
956 1890
956 1908
957 972
957 1119
957 1233
957 1492
957 1588
957 1906
958 1083
958 1291
958 1374
958 1462
958 1482
958 1625
958 1681
959 1802
959 1830
959 1923
959 1924
960 1075
960 1338
960 1406
960 1545
960 1628
960 1721
960 1897
961 1564
961 1701
961 1702
961 1929
962 1031
962 1053
962 1119
962 1164
962 1549
962 1598
962 1640
962 1676
963 1316
963 1653
964 1176
964 1243
964 1403
964 1481
964 1571
964 1637
964 1800
965 1019
965 1422
965 1662
965 1887
965 1962
966 1112
966 1446
966 1626
966 1737
967 996
967 1048
967 1266
967 1575
967 1954
968 1215
968 1652
968 1805
969 975
969 1423
969 1442
969 1952
970 1028
970 1070
970 1133
970 1477
970 1684
970 1929
971 1964
972 1646
972 1863
973 1069
973 1147
973 1421
973 1454
974 1155
974 1963
975 1252
975 1407
975 1508
975 1715
975 1755
976 1205
976 1376
976 1507
976 1755
977 1125
977 1348
977 1655
977 1737
977 1980
978 1629
979 996
979 1526
979 1732
980 1068
980 1271
980 1276
980 1908
980 1934
980 1977
981 1434
981 1675
981 1910
982 1121
982 1254
982 1546
982 1665
983 1557
983 1730
983 1748
983 1752
984 1236
984 1431
984 1604
985 1086
985 1223
985 1316
985 1707
985 1770
985 1805
985 1856
985 1874
986 1775
986 1876
987 1095
987 1102
987 1123
987 1174
987 1180
987 1282
987 1290
987 1848
988 1283
988 1358
988 1669
988 1737
989 999
989 1156
989 1419
989 1711
989 1769
989 1844
990 1018
990 1154
990 1337
990 1617
990 1781
990 1793
990 1809
990 1812
990 1893
990 1984
991 1044
991 1394
991 1499
991 1536
991 1592
991 1768
991 1905
992 1522
992 1531
992 1725
992 1975
993 1774
993 1811
993 1877
994 1387
994 1659
994 1660
994 1841
994 1972
995 1110
995 1197
995 1236
995 1263
996 1199
997 1048
997 1561
997 1574
997 1605
997 1613
997 1932
998 1098
998 1263
998 1743
999 1439
999 1498
999 1514
999 1515
999 1571
999 1607
999 1860
999 1915
999 1958
1000 1376
1000 1643
1000 1760
1000 1762
1000 1947
1001 1941
1002 1092
1002 1458
1002 1864
1003 1431
1003 1764
1004 1102
1004 1164
1004 1474
1004 1616
1004 1677
1004 1768
1004 1963
1005 1462
1005 1545
1005 1624
1005 1850
1006 1024
1006 1085
1006 1317
1007 1142
1007 1734
1007 1941
1008 1020
1008 1293
1008 1463
1008 1757
1008 1803
1008 1882
1009 1041
1009 1048
1009 1459
1009 1531
1009 1823
1009 1944
1009 1963
1010 1020
1010 1023
1010 1122
1010 1261
1010 1551
1010 1639
1010 1811
1010 1827
1011 1039
1011 1284
1011 1533
1011 1817
1012 1809
1012 1865
1013 1459
1013 1493
1013 1663
1013 1824
1013 1998
1014 1133
1014 1195
1014 1277
1014 1279
1014 1554
1015 1048
1015 1182
1015 1436
1015 1801
1016 1233
1016 1270
1016 1320
1016 1601
1017 1200
1017 1373
1018 1163
1018 1201
1018 1211
1018 1327
1018 1401
1018 1567
1019 1285
1019 1439
1019 1607
1019 1682
1019 1979
1020 1277
1020 1508
1020 1649
1020 1811
1020 1837
1021 1147
1021 1293
1021 1479
1021 1595
1021 1827
1022 1053
1022 1390
1022 1403
1022 1439
1022 1552
1022 1613
1022 1640
1022 1642
1023 1060
1023 1667
1023 1771
1023 1823
1023 1868
1023 1923
1024 1324
1024 1716
1024 1904
1024 1947
1025 1051
1025 1140
1025 1806
1026 1715
1027 1083
1027 1601
1027 1961
1028 1613
1028 1817
1029 1481
1029 1845
1030 1139
1030 1161
1030 1207
1030 1266
1030 1465
1030 1744
1030 1761
1030 1943
1030 1973
1030 1984
1031 1690
1031 1770
1031 1929
1032 1044
1032 1328
1032 1626
1032 1899
1032 1903
1033 1169
1033 1176
1033 1183
1033 1296
1033 1437
1033 1469
1033 1503
1033 1585
1033 1632
1033 1691
1034 1216
1034 1232
1034 1702
1035 1103
1035 1122
1035 1538
1035 1639
1035 1794
1035 1845
1035 1901
1036 1192
1037 1164
1037 1272
1038 1323
1039 1078
1039 1310
1039 1335
1039 1349
1039 1652
1039 1773
1039 1814
1040 1306
1040 1350
1040 1356
1041 1350
1041 1627
1042 1150
1042 1163
1042 1520
1042 1536
1042 1951
1043 1102
1043 1112
1043 1293
1043 1322
1043 1569
1043 1649
1043 1682
1043 1998
1044 1107
1044 1359
1044 1377
1044 1459
1044 1942
1045 1081
1045 1396
1045 1433
1045 1962
1046 1057
1046 1069
1046 1262
1046 1277
1046 1348
1046 1592
1046 1647
1047 1243
1047 1664
1047 1782
1047 1946
1048 1394
1048 1601
1048 1752
1049 1348
1049 1819
1050 1439
1050 1543
1050 1564
1050 1593
1050 1760
1051 1385
1051 1593
1051 1890
1051 1914
1051 1994
1053 1373
1053 1379
1053 1902
1054 1279
1054 1461
1054 1528
1054 1661
1054 1768
1054 1820
1054 1921
1055 1060
1055 1416
1055 1436
1055 1812
1055 1928
1056 1391
1056 1492
1056 1774
1056 1778
1056 1872
1056 1999
1058 1280
1058 1331
1058 1347
1058 1542
1059 1198
1059 1313
1059 1485
1060 1171
1060 1793
1061 1592
1061 1999
1062 1067
1062 1586
1062 1627
1062 1661
1062 1665
1062 1908
1063 1524
1063 1543
1063 1578
1063 1595
1063 1601
1064 1111
1064 1238
1064 1904
1064 1921
1064 1987
1065 1065
1065 1196
1065 1247
1065 1265
1065 1368
1065 1461
1065 1678
1065 1945
1066 1192
1066 1232
1066 1391
1066 1461
1066 1705
1066 1713
1066 1842
1066 1974
1067 1194
1067 1219
1067 1508
1067 1710
1067 1764
1068 1110
1068 1217
1068 1266
1068 1445
1068 1698
1068 1823
1068 1829
1069 1099
1069 1299
1069 1320
1069 1393
1069 1669
1069 1700
1069 1963
1070 1073
1070 1264
1070 1721
1071 1098
1071 1346
1071 1558
1071 1591
1072 1661
1072 1803
1073 1281
1073 1329
1073 1375
1073 1637
1073 1852
1074 1113
1074 1436
1074 1759
1075 1519
1075 1618
1075 1846
1076 1174
1076 1297
1076 1361
1076 1655
1077 1080
1077 1119
1077 1403
1077 1412
1077 1548
1077 1593
1078 1679
1078 1764
1079 1193
1079 1388
1079 1651
1079 1724
1079 1803
1079 1814
1080 1176
1080 1236
1080 1382
1080 1546
1080 1630
1080 1745
1080 1942
1081 1531
1081 1563
1081 1603
1081 1670
1081 1788
1081 1959
1081 1987
1081 1990
1082 1462
1082 1508
1082 1828
1083 1154
1083 1189
1083 1355
1083 1492
1083 1712
1084 1094
1084 1185
1084 1300
1084 1888
1085 1138
1085 1772
1085 1798
1085 1813
1086 1266
1086 1323
1086 1357
1086 1469
1086 1824
1086 1935
1087 1150
1087 1348
1087 1375
1088 1148
1088 1298
1088 1299
1088 1548
1088 1968
1089 1669
1089 1967
1090 1181
1090 1319
1090 1599
1090 1924
1091 1622
1091 1720
1091 1882
1091 1896
1091 1988
1092 1286
1092 1638
1092 1756
1093 1093
1093 1169
1093 1355
1093 1630
1093 1669
1093 1864
1094 1169
1094 1239
1094 1790
1094 1823
1095 1245
1095 1265
1095 1294
1095 1329
1095 1713
1095 1970
1096 1423
1096 1836
1097 1526
1097 1638
1097 1798
1098 1228
1098 1450
1099 1292
1099 1415
1099 1615
1099 1756
1099 1935
1099 1973
1100 1264
1100 1515
1100 1681
1100 1866
1101 1124
1101 1517
1102 1389
1102 1508
1102 1578
1102 1607
1102 1702
1102 1739
1103 1230
1103 1350
1103 1603
1103 1673
1103 1746
1103 1763
1103 1765
1103 1998
1104 1256
1104 1331
1104 1375
1104 1519
1104 1591
1105 1501
1105 1558
1106 1475
1107 1239
1107 1284
1107 1656
1108 1176
1108 1618
1108 1620
1108 1804
1109 1468
1109 1870
1110 1450
1110 1520
1111 1222
1111 1295
1111 1374
1111 1445
1111 1865
1112 1916
1113 1567
1113 1642
1114 1758
1114 1954
1115 1185
1116 1756
1116 1847
1117 1266
1117 1359
1117 1506
1117 1764
1117 1791
1118 1158
1118 1251
1118 1595
1118 1926
1118 1963
1119 1179
1119 1356
1119 1491
1119 1605
1119 1705
1119 1945
1120 1304
1120 1329
1120 1404
1120 1600
1120 1921
1121 1195
1121 1620
1121 1637
1121 1949
1122 1172
1122 1200
1122 1203
1122 1377
1122 1480
1122 1732
1122 1794
1122 1884
1123 1235
1123 1314
1123 1368
1123 1479
1123 1789
1123 1883
1124 1458
1124 1506
1125 1277
1125 1465
1125 1565
1125 1821
1126 1145
1126 1769
1126 1900
1126 1922
1127 1190
1127 1231
1127 1366
1127 1622
1127 1806
1128 1186
1128 1264
1128 1464
1128 1717
1128 1763
1129 1619
1130 1493
1130 1693
1130 1990
1131 1543
1131 1803
1132 1200
1132 1220
1132 1253
1132 1360
1132 1616
1132 1684
1133 1648
1133 1935
1133 1994
1134 1181
1134 1193
1134 1270
1134 1609
1135 1251
1135 1336
1136 1765
1136 1989
1137 1157
1137 1530
1137 1711
1137 1720
1137 1775
1137 1790
1137 1836
1137 1997
1138 1239
1138 1368
1138 1546
1138 1644
1138 1919
1139 1148
1139 1165
1139 1256
1139 1377
1139 1576
1139 1823
1140 1229
1140 1342
1140 1883
1140 1946
1141 1228
1141 1509
1141 1761
1141 1782
1141 1861
1142 1526
1142 1726
1142 1938
1143 1219
1143 1587
1144 1324
1144 1590
1144 1598
1144 1962
1144 1995
1145 1392
1145 1757
1145 1802
1146 1399
1146 1727
1146 1749
1146 1858
1147 1425
1147 1430
1147 1681
1148 1217
1148 1230
1148 1255
1148 1375
1148 1539
1149 1778
1150 1201
1150 1404
1150 1704
1150 1749
1150 1768
1150 1785
1150 1810
1150 1983
1151 1242
1151 1351
1151 1422
1151 1681
1151 1996
1152 1274
1152 1289
1152 1641
1152 1727
1152 1941
1152 1987
1153 1451
1153 1519
1153 1566
1153 1598
1153 1634
1154 1166
1154 1182
1154 1280
1154 1588
1154 1881
1154 1949
1155 1215
1155 1253
1155 1471
1155 1509
1155 1537
1155 1878
1156 1198
1157 1463
1157 1474
1158 1215
1158 1744
1159 1314
1160 1227
1160 1560
1160 1757
1160 1790
1161 1161
1161 1766
1162 1210
1162 1636
1162 1649
1162 1927
1163 1333
1163 1375
1163 1508
1163 1697
1163 1927
1164 1300
1164 1347
1164 1603
1164 1640
1164 1653
1164 1949
1165 1298
1165 1438
1165 1588
1166 1226
1166 1295
1166 1439
1166 1620
1166 1758
1167 1269
1167 1461
1167 1534
1167 1946
1167 1983
1168 1235
1168 1464
1169 1286
1169 1430
1169 1705
1170 1222
1170 1266
1170 1271
1170 1396
1170 1634
1170 1783
1170 1885
1170 1965
1171 1471
1171 1525
1172 1193
1172 1231
1172 1308
1172 1418
1172 1563
1172 1875
1173 1256
1173 1347
1173 1352
1173 1385
1173 1437
1173 1567
1173 1882
1174 1375
1175 1776
1175 1816
1175 1832
1176 1757
1177 1272
1177 1308
1177 1562
1177 1583
1177 1722
1177 1897
1178 1342
1178 1547
1179 1275
1179 1284
1180 1357
1180 1375
1180 1539
1180 1692
1180 1898
1181 1554
1181 1812
1181 1844
1182 1635
1182 1879
1182 1892
1183 1318
1183 1412
1183 1704
1183 1898
1183 1902
1184 1269
1184 1310
1184 1549
1185 1393
1185 1433
1185 1479
1185 1752
1186 1297
1186 1738
1186 1965
1187 1202
1187 1206
1187 1253
1187 1717
1187 1845
1188 1293
1188 1608
1188 1777
1188 1820
1188 1831
1188 1919
1189 1205
1189 1320
1189 1511
1189 1574
1189 1803
1190 1353
1191 1280
1192 1227
1192 1231
1192 1264
1192 1316
1192 1390
1192 1848
1193 1254
1193 1604
1193 1670
1193 1884
1194 1304
1194 1311
1194 1840
1195 1437
1195 1474
1195 1619
1195 1844
1196 1272
1196 1426
1196 1657
1196 1826
1196 1834
1196 1905
1197 1284
1197 1424
1197 1457
1197 1503
1197 1612
1197 1629
1197 1686
1197 1769
1198 1243
1199 1208
1199 1744
1200 1251
1200 1571
1200 1715
1200 1736
1201 1282
1202 1419
1202 1484
1202 1689
1202 1780
1202 1844
1202 1893
1203 1414
1203 1747
1204 1237
1204 1421
1204 1551
1204 1776
1205 1289
1205 1510
1205 1619
1205 1695
1206 1958
1207 1301
1207 1342
1207 1742
1208 1508
1208 1685
1208 1820
1209 1258
1209 1367
1209 1523
1209 1654
1210 1307
1211 1877
1212 1960
1213 1251
1213 1919
1214 1595
1215 1417
1215 1778
1216 1572
1216 1641
1216 1756
1216 1820
1217 1282
1217 1558
1217 1582
1217 1703
1218 1700
1218 1757
1219 1408
1219 1597
1219 1626
1219 1878
1221 1388
1221 1390
1221 1607
1221 1683
1221 1713
1222 1494
1222 1717
1222 1737
1223 1289
1223 1575
1223 1693
1223 1981
1224 1228
1224 1243
1224 1256
1224 1259
1224 1325
1224 1329
1224 1453
1224 1514
1225 1615
1225 1683
1225 1889
1226 1819
1227 1388
1227 1442
1227 1472
1227 1545
1227 1892
1227 1965
1228 1446
1228 1602
1228 1706
1228 1876
1228 1929
1229 1400
1229 1478
1229 1758
1230 1291
1230 1409
1230 1818
1231 1563
1231 1575
1231 1771
1231 1794
1232 1394
1232 1402
1232 1413
1232 1625
1232 1663
1232 1772
1232 1993
1232 1999
1233 1822
1233 1981
1234 1317
1234 1697
1234 1880
1235 1362
1235 1419
1235 1563
1235 1748
1235 1953
1236 1357
1236 1361
1236 1370
1236 1844
1236 1897
1237 1243
1237 1621
1237 1637
1237 1688
1237 1888
1238 1242
1238 1789
1239 1266
1239 1361
1239 1588
1239 1663
1239 1925
1240 1454
1240 1491
1240 1505
1240 1890
1240 1894
1241 1273
1241 1889
1242 1732
1242 1827
1242 1991
1243 1478
1243 1563
1243 1760
1243 1867
1243 1873
1243 1941
1243 1957
1243 1973
1243 1997
1244 1881
1245 1252
1245 1324
1245 1629
1245 1741
1246 1284
1246 1299
1246 1424
1246 1629
1246 1989
1247 1278
1247 1411
1247 1634
1247 1670
1247 1735
1247 1879
1248 1340
1248 1897
1249 1366
1249 1744
1250 1419
1250 1544
1250 1886
1251 1318
1251 1415
1251 1444
1252 1376
1252 1397
1252 1568
1252 1613
1252 1637
1252 1667
1252 1668
1253 1380
1253 1654
1253 1747
1253 1918
1254 1805
1255 1402
1255 1980
1256 1284
1256 1333
1256 1341
1256 1671
1256 1819
1256 1873
1256 1890
1256 1899
1256 1912
1257 1718
1258 1353
1258 1594
1258 1658
1258 1814
1258 1991
1259 1313
1259 1341
1259 1344
1259 1348
1259 1680
1259 1704
1260 1270
1260 1333
1260 1360
1260 1554
1260 1577
1260 1666
1260 1743
1260 1974
1261 1506
1261 1861
1261 1927
1262 1322
1262 1394
1262 1434
1262 1850
1263 1846
1264 1464
1264 1503
1264 1601
1264 1613
1264 1759
1264 1923
1265 1622
1265 1630
1265 1945
1266 1461
1266 1598
1266 1672
1266 1757
1266 1786
1266 1985
1267 1281
1267 1305
1267 1375
1267 1424
1267 1436
1267 1838
1267 1864
1268 1612
1269 1323
1269 1390
1269 1892
1270 1466
1270 1745
1270 1787
1271 1394
1271 1918
1272 1423
1272 1469
1272 1630
1272 1979
1273 1568
1273 1578
1273 1614
1273 1633
1273 1669
1273 1717
1273 1748
1273 1932
1273 1988
1274 1285
1274 1417
1274 1526
1274 1565
1274 1592
1275 1307
1275 1621
1275 1784
1275 1912
1276 1392
1276 1966
1276 1972
1276 1998
1277 1346
1277 1771
1278 1635
1278 1811
1278 1900
1278 1927
1279 1496
1279 1569
1279 1583
1280 1393
1280 1752
1280 1795
1281 1323
1281 1517
1281 1770
1281 1799
1281 1815
1281 1930
1282 1500
1282 1565
1282 1914
1282 1961
1283 1306
1283 1389
1283 1426
1283 1867
1284 1677
1284 1716
1284 1732
1285 1725
1285 1778
1285 1805
1287 1344
1287 1602
1287 1726
1287 1804
1287 1986
1288 1567
1288 1902
1288 1922
1288 1999
1289 1536
1289 1710
1289 1835
1290 1822
1290 1901
1290 1935
1292 1711
1292 1925
1293 1301
1293 1605
1293 1771
1294 1477
1294 1510
1294 1551
1294 1575
1294 1608
1294 1722
1294 1788
1295 1582
1295 1632
1295 1693
1296 1584
1296 1663
1296 1706
1296 1818
1297 1405
1297 1471
1297 1784
1297 1982
1298 1687
1298 1757
1299 1565
1299 1894
1300 1433
1300 1477
1300 1604
1300 1726
1301 1454
1301 1467
1301 1705
1302 1427
1302 1688
1302 1763
1303 1388
1303 1681
1304 1520
1304 1712
1304 1985
1305 1496
1306 1417
1306 1476
1306 1566
1307 1392
1307 1475
1307 1525
1307 1609
1308 1695
1308 1901
1309 1352
1309 1465
1309 1493
1310 1993
1310 1997
1311 1337
1311 1573
1311 1638
1311 1900
1311 1901
1311 1938
1312 1482
1312 1556
1313 1385
1313 1526
1313 1860
1313 1892
1314 1338
1314 1474
1314 1597
1314 1695
1315 1496
1315 1584
1315 1661
1315 1773
1316 1372
1316 1780
1316 1840
1317 1383
1317 1385
1317 1646
1317 1817
1317 1944
1318 1471
1318 1709
1318 1715
1318 1794
1318 1860
1318 1874
1319 1378
1319 1484
1319 1499
1319 1920
1319 1989
1319 1996
1320 1868
1320 1935
1321 1428
1321 1777
1322 1409
1322 1833
1322 1839
1323 1491
1323 1547
1323 1712
1324 1415
1324 1417
1324 1422
1324 1635
1324 1834
1324 1843
1325 1722
1325 1843
1326 1558
1326 1597
1326 1601
1327 1332
1327 1540
1327 1652
1327 1843
1328 1517
1328 1663
1329 1753
1330 1571
1330 1602
1331 1393
1331 1465
1331 1604
1331 1733
1332 1642
1332 1908
1333 1895
1333 1905
1333 1910
1334 1548
1334 1572
1334 1614
1334 1624
1334 1638
1334 1928
1334 1933
1334 1962
1335 1835
1335 1892
1335 1936
1336 1343
1336 1590
1336 1612
1336 1698
1337 1503
1337 1668
1337 1896
1338 1686
1339 1341
1339 1384
1339 1582
1339 1708
1339 1927
1340 1407
1340 1866
1340 1868
1340 1916
1341 1506
1341 1510
1341 1608
1342 1497
1342 1566
1343 1577
1343 1788
1344 1366
1344 1442
1345 1540
1345 1655
1345 1746
1346 1540
1346 1630
1346 1954
1347 1386
1348 1405
1348 1463
1348 1526
1348 1806
1348 1889
1348 1957
1348 1991
1349 1449
1349 1507
1349 1609
1349 1835
1350 1408
1350 1470
1350 1879
1350 1940
1351 1415
1352 1355
1352 1725
1353 1589
1354 1427
1354 1821
1355 1415
1355 1424
1355 1665
1356 1466
1356 1476
1356 1611
1356 1894
1356 1939
1357 1520
1357 1850
1358 1418
1358 1622
1359 1490
1359 1799
1359 1827
1359 1830
1359 1996
1360 1360
1360 1523
1360 1576
1360 1713
1360 1757
1361 1423
1361 1505
1361 1583
1361 1953
1362 1590
1362 1630
1362 1715
1363 1419
1363 1530
1363 1840
1363 1984
1364 1486
1364 1496
1364 1557
1364 1610
1364 1619
1364 1634
1364 1709
1366 1533
1366 1580
1366 1821
1366 1944
1367 1694
1367 1728
1367 1737
1367 1806
1367 1807
1367 1996
1368 1368
1369 1639
1369 1844
1370 1408
1370 1442
1371 1703
1371 1773
1372 1414
1372 1549
1372 1672
1373 1414
1373 1450
1373 1709
1373 1755
1373 1771
1374 1499
1374 1518
1374 1943
1375 1692
1375 1994
1376 1415
1376 1939
1376 1974
1377 1917
1377 1995
1378 1545
1378 1549
1378 1906
1378 1990
1379 1415
1379 1731
1380 1559
1380 1585
1380 1822
1380 1874
1381 1647
1381 1724
1381 1805
1381 1954
1381 1989
1382 1486
1382 1600
1383 1401
1383 1545
1383 1677
1383 1725
1383 1796
1383 1838
1384 1538
1384 1830
1385 1466
1385 1592
1385 1656
1385 1875
1385 1945
1386 1477
1386 1585
1386 1670
1386 1766
1386 1844
1387 1404
1387 1689
1387 1957
1388 1491
1388 1540
1388 1651
1389 1439
1389 1451
1389 1805
1390 1399
1390 1445
1390 1534
1390 1591
1390 1735
1390 1860
1391 1454
1391 1486
1391 1658
1391 1793
1391 1818
1391 1999
1392 1397
1392 1514
1392 1807
1392 1817
1393 1485
1393 1536
1393 1710
1393 1897
1394 1530
1394 1594
1394 1989
1395 1534
1395 1546
1395 1568
1395 1590
1395 1907
1395 1955
1396 1544
1396 1656
1396 1862
1396 1864
1396 1879
1396 1891
1397 1649
1397 1669
1397 1992
1398 1427
1398 1641
1398 1890
1400 1710
1400 1727
1400 1760
1400 1924
1400 1975
1401 1776
1401 1797
1401 1816
1401 1970
1402 1482
1402 1651
1402 1754
1402 1913
1403 1762
1403 1911
1404 1468
1404 1723
1405 1988
1406 1566
1406 1605
1408 1469
1409 1656
1409 1771
1409 1848
1410 1437
1410 1606
1410 1729
1410 1742
1410 1752
1410 1780
1410 1783
1412 1688
1412 1816
1412 1987
1413 1488
1413 1949
1414 1756
1415 1443
1415 1577
1418 1478
1418 1893
1418 1936
1418 1946
1419 1521
1419 1727
1419 1786
1419 1797
1419 1856
1419 1956
1422 1514
1422 1731
1422 1889
1423 1514
1423 1519
1423 1565
1423 1635
1423 1747
1424 1726
1424 1855
1425 1459
1425 1564
1425 1607
1425 1743
1426 1529
1426 1865
1426 1947
1427 1795
1427 1935
1428 1760
1428 1970
1429 1603
1429 1642
1429 1696
1430 1796
1431 1444
1431 1489
1431 1999
1432 1544
1432 1709
1432 1720
1432 1814
1432 1845
1432 1928
1434 1683
1434 1697
1434 1864
1434 1925
1434 1947
1435 1443
1435 1579
1436 1537
1436 1862
1437 1874
1438 1465
1438 1584
1438 1618
1438 1927
1438 1983
1439 1626
1439 1650
1440 1520
1440 1806
1441 1750
1441 1789
1441 1904
1442 1668
1442 1876
1442 1894
1443 1606
1443 1643
1443 1645
1443 1712
1443 1891
1443 1914
1444 1538
1444 1617
1444 1624
1444 1941
1445 1887
1446 1446
1446 1684
1446 1963
1447 1895
1447 1973
1448 1544
1448 1588
1448 1614
1448 1755
1448 1797
1448 1838
1449 1513
1449 1656
1449 1782
1449 1977
1450 1599
1450 1835
1451 1545
1451 1553
1451 1606
1451 1852
1452 1532
1452 1773
1452 1818
1452 1863
1453 1528
1453 1545
1453 1636
1453 1676
1453 1684
1453 1838
1453 1857
1453 1915
1453 1995
1454 1470
1454 1498
1454 1645
1454 1777
1454 1882
1454 1982
1455 1468
1455 1498
1455 1590
1455 1772
1455 1928
1456 1644
1456 1657
1456 1730
1456 1743
1457 1533
1457 1693
1457 1917
1458 1540
1458 1590
1459 1569
1459 1749
1459 1775
1459 1954
1459 1987
1460 1676
1463 1745
1463 1767
1464 1879
1465 1692
1465 1736
1465 1897
1466 1857
1466 1935
1466 1953
1467 1710
1467 1719
1468 1808
1468 1875
1468 1994
1469 1507
1469 1520
1469 1679
1469 1769
1469 1887
1469 1972
1470 1561
1470 1721
1471 1595
1471 1853
1471 1871
1472 1599
1472 1772
1472 1955
1473 1503
1473 1558
1473 1771
1473 1924
1474 1573
1475 1577
1475 1721
1476 1663
1476 1851
1477 1745
1477 1889
1478 1492
1478 1926
1479 1991
1480 1691
1481 1625
1481 1815
1482 1570
1483 1515
1483 1644
1483 1816
1484 1921
1485 1499
1485 1879
1485 1952
1486 1673
1486 1913
1487 1849
1488 1504
1488 1515
1488 1909
1489 1552
1489 1588
1489 1913
1490 1557
1490 1631
1490 1916
1491 1645
1491 1822
1492 1963
1493 1536
1493 1799
1493 1943
1493 1955
1493 1957
1494 1588
1495 1750
1496 1837
1497 1629
1498 1561
1498 1616
1498 1847
1499 1625
1499 1749
1499 1873
1499 1954
1499 1992
1500 1680
1500 1736
1500 1935
1501 1527
1502 1751
1503 1535
1503 1595
1503 1669
1503 1774
1503 1835
1504 1615
1504 1670
1505 1629
1505 1705
1506 1678
1506 1874
1507 1556
1507 1578
1508 1974
1509 1563
1509 1784
1510 1519
1510 1633
1510 1844
1511 1689
1511 1732
1512 1638
1513 1629
1513 1749
1513 1801
1513 1826
1515 1559
1515 1620
1515 1644
1515 1691
1515 1716
1516 1652
1517 1546
1517 1619
1517 1673
1517 1763
1517 1865
1519 1610
1519 1690
1519 1924
1521 1667
1521 1923
1522 1594
1522 1962
1523 1591
1523 1601
1523 1812
1525 1720
1525 1782
1525 1981
1527 1602
1527 1654
1527 1687
1527 1891
1527 1927
1529 1640
1529 1667
1529 1716
1529 1780
1529 1873
1530 1775
1532 1653
1532 1688
1533 1839
1533 1906
1533 1933
1533 1965
1534 1841
1536 1815
1537 1749
1538 1638
1538 1724
1538 1797
1539 1621
1539 1786
1539 1827
1539 1999
1540 1683
1540 1879
1540 1942
1541 1932
1541 1964
1542 1676
1542 1942
1542 1987
1543 1694
1543 1883
1544 1564
1544 1779
1545 1930
1546 1620
1546 1802
1547 1677
1548 1602
1549 1607
1549 1691
1549 1732
1550 1671
1551 1603
1551 1704
1551 1929
1553 1659
1555 1588
1555 1812
1555 1899
1555 1957
1556 1708
1557 1747
1557 1933
1558 1592
1558 1734
1560 1784
1560 1836
1561 1698
1561 1806
1561 1952
1562 1736
1562 1743
1562 1752
1562 1777
1562 1800
1563 1566
1563 1676
1563 1743
1563 1822
1564 1606
1564 1803
1564 1879
1564 1884
1565 1885
1566 1577
1566 1876
1567 1863
1568 1759
1568 1871
1569 1671
1570 1602
1570 1852
1571 1620
1571 1871
1571 1993
1572 1684
1572 1740
1572 1800
1573 1585
1573 1829
1573 1937
1574 1644
1574 1882
1575 1649
1575 1709
1576 1691
1576 1879
1577 1858
1578 1699
1578 1907
1578 1953
1579 1608
1579 1632
1579 1766
1579 1767
1579 1989
1580 1734
1580 1873
1581 1949
1581 1985
1582 1759
1583 1783
1583 1955
1584 1816
1584 1854
1584 1908
1584 1974
1585 1685
1586 1734
1586 1885
1587 1610
1587 1679
1587 1806
1589 1592
1589 1633
1589 1807
1589 1847
1589 1937
1590 1779
1590 1906
1590 1983
1591 1692
1594 1986
1595 1743
1595 1872
1595 1991
1596 1607
1596 1768
1596 1859
1597 1686
1597 1728
1597 1997
1598 1648
1598 1692
1598 1717
1598 1800
1598 1912
1598 1928
1598 1993
1599 1633
1599 1772
1599 1891
1600 1743
1600 1927
1602 1648
1602 1741
1603 1749
1603 1853
1603 1871
1604 1640
1604 1712
1604 1714
1604 1781
1604 1966
1605 1708
1605 1929
1606 1748
1607 1768
1608 1717
1608 1861
1609 1833
1609 1927
1610 1683
1610 1852
1611 1712
1611 1818
1611 1866
1613 1740
1614 1806
1614 1894
1615 1628
1615 1656
1615 1815
1615 1893
1616 1648
1616 1789
1616 1842
1617 1720
1617 1747
1618 1882
1618 1957
1619 1977
1620 1679
1621 1794
1622 1736
1622 1805
1623 1851
1623 1855
1624 1930
1624 1947
1625 1812
1625 1901
1625 1979
1626 1638
1626 1837
1629 1752
1629 1872
1630 1816
1631 1735
1633 1875
1633 1899
1634 1854
1634 1932
1635 1889
1635 1914
1635 1935
1637 1879
1637 1929
1637 1984
1639 1697
1639 1834
1639 1898
1641 1737
1642 1958
1644 1656
1644 1828
1645 1768
1646 1974
1647 1799
1648 1734
1649 1794
1650 1736
1650 1752
1650 1759
1652 1884
1652 1912
1652 1915
1653 1914
1653 1960
1654 1989
1655 1658
1655 1690
1656 1676
1657 1859
1658 1719
1660 1914
1660 1923
1660 1998
1661 1694
1663 1720
1663 1726
1663 1821
1663 1984
1663 1989
1664 1857
1664 1970
1665 1908
1665 1968
1668 1924
1668 1972
1669 1826
1670 1919
1671 1877
1671 1944
1672 1724
1675 1700
1675 1803
1675 1859
1677 1692
1677 1808
1677 1896
1678 1716
1678 1823
1678 1888
1680 1701
1680 1860
1682 1964
1683 1903
1683 1959
1684 1851
1685 1747
1685 1977
1686 1709
1686 1853
1686 1870
1686 1916
1688 1790
1689 1859
1689 1962
1689 1991
1690 1742
1691 1990
1692 1932
1692 1954
1693 1883
1694 1883
1694 1986
1695 1858
1695 1889
1695 1942
1696 1768
1696 1939
1697 1843
1697 1936
1698 1737
1699 1731
1699 1735
1702 1703
1702 1777
1702 1828
1703 1803
1704 1864
1706 1760
1708 1785
1708 1970
1709 1892
1709 1921
1709 1999
1712 1769
1713 1762
1713 1884
1714 1756
1714 1780
1716 1730
1716 1775
1716 1990
1717 1860
1717 1930
1717 1981
1718 1829
1718 1967
1719 1722
1721 1755
1721 1865
1722 1831
1723 1809
1723 1900
1725 1917
1725 1984
1727 1856
1727 1929
1728 1839
1729 1837
1729 1885
1730 1772
1730 1859
1730 1864
1730 1998
1732 1959
1733 1741
1733 1866
1734 1742
1735 1943
1736 1738
1736 1756
1736 1860
1737 1986
1737 1988
1739 1767
1739 1878
1739 1941
1740 1754
1741 1755
1741 1959
1742 1772
1742 1875
1742 1966
1745 1790
1746 1864
1746 1936
1747 1810
1748 1936
1748 1959
1748 1976
1749 1758
1749 1817
1749 1890
1750 1839
1750 1990
1750 1996
1752 1939
1752 1991
1754 1786
1756 1955
1756 1966
1756 1974
1759 1943
1760 1926
1763 1885
1764 1854
1764 1897
1765 1863
1766 1938
1766 1947
1768 1917
1769 1843
1769 1990
1770 1807
1770 1864
1770 1993
1771 1976
1774 1821
1774 1853
1774 1932
1775 1923
1778 1905
1778 1965
1779 1813
1779 1922
1779 1965
1781 1937
1783 1803
1783 1959
1784 1840
1784 1991
1788 1859
1788 1988
1790 1904
1792 1830
1792 1877
1793 1946
1795 1868
1795 1974
1795 1996
1800 1940
1801 1896
1802 1807
1802 1856
1802 1957
1802 1958
1802 1994
1803 1857
1804 1911
1805 1893
1805 1923
1806 1836
1806 1935
1807 1931
1807 1982
1808 1871
1808 1876
1808 1892
1808 1984
1810 1910
1810 1958
1813 1908
1816 1997
1817 1847
1819 1948
1820 1985
1821 1854
1821 1999
1822 1973
1823 1848
1824 1825
1826 1843
1826 1974
1830 1844
1830 1985
1833 1966
1835 1881
1836 1837
1836 1926
1836 1963
1836 1990
1836 1998
1838 1869
1841 1917
1842 1862
1844 1896
1845 1920
1846 1973
1848 1851
1849 1870
1849 1940
1849 1944
1851 1991
1856 1878
1859 1908
1860 1890
1862 1964
1866 1974
1866 1993
1869 1920
1870 1968
1872 1888
1872 1958
1873 1876
1876 1945
1876 1971
1877 1956
1877 1983
1879 1918
1884 1964
1884 1976
1884 1983
1886 1893
1889 1927
1890 1911
1893 1928
1893 1930
1894 1926
1894 1951
1895 1956
1895 1962
1896 1967
1899 1951
1900 1996
1901 1979
1903 1971
1904 1952
1904 1977
1905 1994
1908 1932
1909 1993
1914 1968
1920 1941
1922 1929
1923 1940
1924 1989
1924 1993
1925 1937
1928 1976
1929 1940
1933 1997
1941 1987
1943 1955
1958 1998
1959 1963
1962 1968
1962 1973
1963 1994
1964 1995
1971 1985
1971 1990
1978 1980
1979 1992
