2000
0 397
0 399
0 716
0 852
0 1152
0 1160
0 1541
0 1824
0 1900
1 7
1 377
1 955
1 1109
1 1318
1 1589
2 152
2 274
2 517
2 772
2 877
2 1192
2 1273
2 1353
2 1451
2 1899
3 14
3 184
3 385
3 539
3 654
3 709
3 765
3 1114
3 1265
3 1673
3 1808
3 1811
3 1906
3 1926
4 146
4 371
4 519
4 528
4 1761
4 1866
5 418
5 618
5 665
5 1255
5 1283
5 1742
5 1805
5 1903
6 425
6 971
6 1136
6 1477
6 1657
6 1732
6 1741
6 1780
6 1963
6 1977
7 320
7 534
7 588
7 749
7 1053
7 1244
7 1292
7 1539
7 1557
7 1952
8 581
8 697
8 859
8 1480
8 1692
8 1803
9 169
9 209
9 243
9 479
9 638
9 831
9 1184
9 1257
9 1271
9 1298
9 1811
9 1823
10 547
10 796
10 1622
10 1701
10 1748
10 1789
10 1900
11 362
11 554
11 674
11 821
11 1070
11 1240
11 1326
11 1491
11 1556
11 1585
12 77
12 176
12 283
12 630
12 822
12 1249
12 1955
13 51
13 265
13 472
13 988
13 1090
13 1363
13 1373
13 1575
13 1710
13 1763
13 1899
14 221
14 441
14 550
14 597
14 1004
14 1243
14 1631
14 1879
14 1908
14 1921
14 1934
15 91
15 597
15 606
15 675
15 974
16 149
16 374
16 382
16 563
16 902
16 915
16 1087
16 1811
17 201
17 333
17 394
17 540
17 666
17 698
17 1074
17 1082
17 1232
17 1404
17 1486
17 1604
18 95
18 107
18 271
18 327
18 538
18 741
18 819
18 1188
18 1824
18 1903
18 1988
19 100
19 429
19 1614
19 1938
20 29
20 296
20 572
20 1096
20 1718
21 54
21 79
21 116
21 237
21 264
21 447
21 867
21 1009
21 1022
21 1045
21 1090
21 1647
21 1735
21 1819
21 1828
21 1966
21 1998
22 107
22 238
22 990
22 1633
22 1805
23 137
23 300
23 568
23 600
23 775
23 777
23 1022
23 1118
23 1313
23 1581
23 1674
23 1792
23 1856
24 288
24 739
24 753
24 810
24 885
24 1195
24 1212
24 1283
24 1287
24 1632
25 201
25 791
25 882
25 1360
25 1723
25 1734
25 1790
25 1822
25 1840
25 1956
26 131
26 147
26 522
26 649
26 806
26 1269
26 1587
26 1924
27 681
27 688
27 1107
27 1390
27 1619
27 1805
27 1919
28 46
28 54
28 120
28 411
28 500
28 506
28 647
28 759
28 817
28 884
28 986
28 1159
28 1297
28 1346
28 1527
28 1608
28 1681
28 1768
29 382
29 798
29 953
29 1319
29 1473
29 1571
29 1584
29 1688
29 1728
29 1865
30 32
30 110
30 127
30 267
30 356
30 384
30 458
30 728
30 1100
31 403
31 1017
31 1162
31 1330
31 1384
31 1554
31 1630
32 804
32 936
32 957
32 1205
32 1244
32 1531
32 1622
32 1789
33 432
33 537
33 905
33 1321
33 1770
34 35
34 278
34 389
34 530
34 625
34 1152
34 1266
34 1425
35 194
35 527
35 529
35 948
35 1278
35 1688
36 190
36 945
36 953
36 1094
36 1145
36 1254
36 1345
36 1652
36 1700
36 1734
37 172
37 179
37 337
37 341
37 421
37 726
37 843
37 1009
37 1040
37 1124
37 1545
38 212
38 429
38 1061
38 1305
38 1350
38 1625
38 1665
38 1700
38 1934
38 1961
38 1969
38 1981
39 526
39 590
39 684
39 733
39 739
39 1782
39 1870
40 294
40 320
40 471
40 639
40 793
40 858
40 1133
40 1176
40 1417
40 1553
40 1557
40 1647
40 1705
40 1794
41 230
41 409
41 712
41 860
41 1043
41 1053
41 1117
41 1145
41 1148
41 1217
41 1253
41 1333
41 1367
41 1500
41 1572
42 58
42 486
42 946
42 1097
42 1242
42 1530
42 1819
43 45
43 113
43 701
43 772
43 1534
43 1783
44 221
44 243
44 367
44 1107
44 1144
44 1176
44 1390
44 1979
45 74
45 417
45 468
45 502
45 968
45 1000
45 1296
45 1571
45 1690
45 1777
45 1924
45 1990
46 142
46 175
46 282
46 318
46 460
46 674
46 683
46 1142
46 1565
46 1662
46 1877
47 211
47 256
47 363
47 1000
47 1301
47 1333
47 1510
48 294
48 513
48 752
48 901
48 1045
48 1575
48 1648
48 1779
49 90
49 574
49 650
49 692
49 1010
49 1118
49 1987
50 209
50 365
50 492
50 596
50 1063
50 1225
50 1323
50 1694
50 1844
50 1940
51 133
51 552
51 591
51 1045
51 1871
51 1942
52 120
52 257
52 353
52 419
52 484
52 492
52 642
52 1286
52 1337
53 172
53 233
53 270
53 820
53 1459
53 1754
53 1896
53 1955
54 88
54 367
54 517
54 888
54 1407
54 1538
54 1690
54 1705
54 1823
54 1902
54 1925
55 585
55 626
55 809
55 1047
55 1197
55 1946
56 259
56 815
56 1382
56 1906
56 1951
57 255
57 407
57 500
57 526
57 534
57 814
57 877
57 1154
57 1430
57 1509
57 1533
57 1628
57 1709
58 208
58 634
58 795
58 825
58 840
58 934
58 1818
58 1901
59 203
59 217
59 239
59 247
59 330
59 520
59 700
59 712
59 971
59 988
59 1055
59 1771
60 243
60 246
60 1234
60 1407
60 1411
60 1482
60 1732
61 78
61 111
61 209
61 239
61 427
61 509
61 555
61 629
61 1374
61 1408
61 1548
61 1580
61 1759
61 1926
62 146
62 372
62 454
62 592
62 717
62 1000
62 1274
62 1497
62 1957
63 141
63 750
63 1597
64 115
64 169
64 380
64 586
64 1077
64 1096
64 1143
64 1380
65 131
65 251
65 522
65 752
65 811
65 921
65 926
65 1023
65 1104
66 148
66 162
66 443
66 976
66 1176
66 1483
66 1915
67 340
67 986
67 1161
67 1251
67 1366
67 1390
67 1824
67 1849
67 1964
68 148
68 443
68 677
68 1194
68 1836
69 85
69 137
69 316
69 326
69 419
69 1234
69 1332
69 1497
69 1844
69 1852
69 1914
70 113
70 180
70 203
70 302
70 327
70 1524
70 1529
70 1611
70 1616
70 1730
71 365
71 402
71 535
71 1648
72 106
72 879
72 971
72 1264
72 1334
72 1383
72 1603
72 1747
73 687
73 749
73 1252
73 1342
73 1388
73 1491
73 1711
74 640
74 842
74 1326
74 1383
74 1795
74 1987
75 334
75 482
75 539
75 751
75 816
75 829
75 1154
75 1216
75 1409
75 1447
75 1567
76 1141
76 1266
76 1330
76 1465
76 1543
76 1956
77 183
77 1146
77 1588
77 1939
78 86
78 124
78 364
78 498
78 795
78 1055
78 1114
78 1314
78 1434
78 1550
79 161
79 462
79 507
79 666
79 726
79 1213
79 1297
79 1485
79 1727
79 1972
80 327
80 576
80 654
80 774
81 132
81 866
81 960
81 964
81 1028
81 1209
81 1532
81 1681
82 152
82 175
82 367
82 369
82 478
82 644
82 652
82 749
82 789
82 827
82 871
82 1158
82 1466
82 1626
82 1897
83 270
83 471
83 599
83 1095
83 1196
83 1710
83 1761
83 1923
84 100
84 124
84 399
84 631
84 656
84 1553
84 1638
85 600
85 827
85 1198
85 1415
85 1696
85 1755
86 145
86 179
86 268
86 478
86 481
86 524
86 724
86 854
86 1129
86 1248
86 1253
86 1623
86 1855
86 1972
87 254
87 791
87 882
87 917
87 1227
88 1267
88 1544
88 1614
88 1667
88 1720
88 1746
89 512
89 643
89 822
89 962
89 1980
89 1995
90 219
90 823
90 1215
90 1471
91 240
91 327
91 393
91 420
91 672
91 764
91 907
91 998
91 1111
91 1175
91 1646
91 1861
91 1925
91 1979
92 137
92 204
92 229
92 342
92 355
92 504
92 904
92 1065
92 1244
92 1546
92 1574
92 1577
92 1828
93 162
93 168
93 344
93 370
93 444
93 479
93 499
93 966
93 1393
93 1960
94 224
94 273
94 353
94 486
94 532
94 865
94 1393
94 1664
94 1847
94 1979
95 287
95 521
95 740
95 988
95 1188
95 1308
95 1327
95 1390
95 1494
95 1888
95 1951
96 172
96 480
96 487
96 931
96 984
96 1307
96 1652
96 1843
96 1852
96 1908
97 172
97 337
97 413
97 486
97 614
97 1153
97 1185
97 1749
97 1785
98 300
98 510
98 573
98 807
98 829
98 1452
98 1873
99 776
99 1202
99 1337
99 1461
99 1496
99 1497
99 1526
99 1625
99 1997
100 277
100 1152
100 1196
100 1273
100 1336
100 1503
100 1716
100 1742
101 249
101 547
101 1042
101 1099
101 1366
101 1603
101 1695
101 1856
101 1902
102 111
102 212
102 434
102 646
102 720
102 915
102 1076
102 1103
102 1117
102 1549
102 1693
103 216
103 666
103 713
103 775
103 909
103 1257
103 1498
104 223
104 580
104 796
104 1244
104 1670
104 1681
104 1931
104 1942
105 373
105 586
105 882
105 1036
105 1342
105 1674
105 1699
106 327
106 568
106 600
106 657
106 1344
106 1393
106 1629
106 1804
106 1994
107 128
107 353
107 861
107 1047
107 1598
107 1647
107 1743
107 1912
108 298
108 335
108 708
108 714
108 1021
108 1074
108 1168
108 1442
109 140
109 212
109 286
109 434
109 634
109 726
109 1570
110 616
110 697
110 725
110 728
110 1218
110 1318
110 1421
110 1552
110 1818
110 1880
111 204
111 304
111 723
111 732
111 815
111 1144
111 1240
111 1646
111 1733
111 1795
111 1833
111 1929
111 1994
112 425
112 659
112 794
112 1296
112 1386
112 1787
112 1894
113 284
113 329
113 435
113 1157
113 1253
113 1525
113 1570
114 452
114 627
114 814
114 834
114 917
114 1285
114 1473
114 1489
114 1743
114 1989
115 466
115 522
115 616
115 730
115 871
115 1235
115 1476
115 1584
115 1637
116 249
116 426
116 432
116 537
116 565
116 587
116 691
116 865
116 1110
116 1253
116 1561
116 1583
116 1821
117 121
117 384
117 435
117 994
117 1319
117 1534
118 193
118 654
118 937
118 1297
118 1368
118 1579
119 143
119 186
119 259
119 434
119 624
119 1183
119 1330
119 1632
120 139
120 303
120 420
120 873
120 921
120 1951
121 450
121 1295
121 1584
121 1853
122 122
122 185
122 804
122 989
122 1027
122 1090
122 1196
122 1232
122 1368
122 1396
122 1399
122 1965
123 255
123 285
123 300
123 331
123 558
123 658
123 880
123 1270
123 1354
123 1805
124 229
124 311
124 391
124 465
124 566
124 838
124 950
124 1124
124 1186
124 1394
124 1398
124 1463
124 1631
125 228
125 265
125 1038
125 1261
125 1393
125 1605
125 1689
125 1808
126 894
126 1023
126 1093
126 1177
126 1272
126 1359
126 1501
126 1996
127 190
127 367
127 1030
127 1700
127 1752
127 1844
128 350
128 469
128 915
128 1086
128 1198
128 1654
128 1960
129 401
129 447
129 1062
129 1138
129 1189
129 1284
129 1422
129 1820
129 1907
130 453
130 991
130 1566
130 1585
130 1724
131 556
131 843
131 954
131 1053
132 166
132 206
132 259
132 726
132 779
132 855
132 915
132 948
132 998
132 1242
132 1368
132 1378
132 1877
133 300
133 390
133 1328
133 1674
133 1945
133 1949
134 206
134 752
134 878
134 1263
134 1423
134 1488
134 1530
134 1698
134 1739
135 226
135 431
135 674
135 1304
135 1459
136 842
136 1041
136 1161
136 1384
136 1955
137 226
137 378
137 466
137 840
137 847
137 997
137 1276
137 1622
137 1633
138 506
138 557
138 817
138 1368
138 1409
138 1508
138 1836
138 1961
139 251
139 445
139 576
139 748
139 887
139 1186
139 1616
139 1624
139 1668
139 1711
139 1774
140 211
140 322
140 434
140 644
140 964
140 1035
140 1358
140 1447
140 1465
140 1955
141 171
141 216
141 263
141 526
141 662
141 787
141 825
141 929
141 1058
141 1104
142 1103
142 1267
142 1546
142 1599
142 1686
142 1829
143 260
143 426
143 452
143 707
143 813
143 853
143 894
143 1011
143 1147
143 1160
144 179
144 377
144 707
144 743
144 825
144 934
144 1285
144 1355
144 1578
144 1769
145 644
145 805
145 864
145 1245
145 1464
145 1864
145 1896
145 1999
146 320
146 328
146 604
146 612
146 674
146 893
146 1074
146 1119
146 1182
146 1472
146 1792
147 149
147 529
147 961
147 1122
147 1717
148 648
148 1062
148 1134
148 1646
148 1720
148 1855
149 199
149 281
149 761
149 1069
149 1338
149 1397
149 1532
149 1965
150 439
150 584
150 769
150 1192
150 1646
150 1820
150 1850
151 305
151 978
151 1094
151 1343
151 1477
151 1613
151 1752
151 1763
151 1911
151 1936
152 263
152 452
152 746
152 1133
152 1301
152 1473
152 1681
152 1717
152 1944
153 174
153 313
153 990
153 1160
153 1453
153 1637
153 1645
153 1959
154 271
154 355
154 392
154 784
154 1303
154 1480
155 506
155 584
155 686
155 1040
155 1045
155 1406
155 1573
155 1654
156 288
156 340
156 381
156 393
156 569
156 577
156 1089
156 1365
156 1437
156 1472
156 1480
156 1675
156 1765
156 1909
157 388
157 392
157 589
157 1152
157 1499
157 1550
158 823
158 1241
158 1291
158 1470
158 1528
158 1637
158 1709
158 1759
158 1815
159 338
159 428
159 536
159 707
159 905
159 1272
159 1331
159 1357
159 1455
159 1790
159 1958
160 682
160 701
160 773
160 821
160 1076
160 1141
160 1475
161 532
161 708
161 742
161 890
161 1056
161 1112
161 1127
161 1195
161 1380
161 1415
161 1549
161 1776
162 221
162 243
162 322
162 326
162 600
162 724
162 909
162 1008
162 1374
162 1867
163 370
163 505
163 553
163 611
163 643
163 856
163 962
163 1756
163 1836
163 1870
164 281
164 351
164 478
164 624
164 708
164 820
164 1231
164 1348
164 1579
164 1631
165 257
165 432
165 879
165 1207
165 1439
165 1802
165 1988
166 258
166 574
166 620
166 941
166 1000
166 1055
166 1155
166 1397
166 1552
167 213
167 360
167 375
167 386
167 665
167 671
167 1062
167 1256
167 1437
167 1912
168 178
168 219
168 286
168 454
168 537
168 656
168 788
168 1050
168 1232
168 1845
169 1224
169 1637
169 1818
169 1918
170 540
170 618
170 1486
170 1802
170 1960
170 1966
171 286
171 332
171 1085
171 1360
171 1554
171 1694
171 1805
172 234
172 467
172 980
172 1570
172 1686
172 1793
172 1996
173 178
173 274
173 579
174 226
174 452
174 601
174 861
174 921
174 1464
174 1612
174 1822
174 1860
175 314
175 382
175 740
175 759
175 1038
175 1052
175 1346
175 1409
175 1458
175 1466
175 1911
175 1968
176 448
176 603
176 726
176 941
176 946
176 1016
176 1518
176 1772
177 259
177 371
177 504
177 1241
177 1387
177 1467
177 1907
178 204
178 223
178 225
178 276
178 796
178 821
178 1029
178 1295
178 1508
178 1541
178 1633
178 1780
179 668
179 1159
179 1369
179 1371
179 1576
179 1599
179 1780
180 189
180 595
180 690
180 822
180 1081
180 1121
180 1262
180 1316
180 1593
180 1862
181 320
181 437
181 573
181 586
181 880
181 1331
181 1446
181 1666
182 280
182 339
182 445
182 641
182 1033
182 1250
182 1438
182 1446
182 1604
182 1956
183 845
183 1063
183 1292
183 1832
183 1891
184 362
184 388
184 896
184 995
184 1145
184 1355
184 1574
184 1980
185 216
185 307
185 357
185 914
185 1468
185 1683
186 895
186 980
186 1009
186 1116
186 1401
186 1438
187 347
187 731
187 1373
187 1522
188 686
188 688
188 1329
188 1486
188 1548
188 1828
189 402
189 553
189 1488
189 1580
189 1967
189 1983
190 554
190 829
190 922
190 979
190 1286
190 1578
190 1639
190 1816
191 418
191 591
191 741
191 1296
191 1373
191 1497
191 1581
191 1727
191 1777
191 1854
192 242
192 309
192 818
192 826
192 913
192 982
192 1237
192 1561
192 1718
192 1757
192 1883
192 1889
192 1976
193 701
193 860
193 1527
194 444
194 786
194 1082
194 1230
194 1411
194 1421
194 1481
194 1922
195 305
195 312
195 411
195 452
195 551
195 581
195 1166
195 1363
195 1443
195 1575
195 1671
195 1724
195 1752
195 1875
196 408
196 443
196 715
196 819
196 979
196 991
196 1033
196 1138
196 1364
196 1529
196 1841
196 1948
197 286
197 401
197 431
197 809
197 1309
197 1532
197 1690
197 1952
198 449
198 751
198 1492
198 1858
198 1875
199 224
199 650
199 766
199 921
199 1068
199 1388
199 1528
199 1696
200 380
200 477
200 567
200 732
200 823
200 1142
200 1230
200 1625
200 1705
200 1887
201 242
201 248
201 483
201 495
201 693
201 874
201 1400
201 1661
201 1785
201 1867
201 1880
202 211
202 490
202 627
202 912
202 976
202 1090
202 1614
202 1785
202 1968
203 316
203 430
203 557
203 1114
203 1238
203 1442
203 1517
203 1640
203 1683
203 1761
203 1932
204 320
204 603
204 646
204 806
204 1018
204 1970
204 1981
205 648
205 1243
205 1704
205 1712
205 1754
206 451
206 529
206 869
206 888
206 1017
206 1228
206 1305
206 1319
206 1486
206 1805
206 1821
206 1909
207 922
207 1194
207 1222
207 1225
207 1377
207 1462
207 1490
207 1635
207 1767
207 1901
208 227
208 328
208 543
208 559
208 641
208 716
208 760
208 815
208 1134
208 1146
208 1164
208 1342
208 1838
209 403
209 818
209 877
209 886
209 1715
209 1727
209 1967
210 321
210 387
210 454
210 634
210 908
211 914
211 1120
211 1230
211 1326
211 1514
212 471
212 480
212 1832
212 1835
212 1934
213 227
213 237
213 377
213 775
213 850
213 934
213 1065
213 1067
213 1730
214 656
214 1353
214 1511
214 1663
214 1767
214 1802
215 583
215 710
215 774
215 1009
215 1177
215 1598
215 1823
215 1997
216 291
216 553
216 618
216 799
216 1028
216 1126
216 1236
216 1329
216 1503
216 1557
216 1707
216 1875
216 1877
217 317
217 1358
217 1361
217 1379
217 1530
217 1611
217 1907
218 285
218 639
218 1016
218 1294
218 1743
219 271
219 371
219 424
219 497
219 628
219 1216
219 1242
219 1271
219 1456
219 1999
220 491
220 584
220 1425
220 1660
220 1787
221 240
221 305
221 338
221 605
221 641
221 783
221 1052
221 1221
221 1372
221 1901
222 805
222 1177
222 1240
222 1247
222 1520
223 448
223 624
223 646
223 662
223 1280
223 1369
223 1659
223 1785
224 270
224 670
224 834
224 1141
224 1346
224 1795
225 697
225 1038
225 1168
225 1551
226 231
226 538
226 836
226 969
226 1178
226 1185
226 1298
226 1354
226 1599
226 1852
227 768
227 842
227 1174
227 1567
227 1868
227 1937
228 600
228 706
228 1035
228 1247
228 1327
228 1365
228 1461
228 1787
228 1788
228 1883
229 322
229 913
229 1769
229 1837
230 436
230 694
230 813
230 822
230 1037
230 1325
230 1364
230 1376
230 1508
230 1901
231 245
231 270
231 349
231 511
231 859
231 1077
231 1569
231 1858
232 279
232 374
232 917
232 1588
232 1791
232 1799
232 1964
233 804
233 817
233 1180
233 1288
233 1299
233 1486
233 1809
233 1976
234 400
234 430
234 715
234 1379
234 1584
234 1642
235 634
235 730
235 1049
235 1089
235 1153
235 1208
235 1800
235 1907
236 352
236 428
236 627
236 1027
236 1050
236 1052
236 1620
236 1635
236 1665
236 1902
237 608
237 624
237 667
237 1547
237 1593
237 1763
237 1779
237 1902
238 335
238 423
238 461
238 737
238 796
238 1399
238 1608
238 1956
238 1974
239 511
239 1086
239 1114
239 1117
239 1125
239 1969
240 692
240 1082
240 1089
240 1096
240 1388
240 1598
240 1693
240 1757
241 611
241 1310
241 1338
241 1347
241 1349
241 1377
241 1778
242 669
242 968
242 1079
242 1083
242 1162
242 1256
242 1332
242 1337
242 1540
242 1640
242 1901
243 269
243 328
243 500
243 1557
243 1637
244 252
244 589
244 800
244 887
244 1165
244 1711
244 1823
245 485
245 830
245 1124
245 1588
246 461
246 562
246 902
246 1151
246 1210
246 1276
246 1585
246 1631
246 1936
247 273
247 306
247 358
247 498
247 525
247 709
247 1119
247 1492
247 1562
247 1803
247 1912
248 712
248 736
248 1086
248 1130
248 1846
248 1856
249 370
249 542
249 591
249 628
249 656
249 659
249 689
249 971
249 1192
249 1252
249 1319
249 1371
249 1735
250 786
250 1073
250 1148
250 1471
250 1811
251 397
251 501
251 524
251 714
251 1151
251 1279
251 1301
251 1509
251 1579
251 1630
251 1679
251 1826
251 1913
252 629
252 1046
252 1401
252 1718
252 1770
252 1935
253 532
253 666
253 674
253 883
253 1911
254 320
254 520
254 533
254 649
254 849
254 906
254 932
254 945
254 999
254 1017
254 1113
254 1246
254 1415
254 1636
254 1697
254 1831
254 1843
254 1861
254 1977
255 259
255 295
255 550
255 887
255 1025
255 1157
255 1247
255 1489
255 1621
255 1780
255 1793
255 1826
255 1902
256 327
256 409
256 792
256 1013
256 1108
256 1163
256 1225
256 1661
257 1712
258 498
258 842
258 981
258 1838
258 1867
259 390
259 682
259 751
259 847
259 1036
259 1128
259 1275
259 1299
259 1429
259 1828
260 356
260 814
260 854
260 1307
260 1478
260 1630
260 1824
260 1980
261 327
261 407
261 697
261 863
261 1043
261 1125
261 1265
261 1424
261 1586
261 1714
262 606
262 938
262 953
262 978
262 1227
262 1430
262 1582
262 1757
262 1761
262 1762
262 1955
263 428
263 486
263 1392
263 1578
263 1966
264 572
264 653
264 681
264 854
264 877
264 1259
264 1682
265 284
265 353
265 370
265 916
265 1048
265 1211
265 1312
265 1383
265 1447
265 1492
265 1568
265 1853
265 1906
266 325
266 849
266 1186
266 1479
266 1490
267 485
267 531
267 734
267 740
267 1129
267 1307
267 1485
267 1603
267 1677
268 740
268 940
268 1555
268 1579
268 1640
268 1763
269 492
269 680
269 789
269 908
269 1258
269 1281
269 1413
269 1464
269 1615
269 1775
270 372
270 541
270 706
270 943
270 1215
270 1288
270 1544
270 1608
270 1668
270 1800
270 1998
271 440
271 924
271 1091
271 1760
272 293
272 505
272 831
272 1526
272 1778
272 1872
273 708
273 787
273 899
273 1249
273 1258
273 1268
273 1345
273 1393
273 1740
274 685
274 1022
274 1302
274 1439
274 1674
274 1874
275 322
275 356
275 440
275 593
275 688
275 803
275 1074
275 1122
275 1206
275 1304
275 1411
275 1582
275 1681
275 1891
276 430
276 655
276 1212
276 1251
276 1676
276 1762
277 579
277 964
277 1386
277 1546
277 1645
277 1706
277 1769
277 1910
277 1928
278 486
278 537
278 615
278 619
278 932
278 961
278 1247
278 1575
278 1755
278 1936
279 354
279 423
279 474
279 682
279 745
279 886
279 999
279 1045
279 1935
280 421
280 546
280 583
280 1027
280 1126
280 1137
280 1926
281 313
281 402
281 647
281 1176
281 1683
281 1778
282 448
282 533
282 596
282 969
282 1133
282 1187
282 1246
282 1270
283 284
283 704
283 1137
283 1253
283 1263
283 1360
283 1477
283 1499
284 556
284 635
284 726
284 1211
284 1256
284 1321
284 1503
284 1561
284 1677
284 1817
284 1931
285 288
285 456
285 977
285 995
285 1295
285 1366
285 1579
285 1811
285 1841
285 1880
286 353
286 376
286 773
286 933
286 1025
286 1162
286 1263
286 1401
286 1545
286 1548
287 295
287 387
287 410
287 478
287 511
287 574
287 814
287 1092
287 1499
287 1811
288 348
288 478
288 585
288 720
288 736
288 1047
288 1476
288 1500
288 1518
288 1640
289 291
289 372
289 442
289 503
289 661
289 771
289 887
289 1037
289 1175
289 1459
290 733
290 1043
290 1326
290 1973
291 389
291 602
291 1136
291 1560
292 501
292 615
292 720
292 1042
292 1252
292 1445
292 1776
292 1822
292 1879
293 1309
293 1473
293 1493
293 1645
293 1788
293 1793
293 1861
294 652
294 1093
294 1143
294 1473
294 1653
294 1744
294 1822
294 1852
294 1858
294 1898
294 1948
295 428
295 841
295 964
295 1091
295 1164
295 1384
295 1459
295 1503
295 1570
295 1934
296 472
296 583
296 658
296 802
296 1023
296 1416
297 876
297 1031
297 1045
297 1068
297 1121
297 1133
297 1195
297 1423
297 1537
297 1692
298 483
298 695
298 811
298 996
298 1566
298 1693
298 1880
299 376
299 448
299 1072
299 1232
299 1381
299 1514
299 1913
300 482
300 643
300 980
300 1070
300 1203
300 1614
300 1634
300 1727
300 1811
300 1925
300 1982
301 529
301 783
301 844
301 959
301 1204
301 1428
301 1570
301 1584
301 1871
302 410
302 562
302 631
302 641
302 912
303 708
303 771
303 902
303 1230
303 1332
303 1368
303 1531
303 1705
303 1774
304 480
304 750
304 1037
304 1142
304 1191
304 1288
304 1426
304 1460
304 1530
304 1556
305 456
305 881
305 908
305 1012
305 1205
305 1489
305 1759
305 1786
306 422
306 565
306 739
306 1139
306 1223
306 1519
306 1649
307 321
307 334
307 478
307 545
307 847
307 910
307 984
307 1548
307 1646
307 1707
307 1994
308 648
308 651
308 668
308 768
308 1440
308 1685
308 1827
308 1867
308 1938
309 797
309 861
309 965
309 1382
310 601
310 652
310 751
310 1790
310 1956
311 544
311 610
311 617
311 966
311 1220
311 1563
312 367
312 751
312 774
312 1420
312 1467
312 1594
312 1670
312 1843
312 1903
313 527
313 884
313 929
313 1048
313 1204
313 1315
314 559
314 856
314 969
314 1170
314 1231
314 1414
314 1434
314 1732
315 526
315 641
315 646
315 667
315 992
315 1125
315 1129
315 1471
315 1535
316 376
316 441
316 602
316 979
316 1007
316 1012
316 1368
316 1536
316 1754
316 1980
317 1194
317 1315
317 1344
317 1827
318 474
318 682
318 1113
318 1186
318 1501
318 1531
318 1675
318 1825
319 439
319 756
319 1027
319 1035
319 1890
320 600
320 681
320 685
320 715
320 761
320 788
320 932
320 959
320 1394
320 1925
320 1952
321 430
321 470
321 515
321 582
321 982
321 1084
321 1104
321 1170
321 1791
321 1819
321 1822
322 1164
322 1221
322 1356
322 1392
322 1473
322 1572
322 1577
322 1621
322 1790
322 1814
322 1846
322 1919
323 535
323 690
323 1622
323 1760
323 1850
324 632
324 879
324 1121
324 1187
324 1286
324 1810
324 1890
325 475
325 606
325 1021
325 1068
325 1166
325 1242
325 1547
325 1720
325 1807
325 1925
326 703
326 780
326 876
326 903
326 1140
326 1210
326 1737
326 1980
327 344
327 871
327 1247
327 1421
327 1611
327 1805
327 1828
328 515
328 516
328 581
328 726
328 993
328 1000
328 1017
328 1126
328 1345
328 1975
328 1982
329 611
329 950
329 984
329 1774
329 1836
329 1923
329 1965
330 448
330 737
330 832
330 986
330 1161
330 1761
330 1994
331 510
331 555
331 698
331 1425
331 1573
332 631
332 969
332 1138
332 1321
332 1469
332 1567
332 1613
333 438
333 440
333 454
333 877
333 933
333 1156
333 1261
333 1304
333 1473
333 1630
334 1701
334 1966
335 767
335 868
335 1139
335 1195
335 1334
336 399
336 581
336 796
336 849
336 868
336 1013
336 1121
336 1397
336 1733
337 948
337 991
337 1019
337 1918
337 1991
338 600
338 629
338 802
338 904
338 950
338 1028
338 1503
338 1601
338 1875
339 347
339 535
339 810
339 912
339 1200
339 1327
339 1554
339 1682
339 1743
340 709
340 837
340 1113
340 1380
340 1712
340 1914
340 1974
341 608
341 645
341 677
341 688
341 810
341 886
341 1112
341 1172
341 1179
341 1285
341 1753
342 680
342 1236
342 1256
342 1564
343 478
343 486
343 536
343 1149
344 511
344 543
344 744
344 1567
345 369
345 581
345 947
345 1001
345 1019
345 1279
346 437
346 849
346 939
346 1242
346 1407
346 1741
346 1840
347 383
347 461
347 1059
347 1403
347 1529
347 1531
348 414
348 415
348 424
348 456
348 719
348 744
348 1737
348 1760
348 1910
348 1943
349 904
349 1005
349 1824
349 1961
350 562
350 650
350 839
350 1169
350 1515
350 1573
350 1922
351 703
351 791
351 795
351 903
351 946
351 958
351 976
352 534
352 660
352 874
352 919
352 1286
352 1370
352 1860
352 1989
353 580
353 1025
353 1055
353 1074
353 1105
353 1175
353 1188
353 1868
353 1936
354 558
354 891
354 1073
354 1077
354 1495
354 1539
354 1865
354 1915
355 471
355 608
355 670
355 821
355 991
355 1036
355 1899
356 673
356 1212
356 1234
356 1774
356 1782
357 561
357 666
357 1015
357 1498
357 1977
358 510
358 540
358 785
358 1119
358 1233
358 1356
358 1639
359 566
359 683
359 755
359 1579
359 1798
360 548
360 1170
360 1328
360 1725
360 1781
361 552
361 565
361 643
361 1042
361 1327
361 1406
361 1507
361 1640
361 1661
362 599
362 1192
362 1771
362 1788
363 759
363 897
363 1079
363 1265
363 1284
363 1417
363 1671
364 534
364 613
364 653
364 790
364 1315
364 1355
364 1363
364 1388
364 1533
364 1809
364 1912
364 1914
364 1934
365 429
365 614
365 720
365 1178
365 1391
365 1417
365 1962
366 716
366 1040
366 1046
366 1064
366 1109
366 1370
366 1506
366 1583
366 1685
367 667
367 670
367 717
367 939
367 1297
367 1608
367 1741
367 1965
368 484
368 660
368 859
368 1200
369 538
369 583
369 775
369 830
369 875
369 1395
369 1660
369 1722
369 1764
369 1881
370 382
370 556
370 664
370 758
370 873
370 1309
370 1661
371 699
371 842
371 870
371 1028
371 1186
371 1325
371 1737
372 556
372 993
372 1152
372 1348
372 1381
372 1410
372 1452
372 1602
372 1656
372 1667
372 1903
372 1964
373 799
373 1012
373 1043
373 1410
373 1458
373 1684
373 1906
374 631
374 803
374 1169
374 1237
374 1271
374 1557
374 1631
374 1652
374 1748
374 1884
375 745
375 845
375 885
375 1057
375 1698
375 1764
375 1791
375 1809
375 1816
375 1941
376 546
376 863
376 1023
376 1145
376 1245
376 1587
377 442
377 765
377 895
377 985
377 1120
377 1746
377 1894
377 1948
378 505
378 695
378 829
378 953
378 1055
378 1119
378 1608
378 1680
378 1933
378 1937
379 477
379 725
379 1962
380 508
380 646
380 1014
380 1415
380 1450
380 1488
380 1582
380 1665
380 1767
380 1799
381 414
381 510
381 514
381 1172
381 1318
381 1319
381 1438
381 1621
381 1947
382 545
382 703
382 936
382 1157
382 1442
383 678
383 1073
383 1098
383 1979
383 1996
384 434
384 477
384 581
384 756
384 860
384 975
384 1336
384 1407
384 1604
385 653
385 659
385 1364
385 1555
385 1723
385 1768
386 427
386 449
386 595
386 1117
386 1195
386 1892
387 656
387 852
387 1182
387 1225
387 1236
387 1248
387 1410
387 1493
387 1516
387 1820
387 1955
387 1985
388 427
388 1571
388 1578
388 1656
388 1904
388 1940
389 405
389 406
389 536
389 568
389 851
389 1048
389 1055
389 1146
389 1425
389 1450
389 1591
390 609
390 838
390 868
390 980
390 1192
391 658
391 672
391 717
391 1039
391 1119
391 1214
391 1742
391 1768
391 1899
391 1940
392 584
392 785
392 849
392 977
392 1026
392 1374
392 1479
392 1500
392 1556
392 1603
392 1687
393 475
393 1397
393 1551
393 1827
393 1896
394 736
394 789
394 1025
394 1137
394 1480
394 1855
394 1949
395 405
395 417
395 529
395 690
395 1252
395 1381
395 1512
395 1968
396 545
396 804
396 949
396 990
396 1519
396 1540
396 1693
396 1941
397 420
397 846
397 927
397 1171
397 1461
397 1705
397 1843
398 916
398 939
398 1190
398 1245
398 1254
398 1392
398 1777
399 689
399 792
399 1126
399 1293
399 1356
399 1779
399 1852
399 1873
399 1945
400 556
400 583
400 758
400 856
400 982
400 1369
400 1577
400 1795
400 1873
400 1965
401 822
401 910
401 936
401 986
401 1477
401 1852
402 460
402 502
402 633
402 712
402 1489
402 1704
403 554
403 714
403 818
403 847
403 1224
403 1547
403 1635
403 1669
403 1695
403 1698
404 532
404 621
404 661
404 747
404 905
404 1141
404 1408
404 1893
405 514
405 563
405 595
405 1162
405 1964
406 614
406 752
406 797
406 982
406 1031
406 1537
406 1586
406 1680
406 1722
406 1761
406 1781
406 1917
407 468
407 1067
407 1101
407 1243
407 1880
407 1955
408 577
408 1225
408 1326
408 1431
408 1451
409 458
409 487
409 567
409 782
409 1388
409 1509
410 547
410 704
410 837
410 1231
410 1709
410 1769
411 428
411 555
411 573
411 908
411 939
411 1093
411 1248
411 1381
411 1402
411 1562
411 1833
412 627
412 773
412 822
412 957
412 1018
412 1043
412 1052
412 1532
412 1735
413 415
413 510
413 572
413 801
413 1188
413 1191
413 1283
413 1444
413 1562
413 1598
414 863
414 878
414 1114
414 1250
414 1581
414 1997
415 719
415 817
415 1039
415 1689
415 1749
415 1988
416 422
416 653
416 939
416 1322
416 1588
416 1679
416 1775
416 1850
417 532
417 942
417 1298
417 1324
417 1478
417 1520
417 1552
417 1587
417 1979
418 1184
418 1260
418 1523
419 741
419 965
419 983
419 1128
419 1138
419 1599
419 1802
420 616
420 1572
421 440
421 549
421 597
421 718
421 906
421 1001
421 1095
421 1288
421 1356
421 1559
422 431
422 580
422 605
422 722
422 810
422 845
422 1071
422 1243
422 1582
422 1618
422 1950
423 675
423 978
423 1160
423 1303
423 1390
423 1565
423 1900
423 1959
424 571
424 1016
424 1376
424 1402
424 1500
424 1611
424 1615
424 1897
425 462
425 489
425 713
425 841
425 894
425 920
425 1281
425 1480
425 1775
425 1845
426 1688
426 1801
426 1937
427 663
427 744
427 752
427 868
427 1397
427 1482
427 1725
427 1738
428 1439
428 1440
428 1536
428 1775
428 1841
429 517
429 873
429 959
429 1059
429 1201
429 1330
429 1475
429 1644
429 1729
430 525
430 736
430 970
430 1041
430 1106
430 1268
430 1294
430 1697
430 1699
430 1736
430 1815
431 696
431 804
431 944
431 1166
431 1261
431 1804
432 629
432 689
432 1211
432 1367
432 1686
433 442
433 552
433 1765
433 1920
434 448
434 665
434 967
434 1114
434 1164
434 1231
434 1412
434 1811
434 1871
434 1978
435 523
435 666
435 764
435 897
435 1358
435 1439
435 1580
435 1585
435 1656
435 1817
435 1866
435 1923
436 513
436 606
436 906
436 1157
436 1574
436 1883
437 495
437 838
437 1546
437 1699
437 1895
438 615
438 736
438 792
438 1376
438 1805
439 778
439 1076
439 1081
439 1316
439 1329
439 1522
439 1758
439 1946
440 558
440 878
440 987
440 1235
440 1421
440 1583
440 1604
440 1647
440 1663
440 1875
440 1969
441 552
441 821
441 842
441 1104
441 1140
441 1149
441 1228
441 1964
442 518
442 695
442 1012
442 1661
442 1709
442 1793
443 497
443 544
443 555
443 638
443 714
443 890
443 1275
444 891
444 939
444 1151
444 1637
444 1721
445 576
445 664
445 827
445 1086
445 1132
445 1172
445 1336
445 1432
445 1997
446 585
446 801
446 1050
446 1067
446 1106
446 1188
446 1695
446 1865
447 516
447 780
447 1052
447 1134
447 1472
447 1562
447 1741
448 500
448 769
448 1321
448 1365
448 1768
449 687
449 726
449 875
449 1482
449 1597
450 643
450 751
450 779
450 791
450 894
450 1020
450 1241
450 1369
450 1739
450 1860
451 946
451 964
451 1069
451 1258
451 1303
451 1787
451 1881
451 1949
452 688
452 1139
452 1165
452 1418
452 1575
452 1588
453 520
453 1050
453 1051
453 1429
453 1436
453 1513
453 1967
454 753
454 1036
454 1612
454 1871
454 1903
455 779
455 782
455 918
455 1123
455 1697
455 1885
456 497
456 766
456 1091
456 1276
456 1336
456 1529
456 1550
457 537
457 705
457 809
457 821
457 1320
457 1576
458 716
458 928
458 1167
458 1336
458 1396
458 1502
458 1710
458 1884
458 1976
459 611
459 726
459 838
459 846
459 1530
459 1586
459 1645
459 1861
459 1906
460 513
460 542
460 556
460 560
460 569
460 707
460 770
460 1136
460 1146
460 1247
460 1384
460 1509
460 1548
460 1564
460 1690
460 1803
460 1967
461 527
461 606
461 722
461 734
461 815
461 915
461 919
461 1627
461 1783
461 1867
461 1934
462 543
462 629
462 646
462 688
462 765
462 895
462 1527
462 1819
462 1975
463 883
463 1430
463 1599
463 1654
464 899
464 962
464 1106
464 1199
464 1258
464 1527
464 1715
464 1732
464 1931
465 553
465 554
465 1143
465 1715
465 1787
465 1793
465 1807
465 1868
465 1913
465 1958
466 578
466 647
466 739
466 1029
466 1149
466 1233
466 1259
466 1383
466 1727
467 472
467 668
467 873
467 1013
467 1029
467 1261
467 1841
468 735
468 1111
468 1562
468 1876
468 1919
469 934
469 1951
469 1975
470 638
470 733
471 570
471 571
471 691
471 744
471 1030
471 1386
471 1486
471 1533
471 1702
471 1827
471 1888
471 1979
472 949
472 974
472 1052
472 1084
472 1626
472 1656
472 1673
473 1029
473 1286
473 1665
473 1818
473 1958
474 526
474 566
474 581
474 1068
474 1347
474 1477
475 513
475 1081
475 1250
475 1400
475 1458
475 1523
475 1529
476 478
476 1026
476 1030
477 604
477 672
477 867
477 962
477 1451
477 1565
477 1594
478 495
478 742
478 806
478 815
478 900
478 1108
478 1215
478 1335
478 1495
478 1550
478 1630
478 1937
479 556
479 789
479 1014
479 1201
479 1233
479 1250
479 1361
479 1647
479 1987
480 620
480 776
480 887
480 1061
480 1372
480 1551
480 1570
480 1753
481 1143
481 1397
481 1577
481 1604
481 1637
481 1665
481 1668
482 491
482 662
482 673
482 735
482 907
482 948
482 1139
482 1203
482 1385
482 1484
482 1562
482 1589
483 709
483 936
483 1011
483 1072
483 1208
483 1674
483 1691
483 1714
484 809
484 888
484 916
484 919
484 1550
484 1855
485 926
485 1550
485 1822
485 1971
486 807
486 1418
486 1486
486 1659
486 1725
486 1812
487 539
487 651
487 1047
487 1335
487 1365
487 1565
487 1737
488 741
488 942
488 1041
488 1198
488 1463
488 1764
489 577
489 633
489 921
489 954
489 1070
489 1215
489 1225
489 1733
489 1738
489 1775
490 557
490 588
490 805
490 925
490 1191
490 1287
490 1612
490 1715
490 1763
491 499
491 564
491 596
491 632
491 918
491 936
491 1016
491 1605
491 1741
491 1851
492 521
492 603
492 679
492 783
492 1085
492 1373
492 1690
492 1920
493 807
493 909
493 1046
493 1332
493 1689
494 735
494 833
494 1278
494 1289
494 1315
494 1619
494 1629
494 1665
495 847
495 896
495 988
495 1008
495 1766
496 708
496 1543
496 1769
496 1946
497 538
497 582
497 584
497 725
497 791
497 839
497 886
497 951
497 1179
497 1297
497 1314
497 1641
497 1915
498 687
498 1147
498 1499
498 1896
499 763
499 809
499 813
499 828
499 1111
499 1197
499 1966
500 502
500 601
500 800
500 841
500 1039
500 1247
500 1392
500 1599
500 1751
500 1831
501 1044
501 1455
501 1493
501 1517
501 1697
502 872
502 898
502 921
502 965
502 1027
502 1079
502 1154
502 1478
502 1649
502 1892
503 1346
503 1364
503 1522
503 1604
504 838
504 873
504 1036
504 1082
504 1529
504 1700
504 1807
505 678
505 853
505 891
505 1109
505 1224
505 1333
506 618
506 819
506 993
506 1073
506 1581
506 1958
507 584
507 809
507 1178
507 1287
507 1800
508 625
508 1032
508 1520
508 1584
508 1689
508 1934
509 538
509 739
509 911
509 1226
509 1251
509 1581
509 1856
509 1870
510 530
510 586
510 793
510 910
510 987
510 1275
510 1407
510 1660
510 1677
511 663
511 925
511 1524
511 1582
511 1671
511 1903
512 609
512 1579
513 687
513 840
513 1286
514 600
514 753
514 795
514 890
514 1023
514 1025
514 1250
514 1450
514 1479
514 1631
515 787
515 818
515 1026
515 1248
515 1285
515 1373
515 1459
515 1619
515 1678
515 1960
516 1121
516 1164
516 1279
516 1299
516 1602
516 1656
516 1836
517 728
517 848
517 1140
517 1219
517 1260
517 1353
517 1400
517 1481
517 1844
517 1875
518 536
518 604
518 707
518 821
518 916
518 971
518 985
518 994
518 1008
518 1065
518 1069
518 1147
518 1424
518 1492
518 1504
518 1658
519 541
519 831
519 1073
519 1188
519 1324
519 1412
519 1447
519 1736
519 1961
520 720
520 762
520 836
520 1701
520 1953
520 1979
521 827
521 1300
521 1527
521 1765
522 583
522 788
522 979
522 1675
522 1834
522 1912
523 833
523 870
523 901
523 993
523 1089
523 1474
523 1575
523 1597
523 1623
523 1805
523 1905
524 592
524 763
524 962
524 1062
524 1286
524 1541
524 1699
524 1723
524 1784
524 1942
525 559
525 570
525 749
525 818
525 902
525 1087
525 1156
525 1323
525 1348
525 1359
525 1644
525 1662
525 1692
525 1847
526 625
526 646
526 758
526 926
526 1001
526 1099
526 1305
526 1908
527 655
527 919
527 1122
527 1267
528 1119
528 1636
529 887
529 1393
529 1429
529 1431
529 1558
529 1575
529 1786
529 1990
530 995
530 1236
530 1477
530 1564
530 1687
531 559
531 708
531 1206
531 1245
531 1559
531 1896
532 605
532 611
532 662
532 984
532 1038
532 1046
532 1239
532 1364
532 1563
532 1886
533 726
533 849
533 874
533 944
533 1262
533 1271
533 1315
533 1448
533 1473
533 1482
533 1664
533 1681
533 1824
534 612
534 796
534 809
534 933
534 1433
534 1538
534 1611
534 1624
534 1718
534 1772
535 599
535 747
535 940
535 1250
535 1422
535 1744
536 709
536 1429
536 1530
536 1613
536 1642
536 1860
537 543
537 579
537 1003
537 1079
538 574
538 584
538 992
538 1882
539 655
539 706
539 781
539 903
539 1209
539 1623
540 1267
540 1524
540 1580
540 1581
540 1882
540 1953
541 754
541 918
541 1036
541 1054
541 1340
541 1850
542 676
542 1664
542 1680
542 1788
543 562
543 885
543 1108
543 1364
543 1800
543 1899
543 1952
544 657
544 769
544 801
544 1278
544 1653
544 1872
545 633
545 634
545 818
545 1017
545 1237
545 1818
545 1839
546 594
546 714
546 848
546 1159
546 1172
546 1235
546 1253
546 1471
546 1571
546 1708
546 1925
547 615
547 910
547 1267
547 1453
548 827
548 1189
548 1292
548 1413
548 1548
548 1608
548 1690
548 1731
548 1791
548 1984
549 610
549 820
549 1209
549 1335
549 1360
549 1932
550 574
550 804
550 880
551 938
551 1114
551 1188
551 1572
552 681
552 684
552 688
552 833
552 892
552 1011
552 1055
552 1372
552 1483
553 632
553 716
553 1002
553 1020
553 1157
553 1220
553 1274
553 1648
553 1917
554 996
554 1551
554 1916
554 1959
555 868
555 872
555 919
555 985
555 1103
555 1187
555 1600
555 1966
556 644
556 791
556 999
556 1070
556 1154
556 1758
556 1902
556 1921
556 1949
556 1952
557 660
557 1220
557 1531
557 1599
558 1003
558 1050
558 1243
558 1672
559 580
559 589
559 591
559 820
559 913
559 1017
559 1291
559 1304
559 1604
559 1994
560 988
560 1319
560 1736
560 1836
561 787
561 950
561 1564
561 1833
561 1888
561 1897
562 849
562 919
562 1252
562 1315
562 1345
562 1749
562 1997
563 889
563 1135
563 1503
563 1508
563 1763
563 1909
564 608
564 889
564 1029
564 1397
564 1569
565 591
565 663
565 1523
565 1572
565 1615
565 1853
566 991
566 1063
566 1094
566 1264
566 1321
566 1465
567 666
567 1175
567 1250
567 1425
567 1478
567 1677
567 1734
567 1742
568 986
568 1109
568 1135
568 1617
568 1657
569 992
569 1238
569 1846
569 1874
569 1877
570 635
570 844
570 947
570 1141
570 1190
570 1367
570 1919
570 1949
571 859
571 1587
571 1638
571 1876
572 632
572 808
572 903
572 996
572 1156
572 1216
572 1432
573 582
573 911
573 1128
573 1603
573 1663
574 675
574 940
574 1091
574 1166
574 1226
574 1259
574 1261
574 1273
574 1285
574 1328
574 1405
574 1716
574 1782
574 1971
575 638
575 674
575 919
575 1033
575 1288
575 1475
575 1554
575 1656
575 1822
576 764
576 950
576 1233
576 1414
576 1619
576 1832
577 655
577 810
578 801
578 851
578 1114
578 1135
578 1837
579 633
579 642
579 861
579 1131
579 1275
579 1702
579 1812
580 583
580 1005
580 1333
580 1644
580 1903
581 786
581 819
581 1066
581 1279
581 1579
581 1836
582 765
582 921
582 1011
582 1259
582 1281
582 1318
582 1347
582 1363
582 1395
582 1401
582 1454
582 1981
583 1641
583 1733
584 758
584 1189
584 1335
585 586
585 707
585 1224
585 1249
585 1369
585 1686
586 739
586 756
586 838
586 1242
586 1420
586 1747
586 1832
586 1896
586 1898
587 784
587 999
587 1033
587 1368
587 1585
588 1006
588 1339
588 1634
588 1788
588 1864
588 1951
589 601
589 702
589 1324
589 1371
589 1459
589 1635
589 1757
589 1778
589 1847
589 1940
590 658
590 937
590 948
590 1007
590 1967
591 616
591 685
591 745
591 852
591 1288
591 1865
592 592
592 611
592 1281
592 1400
592 1611
592 1807
593 653
593 690
593 750
593 1194
593 1527
594 707
594 962
594 1148
594 1323
594 1408
594 1496
595 823
595 855
595 1125
595 1155
596 1030
596 1168
596 1448
596 1474
596 1565
596 1626
596 1669
596 1833
596 1995
597 1419
597 1515
597 1572
597 1656
597 1662
597 1674
597 1752
597 1880
597 1898
598 676
598 677
598 817
598 978
598 1954
599 683
599 990
599 1107
599 1409
599 1794
599 1867
599 1962
600 628
600 671
600 922
600 986
600 1647
600 1855
601 934
601 1025
601 1383
601 1441
601 1544
601 1870
602 644
602 724
602 850
602 906
602 1145
602 1232
602 1326
602 1843
602 1849
603 745
603 844
603 862
603 1212
603 1436
603 1478
603 1756
604 635
604 738
604 933
604 998
604 1003
604 1046
604 1050
604 1280
604 1756
604 1853
605 625
605 699
605 953
605 1230
605 1411
605 1416
605 1485
605 1529
605 1756
605 1884
606 760
606 839
606 1297
606 1425
606 1734
607 780
607 967
607 1039
607 1478
607 1661
607 1848
608 686
608 788
608 820
608 1027
608 1037
608 1633
608 1844
608 1899
608 1925
609 1161
609 1299
609 1388
609 1466
609 1695
609 1741
610 1042
610 1519
610 1524
611 617
611 948
611 1255
611 1424
611 1628
611 1667
611 1704
611 1882
611 1985
612 971
612 1021
612 1355
612 1359
612 1466
612 1561
612 1603
612 1608
612 1651
612 1859
613 626
613 853
613 1396
613 1461
613 1654
614 863
614 1551
614 1576
614 1834
615 1041
615 1254
615 1814
616 720
616 1014
616 1281
616 1328
616 1536
617 1247
617 1392
617 1690
618 1298
618 1392
618 1520
618 1532
618 1859
618 1937
619 742
619 1077
619 1130
619 1151
619 1213
619 1253
619 1435
619 1693
619 1707
620 820
620 871
620 1135
620 1198
620 1267
620 1380
620 1404
620 1644
620 1674
620 1734
621 629
621 801
621 1090
621 1150
621 1643
621 1830
621 1959
622 793
622 800
622 835
622 842
622 851
622 1570
622 1700
622 1849
623 733
623 1248
623 1364
623 1807
624 739
624 861
624 1017
624 1279
624 1367
624 1644
625 947
625 975
625 978
625 1361
625 1553
625 1615
625 1709
625 1716
626 671
626 677
626 683
626 893
626 908
626 1733
627 689
627 938
627 1055
627 1067
627 1353
627 1721
627 1985
628 746
628 799
628 1020
628 1784
628 1942
629 879
629 910
629 1085
629 1097
629 1359
629 1388
629 1602
629 1739
630 663
630 799
630 1036
630 1062
630 1129
630 1433
630 1525
630 1535
630 1626
630 1696
631 798
631 940
631 1490
631 1783
632 762
632 1180
632 1609
632 1769
632 1800
632 1944
633 847
633 1267
633 1304
633 1664
634 793
634 797
634 1421
634 1444
634 1613
634 1710
634 1984
635 651
635 707
635 1312
636 674
636 971
636 1340
636 1884
637 747
637 1089
637 1159
637 1217
637 1760
637 1859
638 650
638 663
638 859
638 1045
638 1712
638 1925
639 724
639 924
639 1000
639 1078
639 1604
639 1786
639 1946
640 845
640 879
640 1492
640 1607
640 1710
640 1809
641 743
641 832
641 1057
641 1117
641 1685
642 1011
642 1126
642 1272
642 1386
642 1723
642 1967
642 1997
642 1999
643 815
643 824
643 995
643 1069
643 1075
643 1368
643 1864
643 1949
644 1245
644 1304
644 1341
644 1370
645 939
645 1164
645 1181
645 1341
645 1566
646 753
646 776
646 1229
646 1477
646 1497
646 1593
646 1726
646 1727
646 1847
646 1892
647 1079
647 1175
647 1635
648 1062
648 1276
648 1378
648 1612
648 1637
648 1810
649 746
649 1013
649 1176
649 1340
649 1361
649 1498
649 1542
649 1794
649 1887
650 1150
650 1497
650 1912
651 709
651 1052
651 1220
651 1278
651 1629
651 1975
651 1978
652 697
652 820
652 836
652 947
652 954
652 956
652 1094
652 1118
652 1272
652 1311
652 1430
652 1552
652 1646
653 1037
653 1238
653 1356
653 1491
653 1678
653 1764
653 1930
653 1994
654 884
654 920
654 1442
654 1482
654 1704
655 1016
655 1066
655 1471
655 1692
655 1814
656 842
656 1061
656 1712
656 1938
657 918
657 1018
657 1308
657 1564
657 1904
658 826
658 1230
658 1380
658 1805
658 1969
659 802
659 864
659 985
659 1316
659 1861
659 1901
660 703
660 778
660 842
660 1179
660 1229
660 1271
660 1585
660 1746
660 1832
661 909
661 911
661 979
661 1083
661 1135
661 1195
661 1296
661 1459
661 1540
661 1558
661 1712
661 1803
661 1879
662 895
662 1117
662 1191
662 1488
662 1559
662 1650
662 1823
662 1936
663 915
663 997
663 1343
663 1885
664 917
664 960
664 1025
664 1239
664 1365
664 1416
664 1489
664 1673
664 1732
664 1887
664 1924
664 1969
665 1148
665 1151
665 1592
665 1711
665 1876
665 1935
666 717
666 785
666 800
666 975
666 1133
666 1230
666 1536
666 1897
667 702
667 709
667 1129
667 1338
667 1499
667 1734
668 804
668 964
668 1025
668 1037
668 1111
668 1434
668 1485
668 1634
668 1708
668 1805
668 1934
669 1232
669 1276
669 1429
669 1461
669 1719
669 1734
669 1757
669 1805
669 1847
669 1917
670 703
670 849
670 988
670 1070
670 1123
670 1305
670 1503
670 1665
670 1900
671 1058
671 1112
671 1561
671 1611
671 1737
672 681
672 1024
672 1223
672 1293
672 1332
672 1387
672 1421
672 1553
672 1783
673 1842
674 845
674 1331
674 1349
674 1492
674 1656
674 1763
675 1573
676 752
676 923
676 948
676 1214
676 1645
676 1719
677 737
677 1007
677 1195
677 1239
677 1412
677 1452
677 1529
677 1566
677 1606
678 944
678 1698
678 1758
678 1874
678 1916
678 1983
679 692
679 1195
679 1262
680 983
680 1170
680 1241
680 1503
680 1642
680 1911
681 1462
681 1548
682 729
682 811
682 1349
682 1433
682 1455
682 1473
682 1701
683 787
683 890
683 990
683 1271
683 1564
683 1907
684 870
684 998
684 1328
684 1582
684 1786
685 1108
685 1548
685 1895
686 1133
686 1210
687 705
687 715
687 728
687 858
687 943
687 1307
687 1362
687 1921
688 723
688 751
688 754
688 888
688 937
688 1302
688 1330
688 1891
689 776
689 826
689 979
689 1349
689 1464
689 1576
689 1817
690 1106
690 1249
690 1475
690 1480
690 1526
690 1637
690 1645
691 697
691 1135
691 1267
691 1280
691 1510
691 1596
691 1613
691 1636
691 1806
692 1138
692 1476
693 757
693 977
693 1314
693 1398
693 1856
693 1876
694 1166
694 1380
694 1626
695 1410
695 1598
695 1714
695 1803
695 1836
696 754
696 1177
696 1217
697 1186
697 1354
697 1396
697 1647
697 1887
698 723
698 738
698 1039
698 1049
698 1582
699 700
699 1080
699 1324
699 1377
699 1513
700 765
700 1377
700 1676
700 1963
701 783
701 1061
701 1270
701 1638
701 1720
701 1721
701 1763
702 1130
702 1304
702 1408
702 1522
702 1786
702 1819
703 1299
703 1347
703 1667
703 1699
703 1762
704 986
704 1307
704 1910
705 1393
705 1864
705 1876
705 1963
706 806
706 810
706 893
706 1353
706 1522
706 1740
706 1931
707 1171
707 1483
707 1592
708 1117
708 1222
708 1428
708 1626
709 1074
709 1437
709 1857
709 1932
710 810
710 865
710 934
710 1518
710 1663
710 1870
711 988
711 1199
711 1280
711 1843
712 1168
712 1206
712 1864
712 1924
713 741
713 1785
714 801
714 1185
714 1194
714 1204
714 1260
714 1374
714 1469
714 1567
714 1958
715 1006
715 1518
715 1782
715 1795
715 1934
716 798
716 838
716 1189
716 1492
716 1873
717 933
717 1183
717 1503
717 1536
717 1542
717 1741
717 1743
718 743
718 769
718 840
718 1260
718 1440
718 1675
718 1860
718 1880
718 1896
718 1948
719 780
719 1000
719 1110
719 1171
719 1922
719 1988
720 1177
720 1394
720 1795
721 768
721 817
721 1087
721 1132
721 1168
721 1383
721 1748
721 1963
722 830
722 1094
722 1112
722 1122
722 1125
722 1314
723 969
723 976
723 1182
723 1357
723 1508
723 1618
723 1878
723 1901
723 1929
723 1932
724 1210
724 1443
724 1514
724 1744
724 1864
724 1903
725 1529
725 1586
725 1784
725 1945
725 1960
726 744
726 1134
726 1215
726 1414
726 1494
726 1522
726 1877
726 1879
726 1970
727 761
727 1064
727 1321
727 1435
727 1956
728 811
728 817
728 906
728 1112
728 1440
728 1547
728 1608
728 1706
728 1717
728 1741
728 1932
729 746
729 755
729 838
729 1570
729 1583
729 1773
729 1846
729 1918
730 830
730 958
730 1067
730 1109
730 1355
730 1432
730 1481
730 1495
730 1534
730 1979
731 1160
731 1326
731 1387
732 795
732 981
732 1229
732 1571
732 1941
733 742
733 1002
733 1104
733 1117
733 1366
733 1658
733 1782
733 1966
734 1050
734 1120
734 1190
734 1670
735 898
735 1901
735 1929
735 1999
736 899
736 1014
736 1052
736 1227
736 1376
736 1377
736 1444
736 1699
736 1752
736 1921
737 1250
737 1439
737 1661
737 1703
737 1747
737 1966
737 1974
738 755
738 928
738 974
738 1530
738 1946
739 804
739 1454
739 1678
739 1896
739 1954
739 1992
740 973
740 1471
740 1700
741 757
741 945
741 1055
741 1641
741 1797
741 1937
741 1962
742 1229
742 1871
743 819
743 824
743 865
743 933
743 946
743 1075
743 1079
744 825
744 915
744 980
744 1520
744 1792
744 1961
745 822
745 972
745 1426
745 1667
745 1804
746 922
746 952
746 1050
746 1527
746 1838
746 1945
747 1061
747 1502
747 1509
747 1594
747 1779
747 1988
748 846
748 1125
748 1189
748 1295
748 1406
748 1631
749 858
749 927
749 1013
749 1086
749 1172
749 1503
749 1521
750 1066
750 1591
750 1601
750 1710
751 838
751 1109
751 1240
752 764
752 1155
752 1350
752 1522
753 782
753 839
753 1034
753 1586
753 1776
754 1710
755 770
755 896
755 1091
755 1235
755 1381
755 1438
756 1079
756 1139
756 1204
756 1678
757 801
757 1300
757 1428
757 1761
758 821
758 1116
758 1320
758 1484
758 1885
759 1200
759 1584
759 1823
760 780
760 902
760 1128
760 1873
761 1597
761 1747
762 863
762 1089
762 1376
762 1856
763 840
763 939
763 1343
763 1524
763 1919
764 939
764 982
764 1517
764 1613
764 1849
765 910
765 1144
765 1160
765 1431
765 1694
766 1318
766 1509
766 1558
766 1615
766 1629
767 903
767 1069
767 1128
767 1139
767 1220
767 1269
767 1352
767 1497
767 1651
767 1709
767 1887
768 811
768 1896
769 928
769 1027
769 1184
769 1203
769 1554
769 1767
769 1816
769 1875
769 1929
770 878
770 930
770 1506
770 1575
770 1646
770 1892
771 877
771 1078
771 1100
771 1251
771 1426
771 1854
771 1975
772 788
772 891
772 1050
772 1285
772 1330
772 1564
772 1729
772 1767
772 1956
773 862
773 1572
773 1804
773 1866
773 1877
773 1963
774 790
774 839
774 895
774 920
774 1109
774 1130
774 1227
774 1237
774 1573
774 1764
774 1966
775 1359
775 1402
775 1511
775 1612
775 1796
776 1157
776 1193
776 1400
776 1893
776 1957
777 1184
778 1023
778 1288
778 1336
778 1536
779 815
779 908
779 1254
779 1435
779 1999
780 960
780 1157
780 1444
780 1634
781 875
781 1170
781 1430
781 1979
782 889
782 1233
782 1572
782 1611
783 850
783 1342
783 1430
783 1455
783 1459
783 1658
783 1792
783 1944
784 1183
784 1261
784 1484
784 1553
785 893
785 1020
785 1204
785 1384
785 1602
786 1021
786 1027
786 1067
786 1124
786 1616
786 1841
787 1056
787 1180
787 1770
787 1882
787 1967
787 1994
788 809
788 1040
788 1269
788 1369
788 1647
788 1839
789 789
789 810
789 976
789 1079
789 1214
789 1359
789 1738
789 1850
790 902
790 948
790 972
790 1761
790 1777
790 1796
791 980
791 1325
791 1467
791 1886
792 940
792 951
792 1061
792 1090
792 1193
792 1294
792 1331
792 1718
792 1784
792 1809
793 1586
793 1778
793 1977
794 800
794 805
794 914
794 982
794 1247
794 1862
795 1379
795 1431
795 1544
795 1545
795 1549
795 1952
796 944
796 945
796 985
796 1033
796 1646
796 1682
796 1781
796 1992
797 1146
797 1613
798 855
798 1228
798 1447
798 1738
799 910
799 1393
799 1414
799 1509
799 1535
799 1983
800 1403
800 1417
800 1612
800 1646
800 1821
800 1932
801 1663
801 1846
802 862
802 1066
802 1350
802 1649
802 1707
802 1741
802 1897
803 836
803 970
803 1100
803 1208
803 1372
803 1822
803 1908
804 809
804 1142
804 1380
804 1389
804 1457
804 1559
805 887
805 955
805 1500
805 1685
806 977
806 1054
806 1103
806 1373
806 1781
806 1987
807 830
807 935
807 1205
807 1538
807 1676
807 1929
808 878
809 842
809 940
809 1238
809 1638
810 818
810 1037
810 1281
810 1450
810 1643
810 1690
810 1723
811 828
811 977
811 1336
811 1364
811 1367
811 1456
811 1574
811 1644
811 1923
812 1291
812 1438
812 1630
812 1797
813 940
813 979
813 1011
813 1210
813 1298
813 1445
813 1544
813 1630
813 1863
814 1138
814 1361
814 1866
814 1950
815 1095
815 1174
815 1267
816 843
817 849
817 1002
817 1131
817 1465
817 1617
817 1647
817 1713
817 1725
817 1975
818 877
818 1023
818 1089
818 1219
818 1336
818 1551
819 1043
819 1277
819 1486
819 1800
819 1846
819 1879
820 965
820 1682
820 1709
820 1959
821 1020
821 1091
821 1424
821 1480
821 1566
821 1630
821 1683
821 1729
822 1070
822 1195
823 1193
823 1550
823 1638
823 1654
823 1731
823 1798
823 1816
824 833
824 931
824 1046
824 1090
824 1134
824 1261
824 1375
824 1424
824 1445
824 1771
824 1774
824 1838
824 1889
825 940
825 1178
825 1558
825 1641
825 1985
826 958
826 1166
826 1390
826 1393
826 1399
826 1613
826 1709
826 1848
827 827
827 1037
827 1555
828 852
828 1007
828 1493
828 1741
828 1816
828 1903
828 1938
828 1984
829 932
829 1334
829 1474
830 1446
831 1102
831 1279
831 1478
831 1722
831 1893
832 1009
832 1089
832 1114
832 1782
832 1933
833 851
833 1046
833 1584
833 1935
833 1949
834 1268
834 1406
834 1981
835 967
835 1001
835 1072
835 1214
835 1292
835 1294
835 1423
835 1455
836 930
836 1079
836 1350
836 1512
837 843
837 1250
837 1756
838 861
838 998
838 1708
838 1924
838 1988
839 1001
839 1693
839 1792
839 1892
839 1975
840 1020
840 1426
840 1483
840 1582
840 1755
840 1876
840 1975
841 1100
841 1310
841 1482
841 1504
841 1537
841 1650
841 1894
842 1200
842 1333
842 1538
842 1702
842 1815
842 1824
843 1013
843 1029
843 1242
843 1936
844 1090
844 1432
844 1440
845 877
845 947
845 1141
845 1197
845 1413
846 1180
846 1790
847 1020
847 1044
847 1118
847 1465
847 1607
847 1749
848 1163
848 1540
848 1569
848 1624
848 1796
848 1804
849 857
849 989
849 1719
849 1917
850 967
850 997
850 1350
850 1474
850 1858
850 1930
851 1028
851 1888
851 1895
852 970
852 1086
852 1110
852 1276
852 1398
852 1631
853 969
853 1213
853 1239
853 1243
853 1473
854 1065
854 1264
854 1311
854 1331
854 1478
854 1611
854 1949
855 1009
855 1068
855 1157
855 1673
855 1810
855 1828
856 949
856 1271
857 1607
857 1648
858 1032
858 1120
858 1181
858 1195
858 1600
858 1706
858 1735
858 1869
858 1913
859 1083
859 1097
859 1217
859 1256
859 1392
859 1829
860 962
860 1370
860 1540
860 1710
860 1801
860 1812
860 1853
861 1464
861 1581
861 1700
861 1773
862 913
862 1050
862 1152
862 1162
862 1229
862 1405
862 1481
862 1491
862 1578
862 1696
862 1873
862 1919
864 875
864 1157
864 1246
864 1413
864 1547
864 1917
865 923
865 1069
865 1321
865 1627
865 1880
865 1943
865 1962
866 1075
866 1440
866 1592
866 1654
866 1680
866 1720
866 1795
867 1397
867 1892
868 1107
868 1174
868 1201
868 1212
868 1227
868 1505
868 1634
868 1696
868 1787
868 1907
869 882
869 1003
869 1232
869 1559
869 1920
870 1122
870 1182
870 1679
871 978
871 1596
871 1991
872 907
872 990
872 1271
872 1316
872 1342
872 1444
872 1940
872 1983
873 1027
873 1307
873 1315
873 1552
873 1703
873 1735
874 1055
874 1727
875 1001
875 1064
875 1096
875 1201
875 1239
875 1318
875 1616
875 1846
876 1282
876 1391
876 1606
876 1637
876 1869
877 961
877 966
877 1340
877 1360
877 1534
877 1573
877 1857
878 1018
878 1099
878 1106
878 1255
878 1514
878 1606
878 1998
879 927
879 1090
879 1268
879 1288
879 1542
879 1752
879 1850
879 1957
880 886
880 901
880 1242
880 1306
880 1614
880 1963
881 889
881 1564
881 1723
881 1835
882 1408
883 947
883 1188
883 1432
883 1467
883 1644
883 1679
883 1813
883 1912
883 1914
884 1086
884 1151
884 1505
884 1632
884 1969
885 1249
885 1325
886 1144
886 1199
886 1265
886 1335
886 1651
886 1817
887 888
887 1198
887 1245
887 1305
887 1491
887 1806
887 1948
887 1986
888 1635
888 1831
889 902
889 1542
889 1650
889 1846
889 1913
890 1060
890 1086
890 1382
891 1163
891 1316
891 1620
891 1665
892 992
892 1049
892 1251
892 1425
892 1458
892 1639
892 1734
893 993
893 1268
893 1295
893 1307
893 1353
893 1362
893 1472
893 1750
894 1225
894 1332
894 1507
894 1518
894 1794
895 985
895 1059
895 1183
895 1313
895 1400
895 1414
896 1055
896 1113
896 1176
896 1330
896 1911
896 1944
897 1811
898 1377
898 1402
898 1422
898 1522
898 1688
898 1770
898 1818
898 1907
899 948
899 1000
899 1126
899 1272
899 1579
899 1838
900 1078
900 1121
901 1145
901 1305
901 1519
901 1553
901 1722
901 1772
901 1830
902 930
902 1035
902 1062
902 1245
902 1996
903 982
903 1341
903 1353
903 1375
903 1472
903 1570
903 1609
903 1968
903 1985
904 1078
904 1150
904 1362
904 1614
904 1713
904 1879
905 1310
905 1515
906 1049
906 1120
906 1415
906 1909
907 997
907 1150
907 1199
907 1561
907 1944
908 1028
909 1049
909 1429
909 1642
909 1662
910 944
910 1151
910 1408
910 1635
911 1060
911 1229
911 1402
911 1646
911 1696
911 1803
912 1014
912 1063
912 1319
912 1557
912 1595
913 1059
913 1161
913 1244
913 1388
913 1513
913 1559
913 1569
914 1692
915 922
915 1071
915 1090
915 1117
915 1381
915 1572
915 1665
916 1027
916 1462
916 1473
916 1542
916 1817
917 1045
917 1216
917 1455
917 1733
917 1836
917 1890
917 1943
918 958
918 1005
918 1104
918 1361
918 1501
919 1114
919 1128
919 1261
919 1514
919 1596
919 1640
919 1801
919 1863
920 1118
920 1226
920 1426
920 1482
920 1562
920 1835
920 1959
921 951
921 975
921 1088
921 1589
921 1974
922 1279
922 1753
922 1896
923 925
924 1116
924 1220
924 1268
924 1481
924 1710
924 1962
925 929
925 1619
925 1829
925 1995
926 955
926 1097
926 1550
926 1679
926 1805
926 1941
927 1151
927 1279
927 1602
927 1615
927 1761
928 1322
928 1326
928 1583
928 1858
929 1661
929 1910
929 1917
929 1953
930 1022
930 1106
930 1140
930 1289
930 1454
930 1492
930 1512
930 1769
930 1972
931 1374
931 1392
931 1536
931 1540
931 1676
931 1721
932 941
932 1180
932 1609
933 978
933 1441
934 1205
934 1259
934 1426
934 1514
935 1075
935 1213
935 1307
935 1557
935 1622
935 1719
935 1747
936 1297
936 1681
936 1728
937 981
937 1037
937 1115
937 1192
937 1255
937 1320
937 1404
937 1515
937 1949
937 1991
938 1009
938 1563
938 1874
939 1474
939 1560
939 1602
939 1705
939 1832
940 953
940 1117
940 1132
940 1239
940 1353
940 1375
940 1458
941 986
941 1319
941 1684
941 1778
941 1797
941 1904
941 1992
942 1424
942 1783
942 1939
943 964
943 1446
943 1683
944 1396
944 1466
944 1590
944 1652
944 1672
945 1312
945 1409
945 1542
945 1545
945 1913
946 1153
946 1204
946 1257
946 1309
946 1826
946 1893
947 1259
948 1549
948 1553
949 1484
949 1520
949 1887
950 1041
950 1174
950 1363
950 1537
950 1707
950 1732
950 1996
951 1025
951 1273
951 1342
951 1665
951 1759
952 1123
952 1378
952 1410
952 1433
952 1490
952 1508
953 962
953 993
953 1201
954 1026
954 1191
954 1490
955 1352
955 1567
955 1749
955 1769
955 1967
956 957
956 963
956 1331
956 1338
956 1576
956 1649
956 1836
956 1973
957 1362
957 1665
958 1335
958 1838
958 1926
958 1990
959 1328
959 1435
959 1720
960 1154
960 1222
960 1521
960 1523
960 1652
960 1818
960 1879
961 1258
961 1268
961 1782
962 963
962 1018
962 1039
962 1460
962 1508
962 1659
963 972
963 1064
963 1170
963 1307
963 1629
963 1703
964 1553
964 1689
965 1883
966 1539
966 1720
967 1654
967 1761
968 1044
968 1528
968 1602
969 1804
970 1367
970 1514
971 1092
971 1348
971 1354
971 1400
971 1863
972 975
972 1287
972 1494
972 1690
972 1744
972 1813
973 1160
973 1430
973 1762
973 1996
974 1025
974 1066
974 1247
974 1501
975 1102
975 1524
975 1613
975 1693
975 1694
976 1124
976 1814
976 1980
977 1292
977 1451
977 1962
977 1990
978 1055
978 1573
978 1637
979 1695
979 1920
980 1287
980 1689
980 1786
980 1880
981 1157
981 1409
981 1554
981 1680
981 1757
981 1859
981 1879
982 1104
982 1148
982 1461
982 1467
982 1961
983 1601
983 1943
983 1984
984 1016
984 1059
984 1076
984 1255
984 1476
984 1520
984 1521
984 1654
984 1718
984 1877
984 1935
984 1996
985 1058
985 1288
985 1306
985 1595
985 1809
986 1019
986 1618
987 1709
987 1799
987 1836
988 1190
988 1267
988 1712
988 1977
989 1441
989 1460
989 1620
989 1702
989 1710
989 1719
990 1329
990 1381
990 1621
990 1777
991 1838
991 1942
991 1977
992 1064
992 1345
992 1936
992 1955
993 1162
993 1186
993 1223
993 1377
993 1504
993 1510
993 1582
993 1691
993 1986
994 1023
994 1070
994 1284
994 1297
994 1540
994 1599
994 1726
995 1220
995 1259
995 1491
995 1679
995 1788
995 1800
995 1836
996 1234
996 1253
996 1926
997 1157
997 1802
997 1815
997 1927
998 1409
998 1471
998 1567
998 1814
998 1903
999 1022
999 1795
999 1892
1000 1195
1000 1488
1000 1643
1000 1839
1001 1070
1001 1395
1001 1430
1001 1993
1002 1518
1002 1620
1003 1485
1003 1514
1004 1020
1004 1254
1004 1276
1005 1501
1005 1502
1005 1641
1005 1648
1005 1885
1006 1018
1006 1074
1006 1565
1006 1737
1007 1103
1007 1319
1007 1391
1007 1429
1007 1741
1007 1774
1008 1522
1008 1543
1008 1714
1008 1723
1009 1059
1009 1151
1009 1654
1009 1752
1010 1032
1010 1076
1010 1507
1010 1552
1010 1986
1011 1043
1011 1124
1011 1259
1011 1606
1011 1642
1012 1241
1012 1537
1012 1606
1012 1619
1012 1857
1013 1291
1013 1408
1013 1435
1013 1689
1013 1750
1013 1989
1014 1932
1015 1032
1015 1828
1016 1561
1016 1793
1016 1853
1016 1875
1017 1380
1017 1520
1017 1813
1017 1839
1018 1324
1018 1886
1018 1949
1018 1990
1019 1073
1019 1195
1019 1421
1020 1020
1020 1299
1020 1477
1020 1481
1020 1840
1020 1983
1020 1998
1021 1396
1021 1695
1021 1858
1021 1897
1021 1902
1021 1967
1022 1149
1022 1169
1022 1253
1022 1663
1023 1544
1023 1940
1024 1271
1024 1941
1025 1104
1025 1375
1025 1680
1025 1753
1026 1092
1026 1244
1026 1374
1026 1645
1026 1657
1026 1949
1026 1996
1027 1142
1027 1291
1027 1397
1027 1400
1027 1566
1027 1829
1027 1835
1028 1494
1028 1500
1028 1757
1029 1053
1029 1435
1029 1972
1029 1986
1030 1090
1030 1240
1030 1687
1030 1955
1031 1093
1031 1109
1031 1327
1031 1518
1031 1580
1031 1755
1032 1164
1032 1397
1032 1594
1032 1669
1032 1751
1033 1083
1033 1510
1033 1685
1034 1096
1034 1176
1034 1308
1034 1592
1034 1637
1034 1756
1034 1783
1035 1537
1035 1851
1035 1911
1036 1177
1036 1211
1036 1338
1036 1604
1036 1866
1037 1312
1037 1603
1037 1639
1037 1642
1038 1084
1038 1340
1038 1435
1038 1477
1038 1498
1038 1654
1039 1221
1039 1304
1039 1758
1040 1121
1040 1598
1040 1785
1040 1877
1041 1172
1041 1191
1041 1364
1041 1967
1042 1404
1042 1462
1042 1632
1042 1844
1043 1615
1043 1631
1043 1825
1044 1204
1044 1278
1044 1335
1044 1640
1044 1676
1044 1899
1045 1201
1045 1363
1045 1469
1045 1832
1045 1852
1045 1882
1045 1897
1046 1241
1046 1470
1046 1652
1047 1282
1047 1354
1047 1444
1047 1502
1047 1782
1047 1897
1047 1940
1047 1980
1048 1990
1049 1189
1049 1330
1049 1397
1050 1117
1050 1723
1050 1810
1050 1899
1050 1995
1051 1082
1051 1301
1051 1586
1051 1666
1051 1667
1051 1850
1052 1497
1052 1932
1053 1288
1053 1475
1053 1568
1053 1841
1054 1061
1054 1594
1054 1627
1054 1767
1054 1929
1054 1947
1055 1103
1055 1116
1055 1151
1055 1640
1055 1726
1056 1677
1058 1081
1058 1184
1058 1564
1058 1693
1058 1720
1059 1195
1059 1273
1059 1327
1059 1504
1060 1085
1060 1174
1060 1283
1060 1521
1060 1610
1060 1952
1061 1687
1061 1984
1062 1191
1062 1261
1062 1531
1062 1668
1063 1610
1063 1701
1064 1153
1064 1318
1064 1775
1064 1974
1065 1103
1065 1405
1065 1458
1065 1494
1065 1537
1065 1653
1066 1254
1066 1885
1067 1623
1067 1877
1068 1079
1068 1317
1068 1455
1068 1779
1068 1974
1069 1257
1069 1487
1069 1629
1069 1700
1069 1808
1070 1302
1070 1654
1070 1718
1071 1102
1071 1149
1071 1615
1073 1458
1074 1249
1074 1375
1074 1581
1074 1753
1075 1187
1075 1339
1075 1479
1076 1514
1076 1562
1076 1924
1077 1174
1077 1299
1077 1606
1077 1643
1078 1099
1078 1581
1078 1609
1078 1618
1078 1792
1078 1881
1079 1355
1079 1719
1079 1827
1079 1919
1080 1398
1081 1081
1081 1211
1081 1423
1081 1721
1081 1962
1082 1345
1082 1413
1082 1622
1082 1700
1082 1793
1082 1971
1082 1977
1083 1127
1083 1722
1083 1780
1083 1815
1084 1195
1084 1209
1084 1306
1085 1262
1085 1473
1085 1688
1085 1942
1086 1222
1086 1407
1086 1428
1086 1444
1086 1607
1086 1846
1086 1856
1087 1090
1087 1554
1088 1634
1089 1299
1089 1388
1089 1683
1090 1119
1090 1202
1090 1497
1090 1941
1091 1450
1091 1719
1091 1764
1091 1876
1092 1384
1092 1396
1092 1957
1092 1967
1093 1328
1093 1409
1093 1709
1093 1789
1094 1187
1094 1928
1095 1125
1095 1253
1095 1280
1095 1606
1095 1926
1096 1134
1096 1246
1096 1413
1096 1418
1096 1645
1096 1658
1096 1809
1096 1864
1096 1878
1096 1986
1097 1322
1097 1333
1097 1685
1097 1840
1097 1841
1098 1183
1098 1399
1098 1475
1098 1619
1098 1915
1099 1370
1099 1882
1100 1177
1100 1193
1100 1481
1100 1723
1101 1321
1101 1492
1101 1744
1101 1790
1101 1822
1102 1422
1102 1459
1102 1531
1102 1566
1102 1862
1103 1603
1103 1767
1103 1868
1104 1680
1105 1188
1105 1530
1105 1559
1105 1887
1106 1232
1106 1585
1106 1591
1106 1765
1106 1772
1106 1906
1107 1699
1107 1784
1107 1920
1107 1933
1108 1468
1108 1477
1108 1498
1108 1567
1108 1600
1108 1691
1108 1858
1109 1495
1110 1122
1110 1466
1110 1480
1110 1482
1110 1590
1110 1627
1110 1853
1110 1883
1111 1355
1111 1531
1111 1673
1111 1749
1111 1900
1111 1987
1112 1303
1112 1402
1112 1642
1112 1794
1112 1991
1113 1250
1113 1270
1113 1316
1113 1401
1113 1561
1113 1937
1114 1545
1114 1584
1114 1775
1114 1780
1114 1797
1115 1408
1115 1463
1115 1545
1115 1705
1115 1807
1115 1815
1115 1914
1116 1527
1116 1994
1117 1638
1117 1705
1118 1237
1118 1247
1118 1398
1118 1448
1118 1748
1119 1218
1119 1446
1119 1852
1120 1254
1120 1414
1120 1619
1120 1665
1120 1812
1120 1844
1121 1208
1121 1548
1121 1650
1121 1667
1122 1557
1122 1721
1123 1143
1124 1714
1124 1882
1125 1460
1125 1771
1125 1781
1126 1153
1126 1180
1126 1470
1126 1606
1126 1763
1127 1462
1127 1647
1127 1675
1127 1678
1127 1842
1127 1889
1127 1989
1128 1211
1128 1352
1129 1411
1129 1472
1129 1627
1130 1481
1130 1706
1131 1291
1131 1407
1131 1499
1132 1264
1132 1428
1132 1779
1132 1937
1133 1294
1133 1314
1133 1357
1133 1541
1133 1665
1134 1221
1134 1513
1134 1652
1135 1172
1135 1202
1135 1282
1135 1368
1135 1585
1135 1637
1135 1652
1136 1343
1136 1565
1137 1415
1137 1424
1137 1436
1137 1709
1138 1154
1138 1314
1138 1378
1138 1505
1138 1568
1138 1628
1139 1677
1139 1773
1139 1871
1140 1259
1140 1330
1140 1621
1141 1289
1141 1645
1142 1579
1142 1767
1142 1865
1142 1921
1143 1727
1145 1655
1145 1882
1146 1929
1146 1990
1147 1271
1147 1366
1147 1521
1147 1597
1148 1255
1148 1496
1148 1790
1148 1794
1149 1279
1149 1477
1149 1661
1150 1502
1150 1960
1151 1557
1152 1160
1152 1784
1152 1834
1152 1866
1153 1275
1153 1494
1153 1689
1153 1891
1154 1647
1154 1727
1155 1315
1155 1514
1155 1776
1155 1950
1156 1673
1156 1774
1157 1189
1157 1376
1157 1417
1157 1656
1157 1670
1157 1702
1157 1839
1158 1552
1158 1727
1158 1861
1158 1961
1159 1241
1159 1589
1159 1911
1160 1263
1160 1425
1160 1511
1160 1712
1160 1738
1160 1972
1161 1740
1161 1774
1161 1870
1161 1987
1162 1205
1162 1286
1162 1453
1163 1208
1163 1508
1163 1535
1163 1934
1164 1208
1164 1886
1164 1986
1165 1446
1165 1505
1165 1540
1165 1690
1165 1761
1165 1887
1166 1402
1166 1432
1166 1560
1166 1850
1167 1239
1167 1527
1167 1629
1167 1898
1167 1927
1167 1992
1168 1292
1168 1441
1168 1696
1168 1981
1169 1366
1169 1628
1169 1725
1169 1769
1169 1952
1169 1979
1170 1213
1170 1340
1170 1349
1170 1556
1170 1821
1171 1437
1171 1517
1171 1578
1171 1897
1172 1244
1172 1341
1172 1573
1172 1715
1172 1910
1173 1289
1173 1366
1173 1414
1173 1523
1173 1567
1174 1648
1174 1677
1174 1742
1174 1850
1175 1296
1175 1780
1176 1473
1176 1518
1176 1538
1176 1747
1177 1788
1178 1188
1178 1230
1178 1301
1178 1355
1178 1498
1179 1205
1179 1241
1179 1309
1179 1478
1179 1586
1179 1642
1179 1949
1180 1214
1180 1477
1180 1511
1181 1671
1182 1228
1182 1365
1182 1759
1182 1834
1182 1929
1182 1993
1183 1402
1183 1505
1183 1563
1183 1594
1183 1649
1183 1653
1183 1783
1183 1881
1183 1955
1184 1343
1184 1752
1184 1890
1185 1674
1186 1260
1186 1880
1186 1891
1187 1271
1187 1302
1187 1748
1187 1874
1188 1502
1188 1767
1189 1274
1189 1363
1189 1517
1189 1522
1189 1742
1189 1770
1189 1773
1189 1856
1190 1670
1190 1736
1190 1914
1190 1964
1191 1222
1191 1474
1191 1743
1191 1818
1191 1846
1192 1395
1192 1737
1192 1773
1192 1932
1193 1371
1193 1930
1194 1265
1194 1278
1194 1478
1194 1609
1195 1525
1195 1610
1196 1277
1196 1517
1196 1519
1196 1528
1196 1727
1196 1805
1197 1473
1197 1529
1197 1618
1197 1837
1197 1900
1198 1271
1198 1328
1198 1340
1198 1614
1198 1859
1198 1914
1199 1297
1199 1304
1199 1497
1199 1694
1199 1979
1200 1730
1200 1942
1200 1986
1201 1514
1201 1526
1201 1579
1201 1592
1201 1684
1201 1770
1202 1305
1202 1396
1203 1358
1203 1470
1204 1282
1204 1507
1205 1492
1205 1534
1205 1700
1206 1263
1206 1719
1206 1921
1207 1207
1207 1603
1207 1942
1208 1471
1208 1632
1208 1915
1209 1597
1209 1660
1210 1228
1210 1412
1210 1646
1210 1687
1210 1966
1211 1221
1212 1334
1212 1494
1212 1907
1213 1234
1213 1356
1213 1396
1213 1610
1214 1889
1214 1912
1215 1484
1215 1567
1215 1907
1216 1491
1216 1636
1216 1717
1216 1743
1216 1978
1217 1283
1217 1340
1217 1554
1217 1969
1218 1742
1218 1876
1219 1226
1219 1298
1219 1462
1219 1519
1220 1455
1220 1539
1220 1592
1220 1692
1221 1517
1221 1609
1221 1788
1222 1748
1222 1793
1223 1710
1223 1725
1223 1897
1224 1250
1224 1557
1224 1776
1224 1851
1225 1468
1225 1829
1226 1276
1226 1279
1226 1420
1226 1520
1226 1750
1226 1818
1226 1884
1227 1227
1227 1332
1227 1350
1227 1359
1227 1828
1227 1884
1228 1632
1228 1633
1228 1690
1228 1924
1229 1498
1229 1609
1229 1674
1229 1714
1229 1885
1230 1408
1230 1460
1230 1481
1231 1282
1231 1722
1231 1746
1232 1345
1232 1973
1233 1457
1233 1569
1233 1679
1234 1380
1234 1412
1234 1766
1234 1954
1236 1712
1236 1746
1237 1275
1237 1494
1238 1274
1238 1461
1238 1520
1238 1522
1238 1816
1238 1994
1239 1355
1239 1799
1239 1930
1240 1348
1240 1630
1241 1261
1241 1733
1241 1939
1242 1317
1242 1840
1243 1591
1244 1362
1244 1513
1244 1962
1244 1995
1245 1828
1245 1888
1246 1563
1246 1655
1246 1857
1247 1284
1247 1338
1247 1353
1247 1509
1247 1537
1247 1648
1247 1731
1247 1733
1247 1894
1248 1450
1248 1564
1248 1704
1248 1935
1249 1655
1250 1251
1250 1403
1250 1404
1250 1457
1250 1669
1251 1782
1251 1995
1252 1526
1253 1701
1253 1766
1254 1923
1255 1606
1255 1729
1256 1435
1256 1600
1257 1287
1257 1605
1257 1821
1257 1949
1258 1406
1258 1615
1258 1774
1258 1955
1258 1960
1259 1284
1259 1328
1259 1558
1259 1645
1259 1959
1260 1469
1260 1736
1261 1407
1261 1540
1261 1723
1262 1273
1262 1379
1262 1512
1262 1791
1263 1408
1263 1577
1263 1583
1263 1591
1263 1640
1264 1386
1264 1432
1264 1553
1264 1614
1264 1740
1264 1759
1264 1909
1264 1980
1265 1370
1265 1505
1265 1606
1265 1695
1265 1844
1266 1404
1266 1452
1266 1836
1267 1288
1267 1322
1267 1445
1267 1868
1267 1985
1268 1506
1268 1926
1269 1283
1269 1467
1270 1628
1270 1879
1270 1983
1271 1283
1272 1343
1272 1368
1272 1395
1272 1887
1273 1412
1273 1440
1273 1443
1273 1670
1273 1723
1273 1777
1275 1359
1275 1459
1275 1678
1276 1566
1276 1716
1276 1726
1277 1437
1277 1726
1277 1801
1277 1811
1278 1430
1278 1634
1278 1686
1278 1839
1278 1926
1278 1965
1279 1434
1279 1873
1280 1437
1280 1580
1280 1669
1281 1356
1281 1414
1281 1774
1281 1839
1281 1932
1282 1777
1282 1997
1283 1493
1283 1690
1283 1861
1284 1396
1284 1761
1284 1763
1284 1786
1285 1338
1285 1459
1285 1493
1285 1544
1285 1667
1285 1747
1285 1902
1285 1908
1287 1321
1287 1556
1288 1380
1288 1628
1288 1809
1289 1331
1289 1341
1289 1645
1289 1843
1290 1310
1290 1837
1291 1381
1291 1458
1291 1658
1291 1676
1292 1678
1292 1709
1292 1788
1292 1871
1294 1855
1294 1882
1294 1947
1295 1399
1295 1502
1295 1794
1296 1329
1296 1386
1296 1478
1296 1548
1296 1827
1296 1871
1298 1335
1298 1423
1298 1436
1298 1707
1299 1443
1299 1844
1300 1609
1300 1658
1300 1765
1300 1896
1301 1731
1301 1904
1303 1587
1304 1707
1304 1919
1305 1305
1305 1320
1305 1713
1305 1802
1305 1983
1306 1486
1306 1493
1306 1577
1306 1588
1306 1631
1306 1725
1306 1833
1307 1337
1307 1349
1307 1571
1307 1914
1307 1949
1308 1330
1308 1520
1308 1734
1309 1535
1310 1548
1310 1617
1310 1850
1311 1314
1311 1393
1312 1464
1312 1598
1312 1751
1312 1758
1313 1854
1313 1910
1313 1974
1314 1384
1314 1600
1314 1672
1315 1620
1316 1668
1316 1818
1316 1985
1317 1529
1317 1642
1317 1661
1317 1710
1317 1818
1317 1932
1318 1666
1319 1499
1319 1934
1319 1999
1320 1629
1320 1665
1321 1798
1321 1821
1322 1328
1322 1557
1322 1924
1323 1417
1323 1536
1323 1909
1324 1381
1324 1495
1324 1556
1324 1846
1324 1952
1325 1441
1325 1614
1325 1649
1325 1717
1325 1727
1325 1750
1325 1851
1326 1375
1326 1891
1327 1443
1327 1458
1327 1580
1327 1652
1327 1797
1327 1810
1328 1360
1328 1613
1328 1725
1329 1740
1329 1826
1330 1457
1330 1863
1330 1891
1330 1894
1330 1903
1331 1488
1332 1483
1332 1507
1332 1846
1332 1932
1333 1454
1333 1803
1334 1486
1334 1576
1334 1786
1334 1830
1334 1877
1335 1608
1335 1653
1335 1674
1335 1820
1335 1994
1336 1421
1336 1440
1336 1593
1337 1526
1337 1626
1337 1918
1337 1920
1338 1734
1338 1795
1338 1909
1339 1365
1339 1422
1339 1475
1339 1555
1339 1678
1339 1695
1340 1485
1340 1537
1340 1562
1340 1786
1341 1873
1341 1926
1342 1342
1342 1793
1343 1367
1343 1630
1343 1697
1343 1893
1344 1653
1344 1782
1344 1966
1345 1409
1345 1485
1345 1762
1345 1831
1345 1840
1346 1522
1347 1492
1348 1499
1348 1518
1348 1945
1349 1390
1349 1727
1350 1418
1350 1764
1350 1982
1351 1380
1351 1463
1351 1497
1351 1759
1352 1494
1353 1389
1353 1681
1353 1826
1354 1412
1354 1649
1355 1723
1355 1728
1355 1957
1356 1379
1356 1464
1356 1777
1356 1941
1357 1460
1358 1404
1358 1418
1358 1447
1358 1451
1358 1475
1358 1497
1358 1570
1358 1608
1358 1854
1359 1366
1359 1388
1359 1593
1359 1760
1359 1800
1359 1802
1361 1587
1361 1697
1361 1958
1362 1432
1362 1556
1362 1573
1362 1589
1363 1410
1364 1730
1365 1459
1365 1869
1365 1985
1366 1412
1367 1786
1367 1788
1367 1947
1368 1656
1368 1725
1368 1738
1368 1779
1369 1867
1370 1650
1371 1627
1371 1816
1371 1838
1372 1580
1372 1720
1372 1770
1373 1602
1373 1603
1373 1768
1373 1826
1374 1799
1374 1868
1375 1964
1377 1716
1377 1817
1377 1957
1378 1608
1378 1715
1378 1985
1379 1465
1379 1669
1379 1759
1379 1880
1380 1605
1380 1807
1380 1812
1380 1887
1380 1892
1380 1958
1381 1567
1381 1604
1381 1891
1382 1384
1382 1632
1382 1762
1383 1389
1383 1586
1383 1826
1384 1473
1384 1624
1384 1949
1385 1464
1385 1512
1385 1542
1385 1696
1385 1910
1385 1922
1386 1486
1386 1637
1386 1894
1387 1595
1387 1794
1387 1930
1388 1809
1388 1931
1388 1995
1389 1698
1389 1702
1389 1848
1390 1512
1390 1715
1391 1396
1391 1869
1391 1950
1392 1524
1392 1941
1393 1477
1393 1707
1394 1484
1394 1671
1394 1820
1396 1659
1397 1813
1397 1944
1398 1701
1398 1808
1399 1572
1399 1579
1399 1836
1400 1644
1400 1697
1400 1734
1400 1771
1401 1496
1401 1535
1401 1682
1402 1620
1402 1781
1403 1635
1403 1729
1403 1886
1403 1904
1404 1632
1404 1903
1404 1976
1405 1428
1405 1558
1405 1576
1405 1705
1405 1758
1406 1411
1406 1585
1406 1650
1406 1786
1407 1878
1408 1545
1408 1602
1408 1640
1408 1673
1409 1551
1409 1791
1409 1867
1409 1955
1409 1997
1410 1447
1410 1470
1410 1580
1411 1448
1411 1463
1411 1638
1411 1731
1411 1733
1412 1665
1412 1690
1413 1479
1414 1572
1415 1465
1415 1585
1415 1737
1415 1987
1416 1651
1416 1928
1417 1611
1417 1967
1418 1465
1418 1583
1418 1630
1418 1785
1419 1463
1419 1522
1419 1876
1420 1869
1421 1447
1422 1790
1422 1999
1423 1618
1423 1710
1423 1729
1423 1762
1423 1838
1423 1965
1424 1498
1424 1565
1424 1744
1424 1767
1424 1864
1424 1881
1424 1915
1425 1597
1425 1679
1425 1800
1425 1823
1425 1984
1426 1588
1426 1595
1426 1612
1426 1705
1426 1779
1426 1863
1427 1751
1427 1895
1428 1473
1428 1705
1428 1938
1428 1962
1429 1654
1429 1666
1429 1717
1430 1541
1430 1599
1430 1665
1430 1711
1430 1802
1430 1895
1431 1433
1431 1951
1432 1567
1432 1653
1432 1668
1432 1836
1432 1904
1432 1971
1432 1997
1433 1781
1433 1867
1433 1946
1434 1477
1434 1616
1434 1942
1435 1676
1435 1781
1435 1790
1436 1441
1436 1460
1437 1659
1437 1881
1437 1893
1437 1994
1438 1491
1438 1895
1438 1919
1438 1945
1438 1962
1439 1605
1439 1682
1439 1902
1440 1440
1440 1626
1440 1685
1440 1782
1441 1503
1441 1514
1441 1665
1441 1812
1441 1901
1441 1950
1442 1737
1442 1969
1443 1683
1444 1523
1444 1624
1444 1926
1445 1576
1446 1609
1448 1576
1448 1920
1450 1569
1450 1792
1451 1743
1451 1787
1451 1865
1452 1865
1452 1968
1452 1994
1454 1552
1454 1558
1455 1849
1455 1916
1456 1595
1456 1675
1456 1736
1456 1742
1456 1822
1457 1677
1457 1680
1457 1822
1458 1576
1458 1729
1459 1641
1459 1701
1459 1938
1459 1988
1460 1785
1460 1872
1460 1907
1460 1914
1461 1615
1461 1799
1462 1774
1462 1850
1462 1981
1463 1529
1463 1907
1463 1947
1463 1992
1464 1467
1464 1666
1464 1713
1464 1899
1466 1707
1466 1957
1467 1866
1468 1480
1468 1797
1468 1886
1469 1579
1469 1749
1470 1554
1470 1573
1470 1638
1470 1677
1470 1704
1470 1762
1470 1815
1471 1625
1471 1938
1471 1998
1472 1485
1472 1575
1472 1576
1472 1776
1472 1823
1473 1521
1473 1726
1474 1832
1475 1850
1476 1679
1477 1580
1477 1614
1477 1749
1477 1796
1477 1848
1478 1517
1478 1611
1478 1657
1478 1794
1478 1914
1478 1944
1478 1966
1479 1806
1479 1871
1479 1941
1479 1951
1479 1968
1480 1501
1480 1587
1481 1647
1481 1803
1481 1910
1481 1978
1482 1601
1482 1805
1483 1839
1484 1551
1484 1866
1486 1571
1486 1695
1486 1736
1487 1816
1488 1580
1488 1908
1489 1681
1489 1751
1490 1720
1490 1759
1490 1811
1490 1957
1490 1998
1491 1640
1491 1857
1492 1873
1493 1538
1493 1557
1493 1605
1493 1920
1493 1998
1494 1735
1494 1820
1494 1936
1495 1508
1495 1739
1495 1897
1495 1920
1495 1939
1497 1577
1497 1781
1498 1592
1498 1973
1499 1530
1499 1617
1499 1662
1499 1773
1500 1583
1500 1599
1500 1684
1500 1837
1500 1842
1501 1613
1501 1947
1501 1954
1502 1627
1502 1695
1502 1859
1504 1773
1505 1805
1506 1742
1506 1797
1508 1807
1508 1827
1508 1945
1511 1535
1511 1949
1512 1724
1512 1952
1514 1913
1515 1805
1515 1864
1515 1866
1516 1727
1516 1760
1517 1704
1518 1693
1519 1668
1519 1738
1519 1841
1519 1988
1520 1678
1520 1925
1520 1979
1522 1739
1522 1777
1523 1590
1523 1867
1524 1924
1525 1580
1525 1885
1526 1688
1526 1916
1527 1600
1527 1665
1527 1747
1528 1800
1528 1828
1528 1831
1528 1949
1529 1781
1529 1846
1529 1862
1530 1582
1531 1605
1532 1741
1532 1838
1532 1877
1533 1640
1533 1885
1534 1607
1534 1617
1534 1719
1534 1842
1535 1777
1536 1735
1537 1775
1537 1898
1538 1730
1539 1862
1539 1881
1539 1917
1540 1579
1540 1611
1540 1898
1541 1659
1541 1767
1541 1870
1542 1816
1544 1677
1544 1774
1545 1910
1546 1546
1546 1568
1546 1905
1548 1824
1551 1606
1551 1878
1551 1924
1552 1686
1553 1695
1553 1805
1554 1609
1554 1638
1554 1857
1554 1958
1555 1714
1556 1768
1557 1823
1557 1901
1557 1916
1558 1638
1558 1816
1560 1842
1560 1917
1561 1913
1562 1687
1562 1750
1562 1876
1562 1894
1563 1793
1564 1813
1565 1627
1565 1698
1565 1901
1565 1990
1566 1692
1566 1754
1567 1658
1567 1844
1569 1624
1571 1773
1573 1601
1573 1883
1575 1589
1575 1896
1576 1610
1576 1692
1577 1719
1577 1891
1577 1901
1577 1905
1577 1942
1577 1987
1577 1996
1578 1657
1578 1783
1578 1838
1578 1925
1579 1590
1579 1857
1579 1993
1580 1647
1580 1968
1581 1835
1581 1878
1582 1847
1583 1937
1585 1876
1586 1678
1587 1831
1587 1973
1588 1773
1589 1633
1589 1675
1589 1992
1590 1749
1590 1857
1591 1748
1592 1667
1592 1872
1592 1887
1593 1785
1593 1862
1594 1665
1594 1702
1594 1968
1595 1716
1595 1902
1596 1777
1596 1814
1597 1606
1598 1686
1598 1746
1602 1677
1602 1922
1602 1933
1603 1622
1604 1750
1604 1792
1604 1815
1604 1817
1604 1945
1604 1955
1604 1994
1605 1614
1605 1739
1605 1859
1606 1664
1606 1988
1607 1788
1607 1848
1607 1858
1608 1739
1608 1980
1610 1695
1610 1907
1612 1913
1612 1950
1612 1957
1613 1705
1613 1809
1614 1681
1614 1859
1615 1627
1615 1710
1618 1934
1618 1938
1619 1842
1620 1863
1621 1880
1622 1674
1622 1729
1622 1899
1622 1912
1623 1864
1624 1944
1625 1656
1625 1697
1625 1759
1625 1988
1626 1771
1626 1794
1626 1839
1626 1946
1627 1800
1628 1755
1630 1797
1630 1856
1631 1657
1631 1901
1632 1780
1632 1785
1632 1836
1633 1752
1633 1797
1634 1636
1634 1721
1634 1777
1634 1781
1634 1898
1634 1913
1636 1693
1636 1850
1637 1704
1637 1843
1637 1949
1638 1678
1639 1770
1639 1778
1640 1761
1641 1686
1641 1731
1641 1847
1641 1939
1641 1942
1642 1731
1643 1905
1643 1930
1644 1841
1645 1861
1649 1671
1649 1691
1649 1825
1650 1727
1651 1728
1652 1691
1652 1788
1652 1898
1652 1908
1653 1666
1653 1750
1654 1669
1654 1768
1656 1677
1656 1809
1658 1792
1658 1903
1658 1918
1658 1973
1660 1788
1660 1928
1661 1989
1662 1798
1663 1826
1663 1991
1664 1856
1666 1666
1666 1680
1666 1994
1667 1669
1667 1942
1668 1807
1668 1854
1669 1863
1669 1947
1670 1788
1670 1856
1670 1961
1671 1831
1672 1985
1673 1723
1673 1889
1673 1909
1674 1782
1674 1807
1674 1858
1675 1684
1675 1813
1675 1920
1675 1931
1676 1905
1676 1943
1678 1754
1679 1815
1680 1710
1680 1996
1681 1933
1682 1691
1682 1827
1682 1889
1684 1811
1684 1906
1685 1815
1686 1771
1686 1983
1688 1857
1689 1734
1690 1730
1690 1780
1690 1812
1690 1839
1691 1739
1691 1747
1692 1770
1692 1954
1694 1810
1694 1945
1695 1749
1696 1930
1698 1899
1698 1917
1699 1962
1699 1996
1700 1784
1701 1717
1701 1790
1701 1911
1702 1714
1702 1726
1702 1796
1702 1799
1702 1921
1703 1979
1704 1873
1705 1806
1706 1708
1706 1731
1707 1840
1708 1711
1708 1750
1708 1784
1708 1855
1709 1785
1709 1808
1709 1826
1710 1772
1712 1913
1712 1921
1712 1970
1713 1737
1713 1997
1714 1719
1714 1742
1714 1780
1714 1838
1716 1773
1716 1860
1717 1718
1718 1799
1718 1961
1719 1795
1720 1945
1722 1863
1722 1899
1722 1950
1723 1840
1724 1753
1725 1843
1726 1841
1728 1782
1732 1939
1734 1872
1734 1932
1734 1993
1735 1879
1736 1767
1736 1793
1736 1914
1737 1808
1737 1941
1737 1961
1738 1770
1738 1969
1739 1930
1740 1823
1740 1846
1740 1863
1740 1905
1742 1815
1743 1874
1745 1753
1745 1763
1745 1904
1747 1852
1749 1973
1750 1935
1750 1941
1751 1868
1751 1954
1755 1774
1755 1837
1756 1764
1757 1761
1757 1991
1758 1996
1759 1903
1759 1951
1760 1762
1760 1853
1760 1925
1761 1892
1762 1772
1762 1952
1763 1816
1763 1966
1764 1924
1765 1937
1766 1887
1767 1775
1767 1812
1768 1992
1769 1831
1771 1806
1771 1928
1771 1932
1771 1965
1772 1904
1774 1932
1774 1980
1774 1983
1776 1790
1779 1903
1780 1844
1780 1907
1780 1988
1780 1990
1781 1818
1782 1961
1785 1932
1787 1805
1787 1874
1787 1975
1788 1800
1790 1804
1790 1925
1791 1842
1794 1808
1794 1955
1796 1979
1798 1867
1799 1847
1800 1841
1800 1874
1801 1941
1801 1983
1803 1894
1806 1965
1808 1889
1809 1813
1809 1937
1809 1971
1810 1967
1811 1878
1811 1969
1816 1825
1820 1902
1820 1968
1820 1972
1821 1941
1822 1842
1822 1897
1823 1896
1824 1913
1826 1881
1828 1835
1828 1931
1829 1912
1830 1858
1838 1847
1839 1997
1843 1878
1844 1877
1844 1879
1844 1941
1847 1950
1849 1861
1854 1937
1856 1929
1857 1878
1857 1918
1859 1920
1860 1886
1864 1936
1867 1974
1870 1975
1874 1907
1874 1959
1876 1981
1878 1905
1878 1941
1881 1885
1881 1912
1881 1921
1884 1926
1891 1946
1893 1934
1895 1919
1896 1998
1898 1902
1899 1990
1902 1947
1903 1962
1904 1904
1905 1924
1906 1996
1909 1984
1917 1963
1919 1938
1921 1990
1932 1962
1932 1964
1933 1963
1934 1977
1935 1941
1939 1949
1942 1945
1944 1979
1946 1947
1948 1967
1949 1968
1952 1972
1954 1967
1970 1977
1981 1981
