2000
0 1175
1 1623
2 241
2 788
2 1274
2 1442
2 1462
2 1476
2 1880
3 101
3 160
3 359
3 1395
3 1738
3 1802
4 30
4 164
4 269
4 379
5 73
5 489
5 568
5 971
5 1003
5 1432
6 1701
7 239
7 295
7 1155
7 1835
8 1152
8 1600
9 1143
10 495
10 862
11 578
11 1115
11 1734
12 71
12 768
12 1010
12 1067
12 1120
12 1146
13 610
13 754
13 1443
13 1857
13 1951
14 215
14 273
14 531
14 1013
14 1075
14 1227
15 393
15 593
16 228
16 307
16 1119
16 1189
16 1262
16 1623
17 584
17 1653
17 1843
18 204
18 757
18 812
18 1356
19 1003
20 574
20 932
21 245
22 107
22 293
22 1119
22 1208
23 1074
23 1310
23 1498
24 443
25 1045
25 1445
26 836
26 1227
26 1433
27 138
27 695
27 894
27 1024
28 282
28 946
28 1116
28 1884
29 1623
30 653
30 694
30 824
30 1051
30 1343
31 1538
32 1796
33 1111
34 106
34 533
34 1702
34 1884
34 1910
35 684
35 926
35 1055
36 79
36 362
36 537
36 773
37 636
37 886
37 1237
37 1307
37 1784
38 322
39 1105
39 1813
39 1930
40 425
40 663
40 1120
40 1200
40 1466
40 1511
40 1548
41 954
42 1961
43 1278
43 1645
43 1949
44 1716
44 1836
45 436
45 1148
45 1159
45 1399
46 889
46 1274
46 1453
47 803
47 1235
47 1343
48 604
48 1466
49 679
49 1173
49 1619
50 297
50 532
50 822
50 996
50 1057
50 1097
50 1660
51 1294
52 538
52 1562
53 308
53 984
53 1038
53 1374
54 220
54 374
54 1562
55 241
55 483
55 1273
56 167
56 668
56 1245
57 518
58 660
58 905
58 1332
58 1493
58 1803
59 560
59 989
59 1417
59 1796
60 340
60 1308
60 1440
61 574
61 656
61 896
61 1610
62 71
62 378
62 858
62 1246
63 219
64 281
64 447
64 1586
64 1907
65 1820
66 1221
66 1408
66 1525
66 1819
66 1868
67 394
67 1242
67 1316
67 1374
68 1095
69 88
69 776
70 240
70 395
70 1593
71 656
71 1109
71 1208
71 1724
73 339
73 354
73 723
74 1049
75 1570
76 1592
78 1039
78 1054
78 1115
78 1258
78 1328
78 1562
78 1963
79 424
80 973
80 1342
81 515
81 917
81 1302
81 1354
81 1718
81 1764
81 1884
82 1036
82 1304
82 1482
83 499
83 1276
83 1484
84 790
84 1083
84 1570
84 1805
85 1688
85 1711
86 198
86 383
86 916
86 1003
86 1991
87 561
88 685
88 885
88 952
88 1123
89 645
89 1543
89 1602
90 366
90 979
90 1557
90 1747
90 1895
91 628
91 679
91 722
91 1134
92 483
92 1121
92 1150
92 1413
92 1727
92 1769
94 567
94 795
94 1403
95 293
95 321
95 407
95 418
95 900
95 1053
95 1126
95 1632
96 631
96 802
96 1298
96 1751
97 190
97 342
97 1107
97 1245
97 1391
97 1477
98 586
98 1551
99 1173
100 190
100 269
100 462
100 743
100 996
101 225
101 1703
101 1825
102 424
102 930
103 623
103 649
104 322
104 474
104 540
104 758
104 1597
104 1907
105 207
105 966
107 131
107 328
107 1760
107 1859
107 1920
108 148
108 1360
109 494
109 595
110 289
111 473
111 1267
111 1451
111 1755
111 1806
112 500
112 1675
113 380
113 1569
113 1772
113 1905
114 164
114 1178
114 1398
115 134
115 1850
115 1881
116 1415
117 338
118 180
118 1580
119 331
119 421
119 1517
120 156
120 1735
121 661
121 1973
122 1885
123 791
123 1087
123 1364
123 1775
124 1023
124 1781
125 595
125 670
125 700
125 1211
125 1472
125 1836
126 643
126 1002
127 1454
127 1456
127 1672
128 698
128 1161
128 1322
128 1385
129 829
129 855
129 879
129 885
130 178
130 1064
130 1247
130 1589
130 1725
131 633
131 972
131 1107
131 1244
132 151
132 1532
132 1811
132 1849
133 772
133 1415
133 1466
133 1679
133 1744
133 1817
134 821
134 1955
135 1785
135 1796
136 1532
136 1573
136 1618
137 494
137 1029
137 1585
138 283
138 1722
139 215
139 298
140 853
140 947
140 1270
141 418
141 523
141 691
141 811
142 148
143 924
143 1320
143 1786
144 208
144 1253
144 1349
144 1379
144 1651
145 454
145 1069
145 1783
146 729
146 1002
147 348
147 519
147 1136
147 1511
147 1908
148 1272
148 1310
148 1531
148 1762
149 832
149 1032
149 1635
151 738
151 832
151 1222
152 164
152 1573
152 1881
153 193
153 299
153 1524
153 1793
154 228
154 1876
155 545
155 709
155 1625
156 1678
157 757
158 281
158 1372
159 274
159 1116
159 1929
159 1963
160 1307
160 1478
160 1855
161 1555
162 421
162 1021
162 1327
162 1818
163 724
163 1144
163 1584
164 1947
165 208
165 829
166 274
166 364
167 561
167 1499
167 1536
168 702
168 1279
168 1404
169 1469
169 1514
170 320
170 1214
170 1430
170 1581
172 241
172 749
172 1032
172 1283
172 1375
172 1919
173 1839
174 285
174 908
174 1476
175 548
175 1255
175 1357
176 249
176 1249
176 1464
177 530
177 945
177 975
177 1023
177 1147
177 1990
178 765
178 1611
178 1775
179 314
179 899
180 332
181 947
181 1190
181 1914
182 414
182 1597
183 399
183 914
183 927
183 972
183 1082
183 1283
184 302
184 481
184 816
184 826
184 1571
184 1871
185 391
185 519
185 1456
185 1737
186 945
186 1262
186 1743
187 955
187 1947
188 758
188 1411
188 1591
188 1692
189 1220
189 1522
189 1913
190 412
190 589
191 1356
191 1919
192 1025
192 1305
192 1943
193 1161
193 1174
194 702
195 305
195 508
195 1005
195 1243
195 1391
195 1459
196 660
196 1482
197 303
197 765
197 1417
197 1692
198 554
198 805
198 991
198 1422
198 1689
198 1696
198 1768
199 837
199 968
199 1268
199 1616
199 1893
200 238
200 849
200 1101
200 1404
200 1416
200 1690
201 1019
201 1473
202 764
202 956
203 1150
203 1177
204 930
204 1005
204 1282
205 755
205 1016
205 1567
205 1721
205 1798
207 1857
208 493
208 757
209 363
210 902
210 1507
210 1969
211 350
211 356
211 530
212 263
212 672
212 1694
216 998
216 1209
217 246
217 365
217 721
217 769
218 304
218 1828
219 451
219 637
219 1979
220 383
220 508
220 1528
220 1821
222 999
223 1569
224 648
224 719
224 1435
224 1964
225 365
225 463
225 542
225 1288
225 1874
226 1174
226 1564
226 1914
227 295
227 1522
227 1541
228 1244
228 1451
228 1565
229 989
229 1105
230 399
230 804
230 903
230 1307
230 1333
231 1519
232 820
232 1002
232 1817
233 695
233 768
233 1972
234 1253
234 1788
235 262
235 869
235 1831
236 365
236 1919
237 779
237 862
237 1608
237 1723
237 1996
238 1527
238 1767
239 389
239 497
239 517
239 1844
240 1352
240 1911
240 1939
241 304
241 1422
241 1949
242 515
242 1593
243 522
243 1012
245 539
245 740
245 816
245 1591
246 573
246 655
246 780
246 931
246 1145
246 1972
247 470
247 1154
247 1974
248 1043
248 1774
248 1943
249 1033
249 1459
250 739
250 1265
250 1856
251 711
252 610
252 817
252 855
254 1424
254 1614
255 450
255 832
255 1157
256 665
256 1051
256 1410
258 956
259 433
259 822
259 964
259 1177
259 1663
260 1542
260 1894
261 1138
261 1722
262 342
262 1401
262 1446
262 1918
263 531
263 1699
264 597
264 955
264 1284
265 570
265 779
265 1287
265 1437
266 526
267 752
267 1594
269 484
269 1288
270 335
270 915
270 1017
270 1118
271 1236
272 350
272 1817
273 273
273 412
273 705
273 1549
273 1650
274 726
274 1750
275 1643
276 765
276 810
276 1428
277 1724
277 1807
278 397
280 608
280 620
280 1701
280 1848
281 488
281 845
281 1068
281 1281
281 1938
281 1952
282 1968
282 1995
283 469
283 513
283 638
283 889
283 980
283 1203
283 1247
283 1936
284 919
284 1353
285 342
285 1431
285 1687
286 928
286 1658
286 1785
288 1357
288 1838
289 1535
289 1610
289 1666
290 1191
291 952
291 1324
292 765
293 358
293 462
293 521
293 1012
293 1227
295 629
295 714
295 1459
295 1680
296 1063
296 1110
296 1254
296 1687
296 1762
297 1420
297 1502
297 1596
297 1697
298 521
298 1920
298 1974
298 1983
299 869
299 1590
299 1790
300 1363
300 1558
300 1608
300 1948
301 543
301 668
301 1136
301 1988
302 965
303 582
303 915
303 1474
303 1599
304 568
305 694
305 966
305 1523
305 1967
306 1747
308 523
308 987
308 1527
308 1686
308 1755
309 966
309 1372
310 1061
310 1846
311 472
311 1281
311 1739
311 1866
312 791
314 1494
315 1039
315 1550
315 1831
316 419
316 879
317 1635
318 1960
319 350
319 1513
319 1602
320 993
320 1253
321 457
321 1039
321 1063
321 1209
321 1300
321 1381
322 939
322 1360
323 680
324 531
324 1287
324 1632
324 1899
325 489
326 650
326 795
326 1449
326 1805
327 1246
327 1464
328 708
328 895
328 1137
328 1257
328 1424
329 351
329 412
329 869
329 1625
330 1190
330 1344
330 1372
330 1405
330 1806
330 1871
330 1972
332 676
333 355
333 584
333 782
333 1452
333 1718
334 751
334 1154
334 1719
335 1660
336 739
336 1633
337 712
337 871
338 400
338 869
338 1007
338 1251
338 1608
339 1282
339 1418
340 395
340 401
340 1288
341 365
341 1204
341 1491
342 1597
342 1961
343 739
343 810
343 835
343 1285
343 1832
343 1854
344 450
344 790
344 949
344 1001
344 1201
345 938
346 1038
346 1440
346 1733
347 1548
347 1605
348 1889
349 381
349 640
350 1249
350 1282
351 1522
352 535
352 1932
353 805
353 1050
353 1340
353 1732
353 1894
354 393
354 503
354 1367
354 1430
354 1634
355 1122
355 1517
356 361
356 574
356 770
356 1604
356 1605
356 1719
357 1461
357 1811
358 625
358 1216
358 1702
359 1141
359 1580
359 1966
360 753
360 1844
361 557
361 1948
361 1995
362 609
362 732
362 1350
362 1831
363 1109
363 1970
363 1996
364 822
364 1261
365 811
365 1101
365 1472
365 1589
365 1807
366 424
367 394
367 1353
367 1718
368 733
368 1199
368 1871
369 995
370 462
372 941
372 954
372 1017
373 737
373 1272
374 423
374 939
374 1206
374 1236
374 1410
374 1436
375 1559
376 567
376 1236
376 1973
377 965
377 1056
377 1465
377 1467
377 1501
377 1590
377 1741
378 1009
378 1376
379 393
379 608
379 892
379 964
379 1276
379 1510
379 1543
380 431
380 1166
380 1382
380 1455
380 1565
380 1684
380 1694
380 1928
381 1160
381 1425
381 1531
381 1797
382 690
382 747
382 925
382 1453
382 1775
383 1227
383 1629
384 475
384 892
384 1456
385 499
385 1124
385 1595
386 404
386 1885
387 1286
387 1339
388 1054
388 1539
388 1668
389 1376
389 1420
389 1709
389 1726
391 435
392 1696
393 742
393 1304
394 488
394 876
394 1031
394 1380
395 613
395 1295
396 906
396 1292
396 1937
397 1057
397 1685
398 417
398 807
398 1113
398 1437
398 1620
398 1672
398 1835
399 1244
399 1834
400 1209
400 1237
400 1411
401 670
401 1213
401 1775
401 1982
402 835
403 1333
404 1252
404 1259
404 1390
404 1755
405 460
405 1544
405 1677
406 1290
406 1719
408 1271
409 987
409 1730
409 1743
410 1325
411 517
411 1463
411 1990
412 887
412 1855
413 420
413 599
413 790
413 1061
413 1071
414 675
414 988
414 1127
414 1284
414 1302
414 1879
414 1897
415 1297
416 950
416 1428
416 1434
416 1527
416 1731
416 1960
417 1373
417 1750
417 1904
418 600
419 1812
419 1920
420 1159
420 1187
420 1190
420 1381
421 1223
421 1501
421 1896
422 1809
423 1006
423 1973
424 678
425 1292
425 1529
425 1547
425 1656
427 963
427 1181
427 1932
430 446
430 1050
430 1155
430 1363
430 1805
431 682
431 826
431 1959
432 890
432 1801
433 1424
433 1640
433 1775
434 767
434 1949
435 1345
435 1817
435 1892
436 1238
436 1272
436 1310
436 1343
436 1431
438 472
438 786
438 1725
439 1345
439 1721
439 1854
440 1224
440 1240
441 1384
441 1453
441 1621
442 1323
442 1972
443 664
443 1013
443 1361
444 560
444 975
444 1194
444 1393
444 1784
446 737
446 1919
448 547
448 903
449 1658
450 758
450 1124
450 1499
451 476
451 568
451 1341
451 1655
451 1741
452 659
452 1945
453 745
453 1886
454 791
454 800
454 973
454 1153
454 1866
455 1476
455 1495
455 1810
455 1870
456 552
456 1447
456 1559
457 484
457 547
457 1002
457 1579
457 1926
458 1355
458 1468
458 1939
459 756
459 1571
460 604
460 789
460 1602
460 1655
460 1708
460 1996
462 1153
462 1395
462 1477
462 1691
463 572
463 616
463 743
464 606
464 1065
464 1714
465 841
465 1144
465 1671
466 599
466 724
466 1327
466 1409
467 1528
467 1649
467 1726
467 1806
468 730
468 1310
468 1553
468 1898
469 1112
469 1822
471 1096
471 1397
471 1931
472 1354
472 1599
472 1719
473 1149
473 1328
474 728
474 746
474 839
474 954
475 1185
475 1818
476 1134
476 1403
476 1893
478 1530
479 1314
479 1885
480 887
482 1026
482 1246
483 1096
484 1094
484 1580
484 1858
485 1218
485 1541
486 875
486 1038
486 1125
486 1130
486 1642
486 1907
486 1934
487 515
488 1194
488 1592
488 1692
489 650
489 1120
489 1147
489 1848
489 1958
490 719
490 1239
490 1349
490 1472
490 1843
491 804
491 846
492 849
493 1594
493 1927
494 705
494 1193
494 1469
494 1864
494 1931
495 639
495 713
495 1045
495 1475
496 814
496 998
496 1281
496 1885
498 576
498 1591
498 1907
498 1932
499 731
499 1354
500 1743
501 1036
501 1346
501 1357
501 1445
501 1654
503 914
503 1965
504 1109
504 1433
504 1501
506 709
507 1221
507 1913
508 792
508 1861
509 1879
510 646
510 758
510 1562
510 1741
511 1497
511 1569
512 1239
513 586
513 651
513 788
513 1348
515 1477
515 1486
515 1825
515 1878
515 1981
517 1077
519 579
520 694
521 1388
522 550
522 594
522 909
522 1772
523 818
523 1339
524 627
524 1243
524 1723
525 743
526 1030
526 1570
527 1598
528 1363
528 1423
529 581
530 580
530 721
530 1662
531 735
531 1033
531 1248
531 1430
531 1515
531 1691
532 1042
532 1565
532 1645
532 1874
533 552
533 585
533 872
533 1470
534 993
534 1308
534 1698
534 1983
535 644
535 817
535 1590
536 558
536 650
536 666
536 1292
536 1770
537 1290
537 1465
538 724
538 952
539 628
539 710
539 1139
539 1410
539 1930
540 670
541 1674
543 1393
543 1528
543 1588
543 1780
544 1609
545 903
545 1050
545 1051
545 1717
546 1858
547 1654
548 1928
549 931
549 1662
549 1778
549 1974
551 882
552 1005
552 1275
552 1420
552 1964
553 726
553 1376
553 1584
553 1935
555 819
555 1451
555 1812
556 1123
556 1376
556 1684
556 1712
556 1715
556 1809
556 1817
558 678
558 1292
558 1460
559 948
559 1417
560 661
560 1478
560 1791
561 975
563 1133
563 1403
563 1591
565 1011
565 1909
566 804
566 827
566 931
566 1538
567 1303
568 725
568 1169
568 1327
568 1573
569 1263
569 1779
569 1864
570 1072
570 1153
571 948
571 1176
571 1279
571 1599
571 1966
572 1532
572 1627
572 1696
573 674
573 1097
573 1132
573 1651
573 1866
574 842
574 1296
574 1420
574 1514
574 1595
575 1058
576 945
576 1994
577 939
577 1439
577 1693
578 1273
578 1515
579 1253
579 1910
580 1801
582 646
582 1015
582 1055
582 1655
584 1131
584 1536
584 1725
584 1736
585 1015
586 1262
586 1314
587 876
587 1219
588 676
589 1890
590 1590
590 1696
591 811
592 931
592 1509
593 1320
594 644
594 837
594 1376
594 1861
595 1322
595 1814
598 750
598 1285
598 1493
599 1496
600 991
600 1474
601 632
601 782
601 1609
601 1822
602 691
602 826
602 1249
602 1425
602 1472
603 711
604 1944
606 985
607 1622
607 1784
609 1336
609 1442
609 1507
609 1581
610 927
610 1628
610 1677
611 891
611 1470
612 850
612 870
612 1005
612 1979
613 644
613 1410
613 1700
614 634
614 1275
614 1878
614 1976
615 808
616 647
616 814
617 708
617 875
617 966
617 1000
617 1533
619 1526
620 1687
620 1913
621 703
621 1182
621 1446
621 1538
622 1274
624 726
624 1223
624 1569
624 1686
627 1785
628 735
629 1276
629 1684
629 1806
630 1420
631 958
631 1093
631 1665
631 1898
633 676
633 712
633 933
633 1274
633 1746
634 1413
635 745
635 903
635 1621
635 1651
637 1339
637 1547
637 1843
638 682
638 824
638 1852
639 838
639 1064
639 1633
640 1514
640 1667
640 1952
641 859
641 1661
641 1984
643 723
643 1262
643 1392
644 1044
644 1975
645 1611
645 1735
646 811
646 1152
646 1188
646 1347
646 1421
647 1015
647 1402
647 1577
647 1709
648 1546
648 1832
648 1843
649 984
649 1124
649 1642
649 1918
650 712
651 688
651 972
651 1379
651 1821
652 1913
653 735
653 1033
653 1063
653 1293
653 1816
654 1108
654 1916
655 1225
655 1728
656 1461
657 1018
657 1042
658 1100
659 1252
660 1087
660 1392
660 1464
660 1702
661 1840
661 1976
662 802
662 1265
663 1133
664 892
665 1113
665 1257
666 1056
666 1456
666 1637
667 880
668 1196
668 1974
669 686
669 849
670 964
670 1757
670 1947
671 1924
672 1096
673 1053
673 1337
673 1425
674 1308
674 1582
674 1720
675 693
676 846
676 1095
676 1106
676 1690
677 1403
677 1531
677 1559
677 1562
678 1574
678 1784
678 1953
679 754
679 1899
680 690
680 715
680 1261
680 1518
680 1618
681 1403
681 1879
682 1218
682 1558
683 714
683 1222
684 734
684 1177
684 1216
684 1444
685 1623
685 1766
686 1526
686 1716
687 955
687 1053
687 1210
687 1421
688 1066
688 1151
689 1016
689 1212
689 1375
690 905
690 1355
690 1611
691 1242
691 1879
692 1144
692 1162
692 1454
694 1175
695 1133
695 1485
696 1661
698 1721
698 1777
699 791
699 918
699 1108
700 1116
700 1553
701 1953
702 1203
703 1614
704 1823
705 1427
705 1749
706 1819
707 979
707 1911
709 956
710 1077
711 1305
711 1462
712 799
712 1233
712 1239
712 1289
712 1386
712 1720
712 1946
713 967
713 1579
714 970
715 1480
716 861
717 1324
717 1381
717 1780
718 1629
719 1637
719 1839
721 1915
722 1057
723 999
723 1402
723 1440
723 1901
724 1094
724 1144
725 1392
726 1801
727 915
727 1118
727 1621
728 1599
728 1706
728 1791
729 1722
730 967
730 1160
730 1862
731 1209
732 835
732 1317
732 1468
732 1512
732 1825
733 1946
734 781
735 1324
736 822
736 835
736 1377
736 1864
737 1990
738 1847
739 1008
739 1546
739 1802
739 1892
740 800
741 842
741 1132
741 1712
742 1060
742 1195
742 1264
742 1348
742 1976
743 1338
743 1439
743 1785
743 1876
744 1213
745 1489
746 1656
747 1366
747 1691
747 1952
749 1310
750 853
750 1266
751 752
751 940
751 1434
751 1556
751 1598
751 1656
752 857
752 862
752 979
752 1412
752 1609
752 1870
754 831
754 1395
755 973
755 1833
756 1397
756 1915
757 1015
757 1236
757 1493
757 1599
758 1299
759 1707
759 1965
760 1214
760 1426
760 1768
762 1419
762 1478
762 1814
762 1836
763 1499
763 1690
763 1692
763 1794
764 1249
765 1496
766 867
766 926
766 1695
768 1471
768 1523
769 1464
770 800
770 1870
771 831
771 1782
772 974
772 1232
772 1264
773 795
773 1279
773 1362
774 1075
774 1634
776 1218
776 1498
777 1113
777 1148
777 1297
777 1834
778 939
778 1924
779 881
780 1758
781 815
781 1263
783 942
784 1061
785 1206
786 1796
787 1098
787 1568
787 1824
788 841
788 882
788 1421
788 1428
789 992
789 1187
789 1275
789 1337
790 1174
790 1965
791 792
791 1988
792 1629
792 1716
794 876
794 1196
794 1198
794 1555
795 802
795 812
795 1874
797 1012
798 807
800 1023
800 1160
800 1710
801 1337
801 1641
803 1398
804 1184
804 1362
805 1291
805 1988
806 966
807 1240
808 1210
808 1556
811 935
811 1259
811 1948
812 1165
814 918
815 1492
815 1734
816 1009
816 1079
816 1758
816 1823
816 1916
818 1788
819 1242
819 1631
820 1634
821 879
822 1087
824 1375
824 1578
826 1173
826 1481
826 1640
827 1197
827 1347
829 1713
829 1849
830 1907
831 1192
831 1614
832 1388
832 1411
832 1517
833 1079
834 975
834 1688
836 1397
837 1221
839 1231
839 1334
839 1636
840 1211
840 1599
841 1644
842 1520
843 1627
844 900
844 1759
844 1862
846 1110
846 1527
846 1572
846 1706
847 1214
847 1370
847 1916
848 1096
848 1099
849 1682
849 1949
850 1253
850 1439
851 1210
851 1475
851 1793
852 904
852 1800
854 1723
855 917
857 1472
858 1875
859 1218
860 945
860 1030
860 1076
860 1328
861 1153
861 1535
862 1342
862 1380
862 1565
862 1595
862 1699
862 1754
862 1923
863 1895
864 1476
864 1812
864 1878
865 1103
865 1852
866 916
866 1098
866 1649
866 1800
867 1727
868 987
868 1481
868 1528
868 1586
869 1277
870 873
870 935
870 947
872 898
872 1583
872 1680
873 1439
873 1503
873 1667
873 1998
874 943
874 1196
874 1345
874 1430
876 1653
877 954
877 1649
878 1330
880 1291
880 1976
880 1980
881 1179
881 1235
881 1720
883 997
883 1430
884 1183
884 1474
884 1689
885 1631
886 1333
888 1629
888 1796
889 1002
889 1403
891 982
891 1397
891 1739
892 1821
893 1072
893 1155
895 1304
896 947
897 1887
898 1098
898 1569
898 1847
899 993
900 909
902 1606
902 1919
904 942
905 1356
905 1734
906 992
906 1088
906 1245
907 1100
908 1583
909 1316
909 1569
909 1687
909 1890
910 945
910 1441
910 1542
910 1707
910 1861
911 1294
912 1185
912 1289
912 1835
913 979
913 1668
913 1763
914 1326
915 1041
915 1176
915 1458
915 1518
915 1675
916 1028
916 1382
916 1720
917 1494
917 1788
917 1930
918 1592
918 1962
919 1379
919 1880
920 973
920 991
921 1141
921 1887
922 1357
922 1697
922 1938
924 1714
925 1348
926 970
926 1067
926 1383
928 1106
928 1308
929 1559
930 1370
930 1520
932 1851
933 1697
933 1918
934 1375
935 1196
935 1403
935 1416
935 1512
935 1552
935 1685
935 1746
936 1131
936 1191
936 1869
937 1933
938 1204
940 1180
940 1373
940 1794
940 1859
940 1890
942 1393
942 1617
943 1318
943 1921
944 1246
944 1903
946 1621
946 1887
946 1919
947 1127
947 1173
947 1936
949 1425
949 1426
949 1753
950 1410
950 1599
950 1740
950 1983
951 1179
952 1106
952 1286
952 1355
952 1498
953 1164
954 1148
954 1569
954 1629
954 1661
954 1805
955 1695
956 1318
956 1880
957 1312
957 1512
958 1207
959 1332
959 1479
959 1929
960 1426
960 1604
961 1202
961 1252
962 1080
962 1703
962 1726
963 1534
963 1776
963 1834
964 1440
965 1189
965 1649
965 1989
966 1472
967 974
967 1258
967 1844
968 983
968 1295
969 1042
970 1188
971 1424
971 1603
973 1107
973 1633
973 1983
974 1324
974 1887
975 1501
975 1892
976 1868
979 1447
979 1784
981 1551
981 1850
983 1865
984 1540
984 1624
985 1382
986 1189
987 1418
988 1015
988 1608
988 1805
989 1042
989 1111
989 1185
989 1370
989 1525
990 1285
991 1380
991 1442
992 1368
992 1857
993 1280
993 1317
993 1466
993 1616
994 1243
994 1997
996 1176
996 1285
996 1749
996 1881
996 1887
996 1997
998 1489
999 1483
1001 1486
1002 1062
1002 1230
1002 1392
1002 1590
1002 1629
1002 1787
1002 1976
1003 1463
1003 1791
1003 1886
1003 1970
1004 1333
1004 1441
1005 1019
1005 1235
1005 1821
1006 1777
1006 1905
1007 1917
1008 1729
1010 1182
1012 1047
1012 1054
1012 1769
1013 1134
1014 1299
1016 1217
1018 1887
1021 1273
1021 1701
1021 1953
1022 1539
1023 1099
1023 1133
1023 1219
1024 1329
1024 1743
1024 1800
1025 1292
1025 1722
1026 1551
1027 1602
1027 1689
1028 1958
1028 1959
1029 1041
1030 1131
1030 1280
1031 1438
1031 1663
1032 1483
1032 1774
1032 1798
1032 1894
1033 1169
1033 1345
1033 1519
1034 1197
1036 1481
1036 1626
1037 1988
1038 1310
1040 1677
1043 1391
1043 1433
1043 1572
1043 1901
1044 1516
1044 1651
1045 1678
1046 1479
1046 1768
1047 1249
1047 1347
1047 1900
1049 1213
1050 1361
1050 1766
1050 1855
1051 1531
1052 1475
1052 1964
1053 1305
1054 1194
1054 1377
1055 1539
1055 1856
1056 1082
1056 1255
1056 1685
1057 1617
1059 1549
1059 1691
1059 1987
1062 1419
1062 1967
1063 1549
1063 1745
1066 1389
1067 1158
1067 1629
1068 1199
1068 1430
1070 1378
1071 1585
1071 1587
1071 1905
1073 1629
1074 1603
1076 1569
1076 1843
1076 1990
1077 1642
1078 1376
1078 1735
1078 1812
1080 1841
1081 1994
1082 1106
1083 1535
1083 1786
1083 1809
1084 1352
1084 1880
1085 1853
1086 1332
1086 1451
1086 1724
1088 1194
1088 1535
1088 1550
1088 1744
1089 1754
1089 1775
1090 1513
1090 1818
1091 1307
1091 1758
1093 1331
1093 1351
1093 1580
1093 1875
1095 1122
1095 1159
1095 1240
1095 1890
1099 1213
1099 1378
1099 1677
1100 1239
1100 1394
1100 1882
1100 1983
1102 1254
1102 1652
1103 1456
1103 1710
1104 1851
1104 1868
1105 1479
1105 1715
1107 1329
1108 1298
1108 1350
1108 1602
1108 1755
1108 1828
1108 1955
1109 1265
1109 1581
1110 1422
1111 1267
1111 1302
1111 1545
1111 1625
1114 1579
1114 1816
1115 1440
1116 1310
1116 1443
1116 1911
1117 1428
1118 1314
1119 1224
1121 1152
1121 1467
1122 1959
1122 1983
1123 1533
1123 1653
1125 1623
1125 1894
1126 1710
1127 1724
1128 1803
1128 1811
1128 1849
1128 1974
1130 1797
1132 1303
1132 1309
1132 1376
1134 1256
1135 1228
1135 1588
1136 1233
1138 1491
1138 1603
1139 1678
1139 1946
1143 1488
1143 1652
1144 1476
1144 1824
1144 1891
1145 1799
1145 1860
1147 1198
1147 1907
1148 1181
1148 1264
1148 1300
1149 1242
1149 1256
1149 1559
1149 1615
1150 1296
1150 1357
1150 1452
1150 1622
1151 1577
1152 1928
1152 1974
1153 1365
1153 1519
1153 1894
1154 1988
1157 1557
1157 1673
1158 1203
1158 1832
1159 1286
1159 1367
1160 1661
1160 1742
1161 1607
1162 1488
1163 1258
1163 1384
1163 1804
1164 1433
1164 1534
1166 1819
1167 1571
1167 1798
1168 1540
1169 1725
1169 1940
1173 1914
1174 1659
1176 1627
1177 1702
1177 1785
1178 1532
1178 1542
1179 1309
1179 1643
1179 1731
1179 1912
1180 1281
1180 1619
1180 1716
1181 1196
1181 1276
1181 1703
1183 1647
1185 1340
1185 1546
1185 1753
1186 1290
1186 1549
1186 1823
1187 1650
1189 1330
1189 1607
1191 1228
1193 1298
1195 1906
1197 1265
1198 1679
1199 1644
1199 1813
1200 1428
1200 1965
1201 1326
1201 1445
1202 1465
1203 1352
1203 1684
1205 1476
1205 1826
1206 1851
1208 1318
1208 1488
1209 1928
1211 1536
1212 1376
1212 1823
1212 1955
1213 1433
1214 1839
1215 1483
1216 1854
1217 1771
1217 1795
1217 1868
1220 1614
1222 1376
1222 1577
1222 1901
1223 1311
1223 1571
1223 1785
1224 1887
1225 1731
1227 1285
1227 1392
1227 1765
1228 1753
1229 1233
1229 1271
1229 1661
1229 1677
1229 1882
1230 1371
1230 1388
1230 1584
1231 1514
1235 1379
1236 1856
1237 1828
1238 1611
1238 1771
1238 1918
1240 1539
1240 1703
1241 1349
1241 1900
1242 1371
1243 1674
1243 1729
1243 1765
1245 1931
1248 1701
1248 1829
1250 1892
1253 1756
1254 1659
1255 1300
1257 1787
1259 1913
1260 1725
1262 1912
1263 1338
1263 1561
1264 1344
1265 1963
1266 1297
1267 1874
1268 1382
1270 1802
1270 1930
1272 1515
1272 1607
1273 1408
1274 1463
1276 1545
1277 1708
1278 1947
1279 1616
1279 1919
1280 1506
1280 1872
1282 1848
1283 1785
1283 1819
1284 1330
1284 1865
1285 1976
1287 1967
1288 1582
1289 1328
1291 1623
1291 1874
1291 1915
1292 1416
1292 1464
1295 1393
1296 1649
1297 1977
1298 1305
1298 1408
1301 1498
1301 1712
1303 1413
1306 1472
1306 1657
1306 1871
1307 1547
1309 1598
1310 1397
1310 1512
1312 1411
1314 1615
1314 1776
1315 1403
1315 1591
1318 1613
1318 1658
1319 1499
1319 1931
1320 1373
1320 1594
1320 1806
1322 1412
1322 1688
1322 1936
1322 1987
1322 1995
1323 1754
1325 1557
1326 1409
1327 1829
1328 1548
1329 1415
1329 1505
1329 1525
1329 1696
1329 1994
1330 1580
1333 1430
1334 1353
1335 1520
1335 1922
1336 1428
1336 1569
1337 1755
1339 1744
1340 1469
1340 1514
1343 1577
1343 1696
1345 1774
1345 1788
1348 1640
1349 1933
1350 1611
1351 1993
1352 1380
1353 1508
1354 1828
1355 1941
1357 1801
1359 1394
1359 1892
1361 1621
1361 1901
1362 1455
1362 1965
1364 1819
1365 1688
1365 1710
1365 1932
1365 1954
1366 1617
1366 1917
1366 1943
1368 1957
1370 1377
1370 1393
1370 1612
1371 1575
1371 1645
1371 1761
1371 1818
1374 1414
1374 1548
1374 1758
1374 1840
1375 1473
1375 1479
1376 1463
1376 1753
1377 1864
1377 1996
1379 1407
1379 1445
1379 1518
1379 1687
1379 1857
1381 1631
1381 1748
1381 1850
1382 1638
1385 1568
1385 1699
1387 1811
1388 1701
1388 1793
1389 1602
1389 1680
1389 1750
1390 1662
1391 1514
1392 1480
1392 1625
1395 1754
1396 1712
1397 1592
1398 1565
1398 1669
1399 1438
1399 1564
1400 1416
1400 1680
1400 1840
1402 1593
1402 1727
1403 1699
1403 1741
1403 1921
1404 1744
1406 1592
1408 1860
1410 1462
1411 1518
1411 1560
1411 1747
1411 1869
1412 1419
1412 1467
1415 1750
1417 1933
1419 1515
1420 1638
1423 1810
1423 1855
1426 1993
1427 1529
1430 1560
1431 1579
1431 1797
1432 1771
1433 1574
1433 1941
1434 1640
1434 1834
1436 1654
1437 1756
1438 1461
1438 1621
1438 1922
1439 1731
1441 1974
1442 1764
1443 1802
1444 1735
1444 1826
1447 1689
1447 1860
1448 1785
1449 1704
1450 1916
1451 1554
1451 1738
1455 1833
1456 1719
1457 1726
1459 1875
1461 1618
1462 1938
1462 1997
1463 1905
1464 1551
1465 1633
1467 1569
1468 1998
1469 1487
1469 1536
1472 1926
1472 1986
1473 1880
1475 1542
1478 1968
1480 1921
1481 1806
1484 1773
1486 1515
1486 1933
1487 1862
1491 1821
1491 1884
1492 1927
1493 1536
1493 1967
1494 1565
1494 1640
1498 1581
1500 1648
1501 1580
1501 1639
1502 1851
1503 1603
1505 1511
1507 1909
1508 1600
1510 1927
1512 1730
1513 1937
1514 1576
1517 1601
1517 1612
1517 1658
1517 1682
1518 1551
1518 1972
1519 1726
1523 1808
1525 1613
1526 1695
1534 1748
1538 1731
1539 1540
1543 1588
1543 1776
1545 1785
1545 1814
1545 1825
1550 1792
1550 1919
1551 1572
1551 1721
1551 1923
1551 1960
1553 1736
1553 1890
1554 1853
1556 1661
1556 1665
1557 1878
1558 1657
1559 1951
1560 1815
1563 1599
1563 1922
1564 1565
1564 1639
1566 1962
1572 1986
1573 1606
1579 1753
1580 1865
1586 1592
1592 1615
1592 1705
1593 1775
1596 1799
1601 1794
1602 1999
1603 1669
1603 1836
1603 1907
1604 1701
1604 1770
1604 1821
1606 1850
1608 1989
1609 1722
1609 1788
1609 1950
1611 1793
1613 1622
1614 1617
1615 1959
1615 1968
1617 1633
1617 1898
1618 1787
1621 1757
1621 1850
1623 1730
1624 1658
1624 1814
1632 1898
1633 1902
1634 1928
1635 1647
1635 1765
1637 1762
1638 1683
1641 1993
1643 1911
1643 1991
1646 1929
1647 1895
1648 1707
1649 1738
1649 1796
1649 1797
1652 1654
1656 1659
1657 1831
1657 1983
1658 1746
1659 1837
1662 1778
1663 1752
1664 1782
1664 1811
1664 1848
1664 1963
1665 1668
1670 1738
1670 1897
1671 1765
1671 1850
1672 1937
1673 1679
1673 1831
1679 1913
1680 1959
1681 1949
1684 1938
1689 1952
1690 1793
1691 1701
1693 1758
1698 1741
1698 1796
1700 1773
1703 1871
1704 1804
1709 1986
1712 1765
1712 1999
1718 1771
1720 1848
1722 1902
1729 1840
1731 1997
1733 1962
1735 1808
1736 1798
1737 1810
1738 1767
1744 1778
1744 1853
1750 1786
1753 1766
1758 1843
1762 1863
1764 1783
1766 1782
1767 1998
1770 1882
1770 1976
1771 1815
1772 1973
1776 1955
1780 1897
1780 1963
1781 1991
1787 1938
1788 1986
1796 1967
1797 1825
1799 1955
1800 1867
1801 1868
1801 1937
1802 1803
1805 1914
1807 1926
1812 1955
1813 1900
1814 1932
1816 1933
1826 1917
1828 1897
1833 1982
1837 1880
1841 1994
1842 1912
1845 1982
1848 1926
1849 1947
1854 1895
1854 1931
1864 1921
1866 1979
1871 1982
1885 1923
1886 1891
1887 1985
1896 1995
1900 1962
1913 1955
1914 1938
1918 1936
1950 1984
1954 1977
1961 1976
