2000
0 50
0 675
0 830
0 1339
0 1451
0 1822
2 507
2 969
2 1123
2 1617
2 1830
3 178
3 367
3 663
4 580
6 573
6 758
6 1506
8 685
8 1134
9 313
10 188
10 629
10 1194
10 1209
11 194
11 744
11 1669
11 1850
12 1950
13 356
13 398
13 1952
14 1481
14 1709
15 1200
15 1546
18 986
19 597
19 1524
19 1667
20 1426
21 139
22 1142
24 547
24 863
25 504
25 1382
25 1739
25 1895
26 1434
26 1444
28 733
30 361
30 683
30 1316
31 476
31 755
31 851
31 995
31 1612
32 1521
33 433
33 833
33 861
33 945
33 1321
33 1873
34 708
34 1420
34 1547
34 1671
35 246
35 522
35 1747
35 1884
36 1433
36 1688
38 696
38 1357
38 1726
38 1920
39 347
39 950
39 1978
40 1151
41 187
41 754
41 946
41 1430
41 1992
42 432
42 965
42 1425
42 1462
42 1965
45 876
46 951
46 1051
47 1442
48 69
48 1340
48 1613
48 1728
49 347
49 634
49 1990
50 1935
51 372
52 247
52 1299
52 1490
52 1529
53 330
53 645
53 873
53 1894
54 175
54 274
54 748
54 838
54 847
54 853
55 323
55 546
55 1177
56 1531
57 755
57 1688
57 1734
57 1914
57 1974
58 1036
59 480
59 730
60 1779
61 286
61 1020
61 1265
62 552
62 1237
62 1315
62 1647
62 1702
62 1907
63 926
63 979
63 1996
64 910
64 1005
65 1399
65 1439
66 362
66 416
67 67
67 437
67 621
67 654
67 1156
67 1602
68 990
69 1019
69 1377
71 1267
71 1485
71 1570
72 96
72 381
72 1122
72 1319
72 1690
73 654
73 688
73 937
73 1282
73 1713
74 560
74 1862
75 1423
76 368
76 1642
76 1765
77 945
77 1128
77 1310
78 292
78 353
78 386
78 663
78 766
78 980
78 1166
79 874
79 995
79 1084
80 254
80 1396
80 1908
81 1716
83 785
83 1918
84 1996
85 902
86 1278
86 1851
87 429
87 1399
88 1533
89 230
89 868
89 1117
89 1430
90 1176
91 341
91 646
92 1551
93 178
93 398
93 1325
93 1768
93 1819
93 1896
95 1630
96 482
96 1503
97 1338
97 1492
97 1570
98 133
99 390
99 991
99 1170
99 1770
99 1784
99 1957
100 111
100 114
100 598
100 1290
100 1961
101 534
101 643
102 1655
102 1777
103 1382
103 1977
104 1933
105 327
105 768
105 1235
105 1423
106 349
107 181
107 253
107 267
107 1731
108 1433
111 321
111 365
111 578
111 1355
111 1522
113 322
113 415
113 1855
115 486
115 508
115 1256
115 1658
115 1999
116 218
116 1398
117 1719
118 400
118 1631
118 1893
119 213
119 1388
120 1591
121 528
122 329
123 1047
124 716
124 1353
124 1707
124 1962
125 420
125 727
126 154
126 191
126 717
127 247
127 770
128 873
129 1664
129 1847
130 287
130 892
131 626
131 1859
132 157
132 437
132 953
132 988
132 1667
134 201
134 1155
135 417
135 1256
136 632
136 867
137 291
137 548
137 1269
137 1366
137 1929
138 1222
139 873
139 1128
139 1145
140 457
140 640
140 700
140 1834
140 1912
140 1975
141 712
141 754
141 951
141 1405
142 547
142 730
142 735
142 1374
143 1374
144 1976
145 1571
145 1620
146 671
146 1644
147 566
147 838
148 554
148 904
149 168
150 678
150 1257
151 168
152 1397
152 1877
153 165
153 435
154 1359
155 920
155 1416
155 1558
156 609
157 363
157 413
157 462
157 503
157 652
157 942
157 966
157 991
158 316
158 1787
159 579
159 1090
159 1739
159 1938
160 1878
160 1959
161 189
161 1155
161 1399
161 1874
162 661
162 1014
163 832
164 534
164 1143
165 603
165 935
165 1232
166 580
166 1532
167 279
167 621
168 1218
169 233
169 428
169 454
169 929
169 1255
169 1278
169 1795
171 301
172 591
172 1218
172 1479
173 686
173 695
173 918
174 584
174 793
175 515
175 877
176 1499
176 1708
177 336
177 1355
178 738
178 1134
178 1973
179 1405
180 201
181 719
181 1320
182 1753
183 1088
183 1801
184 676
185 391
185 1206
186 262
186 374
186 1236
187 1273
187 1817
187 1992
188 912
189 978
189 1112
190 190
190 879
190 1059
191 274
191 454
191 463
191 969
191 1212
191 1496
191 1546
191 1801
193 523
193 868
193 1466
193 1650
195 1012
195 1398
197 1565
197 1971
198 331
198 685
199 985
199 1695
200 1093
201 609
201 880
201 1513
202 445
202 1899
203 692
204 301
204 489
205 379
205 1594
206 335
206 1477
208 1191
208 1980
209 584
210 934
210 1629
211 980
211 1480
212 402
212 1509
214 878
214 1984
215 377
215 1726
216 342
216 1013
217 1442
218 1211
218 1979
219 233
219 450
220 1177
220 1594
221 658
222 911
223 433
223 542
223 1018
224 1289
224 1314
224 1686
224 1817
225 357
225 908
225 1250
226 494
226 562
226 956
226 1800
227 1362
227 1733
228 725
228 1659
229 949
230 330
230 612
231 476
231 1507
231 1948
232 341
232 606
232 1850
233 785
233 1004
233 1289
233 1940
234 1528
236 801
236 1146
236 1599
236 1797
237 633
238 875
238 1855
239 485
239 890
240 350
240 382
240 685
240 699
242 518
243 322
243 723
243 857
243 1140
243 1984
244 707
244 1093
244 1938
244 1966
244 1969
245 458
245 776
245 1606
246 573
247 1041
248 866
248 1605
249 1870
250 834
250 873
250 1229
250 1484
250 1567
252 1820
252 1824
253 615
253 734
253 1281
253 1358
253 1643
253 1814
255 519
255 776
255 1224
256 1709
258 1786
259 287
259 1801
260 271
260 1621
260 1674
261 842
261 1426
263 1222
264 1225
265 1493
265 1628
266 1285
267 394
267 530
267 1221
267 1650
268 552
269 1094
270 1693
271 865
271 1232
271 1327
271 1925
272 1229
273 456
273 681
273 901
273 1157
273 1855
274 642
274 715
274 1808
275 331
275 1720
275 1987
278 1028
278 1306
279 472
279 881
279 1177
280 1119
280 1914
281 725
282 550
282 1811
283 584
283 1115
284 1049
284 1476
284 1711
284 1891
284 1929
285 749
285 1120
285 1283
286 600
286 732
286 1923
286 1953
287 403
287 421
287 867
287 1617
288 431
288 1375
288 1769
288 1821
289 302
289 731
289 1029
289 1924
290 582
290 1401
291 315
292 335
292 1637
293 733
293 1159
293 1582
293 1695
294 611
295 694
295 848
295 1136
295 1306
295 1456
296 893
296 1221
297 388
297 830
297 1023
298 345
298 1863
299 1421
299 1670
299 1988
301 1547
302 330
302 981
302 1503
302 1752
303 884
303 1645
304 464
305 1066
307 1949
308 308
308 1401
308 1707
309 1803
310 1458
310 1800
312 1798
312 1961
313 1709
313 1794
315 985
316 1780
317 836
317 1099
317 1389
317 1508
318 1565
318 1786
319 993
319 1727
320 605
320 1045
321 550
321 1247
322 895
322 1432
323 450
323 1307
324 470
324 1490
325 1132
325 1214
326 702
326 1452
326 1588
328 455
328 682
328 1975
329 580
329 594
329 717
329 925
330 421
330 1666
330 1920
331 771
331 1253
331 1316
332 452
332 1068
332 1536
333 1183
333 1195
333 1374
334 736
334 1188
334 1364
335 1734
336 455
336 914
337 414
337 998
337 1421
337 1663
338 474
338 1302
338 1364
339 829
339 1630
340 1512
340 1637
341 386
341 397
341 779
341 992
341 1770
341 1973
342 1544
342 1963
343 1837
344 631
344 1460
344 1985
345 596
345 1127
345 1808
345 1843
346 1247
346 1692
347 1749
347 1751
348 575
348 1283
348 1419
348 1439
348 1579
349 461
349 594
349 1685
350 1547
351 1170
351 1296
351 1830
352 446
352 1825
353 1073
353 1400
353 1684
354 600
355 1099
355 1272
355 1887
356 454
356 515
356 533
356 764
356 1852
357 791
357 1435
357 1637
357 1823
358 1059
358 1502
359 658
359 1002
359 1094
360 537
361 1226
362 1505
362 1824
363 904
363 1442
363 1840
364 1185
364 1244
364 1979
365 1330
365 1707
366 602
366 1128
366 1160
366 1347
366 1376
367 440
367 702
368 1252
369 1555
370 454
370 684
370 1085
370 1157
370 1494
372 1939
373 1659
373 1983
374 829
374 1231
375 905
375 1235
375 1826
376 680
376 1273
377 1090
377 1900
377 1926
378 1682
379 666
379 1052
380 1432
380 1799
380 1877
381 1223
382 883
383 1316
384 804
384 1298
384 1956
386 1204
386 1460
386 1526
386 1556
387 1132
387 1741
389 528
389 1698
392 571
392 621
392 841
393 817
393 1052
394 948
395 1198
395 1465
395 1552
395 1658
395 1682
396 835
397 561
397 642
397 683
398 862
399 436
400 1742
400 1975
405 1852
405 1895
406 594
406 708
406 1041
406 1113
408 949
408 1004
409 583
409 772
410 693
410 893
410 1600
410 1704
412 844
412 1512
412 1743
413 1137
413 1479
414 592
415 516
416 1388
416 1905
417 1611
417 1745
418 1900
419 535
419 541
419 1897
420 954
421 653
423 709
423 1114
423 1967
425 642
425 793
425 1339
425 1824
425 1929
426 719
428 1758
428 1881
429 687
429 1528
429 1598
430 512
430 630
430 1022
430 1117
430 1525
430 1799
431 1307
432 1159
432 1279
433 866
433 1127
434 519
436 1793
437 681
437 1351
437 1487
437 1556
437 1631
437 1894
438 643
438 717
438 1082
438 1208
439 1807
440 723
440 1408
441 811
441 1061
441 1729
442 1048
442 1548
443 1241
443 1889
444 734
444 1870
447 887
448 1084
448 1205
449 1097
449 1497
449 1741
450 533
450 662
451 1312
451 1607
452 590
452 844
452 1587
452 1814
453 485
453 606
453 780
453 1102
453 1704
454 1425
454 1951
455 523
455 901
455 1539
456 715
457 1004
457 1556
458 1586
459 874
459 1462
459 1973
460 785
460 1509
462 638
462 673
462 905
463 576
463 1131
463 1185
464 774
465 695
465 1075
465 1239
466 1833
467 745
467 1699
467 1828
469 1051
469 1350
469 1558
470 1186
470 1872
472 1927
473 1512
473 1886
474 644
475 851
476 1782
478 559
478 1811
479 929
479 1142
479 1530
479 1893
480 1726
481 529
481 600
481 1046
481 1980
482 1240
482 1676
483 726
483 1595
484 1102
485 543
485 1834
486 525
486 607
486 1105
487 721
487 785
487 1129
488 957
488 1646
490 1313
491 803
491 883
492 1826
492 1865
493 1098
493 1756
494 619
495 1349
497 1334
497 1682
498 1801
499 1247
499 1700
499 1951
500 1548
501 767
501 1024
501 1872
502 710
502 850
502 1801
503 1285
504 570
504 917
504 1071
504 1671
505 1550
507 697
507 901
507 1779
509 747
509 1269
509 1342
509 1740
509 1962
510 851
511 998
512 967
512 1070
513 949
514 1420
514 1919
515 524
516 1755
517 1540
517 1678
518 557
518 910
518 1230
519 635
519 645
519 711
520 564
520 1357
521 1454
521 1555
521 1587
523 1405
524 1776
526 1117
526 1454
528 679
528 755
528 1126
528 1881
529 1753
529 1905
530 610
530 1218
530 1399
530 1487
532 1187
532 1824
535 1409
535 1429
535 1829
536 1756
538 1068
538 1856
539 797
540 656
540 1724
541 1018
541 1779
542 611
542 809
542 1192
542 1383
543 763
543 789
543 1464
543 1595
543 1927
544 774
544 873
544 1759
545 1044
545 1121
545 1449
545 1755
545 1837
546 922
546 1479
546 1817
547 1579
548 715
549 1890
550 1868
551 1395
551 1892
552 1243
552 1756
553 1990
553 1996
555 718
556 1272
556 1492
558 853
558 1256
558 1428
560 854
561 1400
562 857
562 1832
562 1833
563 1629
564 1174
564 1227
565 1479
567 1154
567 1604
567 1774
568 817
568 1434
568 1609
569 1414
569 1426
570 1300
570 1713
571 707
571 1161
571 1254
572 1087
572 1279
572 1342
572 1584
573 1969
574 643
574 939
574 1786
574 1941
576 1215
577 1002
577 1847
577 1961
578 779
580 1239
580 1403
580 1688
580 1753
581 1156
584 603
584 623
585 680
585 1127
585 1819
587 1319
588 1267
588 1481
588 1657
588 1669
590 1039
590 1328
590 1616
591 681
592 691
592 796
593 1906
594 713
594 1816
595 1274
595 1686
598 1928
599 1565
600 1892
601 729
601 1324
601 1740
603 1989
604 820
604 989
604 1138
605 1231
607 1091
607 1706
608 776
608 1723
608 1846
608 1911
608 1962
609 826
609 1163
609 1240
609 1774
610 1208
611 1359
611 1541
612 1805
614 811
614 901
614 1316
615 1458
615 1928
616 1784
617 704
617 1805
618 1021
619 756
620 1892
622 668
622 755
622 1132
622 1457
623 640
623 772
623 1658
624 1062
624 1951
625 792
625 1217
625 1536
626 1352
626 1411
627 1295
627 1389
627 1933
628 1171
629 662
629 1370
630 831
630 1064
631 1413
631 1494
631 1669
634 772
634 959
634 1305
634 1724
635 670
636 783
636 1082
636 1282
636 1363
636 1436
636 1739
636 1910
637 722
638 889
638 1142
638 1527
638 1757
638 1907
639 1405
639 1565
639 1941
640 858
640 1336
642 1476
643 1056
643 1162
643 1475
643 1624
644 740
644 826
644 1655
645 1677
647 857
647 1279
647 1361
647 1732
648 1421
649 1519
652 829
653 881
653 907
654 776
654 790
654 796
655 825
655 1065
655 1105
655 1309
656 1787
658 1688
659 880
661 1825
662 1974
663 1829
664 1270
664 1671
665 827
665 1682
666 1663
668 1500
669 1766
671 1727
672 1120
672 1373
673 1901
673 1976
674 1066
674 1194
674 1613
675 678
675 706
675 1954
676 769
676 806
676 1062
676 1346
677 712
677 902
677 1534
677 1719
678 902
678 926
678 1684
678 1753
679 1958
680 1049
683 975
683 1866
684 774
684 797
684 1940
686 1267
686 1526
686 1743
688 708
688 911
688 1504
688 1938
688 1965
690 739
691 1536
691 1738
691 1857
692 876
692 1661
692 1854
694 1903
696 994
696 1491
696 1540
698 1652
699 1029
700 1295
700 1792
700 1978
702 1587
702 1757
703 755
703 1882
704 1731
705 1581
705 1587
705 1789
707 1090
707 1191
707 1284
707 1470
707 1691
707 1986
708 1073
708 1650
709 938
709 1623
710 1350
710 1572
710 1577
711 1216
713 945
714 1332
715 1429
716 859
717 969
717 1007
717 1132
718 1909
719 781
719 1974
720 918
720 1813
721 1253
722 1391
722 1590
724 757
725 831
725 1338
725 1582
726 957
727 1130
727 1517
728 1410
728 1440
728 1690
728 1870
728 1881
729 846
729 975
729 1131
729 1191
731 870
732 1112
733 848
733 1030
733 1185
734 1678
734 1706
736 812
736 1212
736 1235
736 1852
738 1463
738 1900
740 1079
740 1359
741 892
741 1511
741 1567
742 839
745 1735
746 1131
746 1409
747 1657
748 1821
749 1582
749 1823
749 1926
750 750
750 829
750 956
751 1226
751 1382
752 850
754 959
754 1488
754 1546
756 1045
756 1074
756 1714
757 822
757 1879
758 1915
759 1218
759 1354
759 1838
760 1882
761 1121
762 1596
763 976
763 1170
763 1334
763 1390
764 1174
764 1789
765 940
765 1353
766 1930
768 805
769 1343
769 1573
770 1386
770 1761
771 882
771 1161
771 1248
772 1087
772 1092
772 1517
773 852
773 1061
773 1465
775 969
775 1431
775 1587
776 1114
777 1070
777 1589
777 1717
778 1550
778 1910
779 1274
781 1472
781 1640
781 1788
781 1792
782 1425
786 818
786 920
786 1671
787 959
787 1159
792 1614
792 1737
794 1248
794 1635
794 1788
794 1865
795 1176
795 1845
796 1674
797 1599
798 870
798 1584
799 1185
799 1623
800 1354
801 1077
801 1190
801 1211
802 1027
802 1379
803 922
803 1219
803 1636
804 1814
804 1901
807 1491
808 1493
810 1973
811 1597
811 1726
812 1995
813 1686
816 1178
816 1594
817 874
819 1691
820 905
820 1722
820 1730
821 1172
821 1181
821 1413
821 1873
822 891
822 1244
823 1321
824 1207
826 1208
828 917
828 1089
828 1090
829 1198
831 845
831 1025
831 1069
831 1755
832 953
832 1452
833 1907
835 1826
835 1965
837 1968
838 1047
838 1347
839 1163
839 1593
840 1520
840 1915
842 1150
843 1909
843 1917
845 1708
846 1115
847 1946
848 1410
848 1779
849 1722
850 1357
850 1905
852 1126
852 1257
853 1510
855 1032
855 1946
856 1492
856 1782
856 1832
857 1594
858 1612
859 1439
860 1152
861 953
861 1331
861 1478
861 1497
862 1895
863 1095
863 1983
864 1189
865 1438
865 1507
865 1958
866 1992
867 951
867 988
867 1308
868 1005
868 1573
868 1607
868 1917
870 981
870 1519
870 1575
871 1610
871 1999
872 1878
875 1521
876 1117
877 979
877 1921
879 1026
879 1118
879 1851
880 888
880 1337
880 1884
881 1504
882 1169
882 1960
883 1856
884 1706
886 1786
886 1831
888 1689
889 1766
890 1313
891 1042
891 1138
892 1327
893 1172
893 1516
893 1956
894 1294
894 1725
895 978
895 1201
895 1237
895 1344
895 1865
896 1249
896 1697
896 1902
898 1388
898 1580
899 921
899 1867
901 1015
901 1174
902 1743
904 1826
905 1660
905 1796
905 1894
906 1376
906 1612
907 1038
907 1741
907 1957
908 996
909 1458
911 1173
911 1925
913 1458
915 1806
915 1821
915 1877
916 1918
918 1696
918 1970
919 1273
919 1749
919 1997
920 921
920 1421
921 1423
921 1640
921 1995
922 1013
922 1211
922 1568
923 1046
923 1322
923 1859
924 1298
925 1759
926 1117
928 988
928 1804
929 1284
929 1290
930 1874
931 1792
933 985
933 1428
934 1172
934 1531
934 1877
935 1020
936 1765
937 1741
938 965
938 1339
939 1324
939 1333
940 1097
940 1896
941 952
944 1339
944 1349
945 1725
945 1886
946 1165
946 1321
946 1748
947 1744
948 1623
949 1607
949 1648
950 1408
953 1462
954 1857
955 1329
956 962
956 1707
958 1906
960 1398
961 1617
961 1935
962 1591
962 1678
963 1167
963 1974
964 1797
964 1973
965 1495
966 1590
967 1051
968 974
968 1106
969 1796
970 1949
971 1155
971 1904
972 1731
973 1314
974 1809
975 1754
976 1589
977 1136
977 1825
978 1472
978 1628
978 1931
980 1514
980 1570
981 1699
981 1703
982 1418
983 1389
983 1945
984 1200
987 1221
987 1958
988 1637
990 1423
990 1628
990 1739
992 1339
993 1123
995 1072
997 1508
998 1091
1000 1643
1001 1493
1001 1584
1003 1673
1006 1352
1007 1232
1007 1416
1007 1632
1007 1976
1008 1431
1009 1360
1011 1450
1011 1878
1012 1110
1012 1765
1014 1897
1015 1042
1016 1850
1017 1473
1017 1676
1017 1691
1017 1697
1018 1105
1019 1074
1019 1712
1021 1525
1022 1063
1022 1646
1024 1068
1024 1231
1024 1321
1024 1426
1025 1127
1026 1326
1026 1960
1027 1782
1027 1927
1028 1824
1029 1691
1031 1140
1031 1243
1031 1544
1031 1642
1033 1400
1033 1915
1034 1237
1034 1420
1035 1629
1037 1493
1037 1776
1040 1300
1040 1815
1043 1990
1045 1218
1046 1541
1046 1955
1047 1371
1049 1283
1049 1718
1049 1817
1051 1113
1052 1261
1053 1712
1054 1364
1054 1872
1055 1096
1055 1492
1056 1688
1057 1326
1058 1804
1060 1367
1061 1996
1061 1998
1062 1243
1063 1623
1064 1914
1065 1969
1066 1579
1066 1731
1067 1304
1067 1437
1068 1235
1069 1232
1069 1879
1070 1467
1070 1777
1071 1331
1071 1524
1072 1418
1072 1460
1072 1772
1072 1861
1073 1109
1073 1825
1074 1195
1075 1319
1075 1613
1076 1253
1076 1869
1077 1790
1077 1988
1078 1635
1078 1939
1079 1372
1080 1366
1080 1591
1080 1621
1080 1983
1081 1156
1081 1621
1081 1729
1082 1882
1083 1359
1084 1404
1085 1972
1091 1617
1093 1421
1094 1281
1094 1525
1095 1789
1096 1463
1097 1315
1097 1563
1098 1758
1099 1991
1100 1496
1101 1396
1102 1254
1102 1476
1103 1799
1104 1441
1106 1763
1108 1466
1112 1211
1113 1368
1114 1905
1116 1522
1117 1479
1118 1530
1118 1648
1119 1720
1120 1688
1121 1626
1122 1915
1125 1997
1126 1465
1126 1740
1128 1134
1128 1365
1130 1413
1131 1556
1131 1562
1131 1720
1132 1142
1132 1315
1132 1717
1133 1290
1134 1381
1134 1801
1135 1639
1135 1643
1136 1232
1137 1370
1137 1626
1139 1173
1140 1718
1141 1677
1141 1871
1142 1446
1142 1993
1143 1236
1143 1509
1144 1845
1146 1461
1148 1291
1148 1704
1148 1947
1148 1979
1149 1446
1149 1570
1149 1949
1150 1460
1150 1473
1150 1493
1152 1491
1153 1786
1154 1371
1154 1564
1154 1940
1155 1198
1156 1987
1157 1779
1158 1582
1162 1428
1164 1209
1166 1900
1166 1966
1168 1292
1168 1925
1169 1621
1169 1978
1172 1900
1173 1253
1173 1466
1175 1221
1175 1641
1175 1826
1176 1548
1177 1347
1177 1952
1181 1492
1181 1568
1182 1492
1182 1882
1183 1633
1183 1645
1185 1186
1185 1960
1186 1689
1187 1321
1188 1318
1189 1232
1189 1466
1189 1912
1190 1904
1191 1209
1191 1600
1191 1639
1191 1820
1194 1310
1194 1330
1195 1608
1195 1700
1195 1717
1196 1950
1197 1608
1197 1774
1202 1595
1202 1679
1203 1935
1206 1514
1209 1681
1210 1758
1210 1817
1211 1252
1211 1715
1211 1829
1214 1241
1214 1799
1215 1514
1217 1312
1218 1229
1218 1230
1218 1404
1222 1614
1226 1260
1226 1346
1227 1470
1227 1595
1228 1953
1229 1256
1229 1389
1230 1328
1233 1382
1233 1827
1234 1265
1237 1534
1237 1989
1238 1740
1238 1741
1238 1875
1239 1797
1242 1819
1243 1559
1245 1275
1246 1558
1247 1814
1251 1609
1252 1691
1253 1482
1253 1506
1257 1996
1258 1411
1262 1459
1264 1315
1265 1287
1265 1468
1265 1605
1268 1378
1270 1349
1272 1416
1272 1584
1272 1590
1272 1645
1272 1686
1272 1887
1273 1724
1274 1481
1275 1385
1275 1644
1276 1325
1276 1864
1277 1403
1278 1355
1286 1904
1287 1870
1288 1362
1289 1832
1293 1715
1294 1300
1294 1376
1294 1732
1297 1373
1300 1649
1301 1912
1302 1997
1303 1436
1305 1557
1306 1496
1306 1917
1312 1728
1313 1619
1314 1357
1314 1407
1315 1658
1315 1796
1315 1893
1318 1878
1320 1405
1320 1522
1321 1846
1322 1526
1323 1425
1324 1620
1324 1714
1326 1328
1331 1494
1338 1825
1340 1659
1349 1794
1352 1450
1352 1851
1355 1875
1359 1725
1362 1519
1362 1645
1362 1681
1363 1930
1365 1576
1367 1759
1368 1688
1368 1815
1369 1903
1372 1418
1372 1848
1372 1968
1373 1584
1380 1947
1381 1708
1381 1747
1382 1898
1383 1586
1383 1687
1384 1832
1385 1970
1386 1421
1386 1538
1390 1648
1391 1918
1396 1675
1397 1504
1397 1526
1400 1449
1403 1872
1405 1822
1408 1699
1409 1689
1409 1924
1410 1968
1411 1478
1412 1482
1415 1763
1417 1452
1417 1746
1418 1466
1418 1492
1419 1428
1421 1682
1423 1960
1423 1980
1425 1482
1425 1813
1428 1513
1429 1810
1430 1776
1431 1935
1431 1973
1432 1995
1434 1753
1438 1582
1443 1655
1443 1950
1445 1459
1445 1688
1445 1947
1446 1449
1446 1863
1448 1669
1450 1577
1450 1932
1452 1784
1452 1915
1454 1997
1460 1569
1461 1791
1461 1836
1462 1970
1464 1615
1464 1722
1464 1768
1466 1495
1467 1788
1468 1827
1469 1486
1472 1554
1475 1601
1475 1629
1475 1632
1476 1947
1478 1623
1479 1535
1479 1871
1480 1712
1481 1551
1482 1617
1488 1524
1488 1554
1488 1666
1488 1674
1490 1670
1491 1631
1492 1510
1494 1630
1496 1572
1496 1612
1496 1767
1497 1598
1499 1586
1499 1731
1502 1667
1502 1868
1504 1554
1504 1559
1504 1651
1505 1944
1506 1726
1510 1599
1513 1629
1513 1963
1514 1794
1518 1795
1521 1714
1524 1724
1524 1987
1526 1773
1526 1876
1526 1916
1530 1812
1532 1838
1535 1804
1540 1882
1540 1939
1541 1688
1541 1882
1546 1682
1547 1565
1549 1946
1550 1930
1551 1782
1552 1629
1552 1704
1553 1554
1553 1929
1557 1657
1558 1605
1559 1845
1564 1589
1565 1890
1566 1907
1567 1920
1568 1692
1572 1751
1572 1976
1573 1902
1573 1926
1574 1795
1575 1939
1576 1900
1581 1932
1583 1612
1584 1721
1585 1853
1585 1932
1585 1981
1587 1609
1591 1831
1593 1905
1594 1806
1595 1823
1597 1746
1599 1772
1601 1695
1604 1714
1605 1676
1605 1699
1609 1736
1609 1859
1616 1728
1616 1909
1620 1622
1621 1809
1622 1771
1623 1668
1624 1782
1629 1986
1632 1852
1635 1920
1636 1905
1643 1854
1643 1909
1644 1714
1644 1731
1644 1743
1647 1830
1656 1790
1660 1948
1661 1739
1663 1762
1664 1796
1668 1931
1669 1861
1669 1879
1676 1686
1676 1865
1676 1984
1693 1855
1696 1754
1697 1716
1702 1907
1706 1980
1706 1984
1708 1741
1709 1835
1711 1882
1712 1716
1713 1855
1713 1944
1714 1937
1721 1956
1725 1775
1729 1775
1729 1979
1730 1985
1731 1749
1731 1873
1737 1783
1739 1895
1740 1769
1740 1877
1740 1901
1745 1824
1746 1894
1753 1860
1755 1817
1766 1974
1771 1869
1773 1939
1779 1961
1785 1886
1785 1894
1787 1975
1788 1877
1790 1851
1792 1890
1793 1901
1800 1967
1813 1982
1820 1893
1832 1981
1835 1842
1835 1984
1836 1998
1837 1905
1841 1892
1842 1874
1846 1960
1847 1906
1851 1876
1852 1900
1858 1886
1861 1906
1861 1907
1867 1993
1890 1930
1894 1899
1895 1986
1896 1999
1907 1971
1909 1919
1926 1933
1938 1977
1939 1957
1940 1947
1995 1995
