2000
0 680
0 826
0 1522
1 496
1 547
1 839
1 936
1 1090
1 1147
1 1784
2 468
2 605
2 1076
2 1328
3 6
3 442
3 1162
3 1248
3 1459
4 484
4 870
4 913
4 1075
4 1644
5 207
5 415
5 525
5 642
5 671
5 772
5 785
5 859
5 1507
6 331
6 529
6 595
6 732
6 913
6 1076
6 1768
7 317
7 657
7 1299
7 1570
7 1915
8 185
8 268
9 1817
10 77
10 468
10 500
10 1040
10 1296
10 1385
11 207
11 647
11 680
11 1876
12 125
12 540
12 877
12 1363
12 1641
12 1990
13 55
13 285
13 324
13 325
13 421
13 508
13 969
13 1053
13 1647
14 29
14 619
14 940
15 89
15 192
15 1100
15 1216
15 1314
15 1482
15 1615
16 84
16 172
16 177
16 1604
16 1710
16 1948
17 580
17 1154
17 1468
17 1604
17 1940
18 623
18 793
18 883
18 973
18 1636
18 1951
18 1957
19 559
19 736
19 1294
19 1659
19 1691
19 1956
20 111
20 322
20 565
20 1113
20 1387
20 1398
21 392
21 807
21 1055
21 1478
21 1866
22 140
22 189
22 690
22 704
22 1163
22 1757
23 640
23 1112
23 1197
23 1204
23 1545
23 1957
24 164
24 307
24 399
24 453
24 679
24 832
24 957
24 1258
24 1409
24 1493
25 1077
25 1856
25 1994
26 79
26 307
26 734
26 1050
26 1227
26 1306
26 1334
26 1337
26 1571
26 1901
26 1926
27 110
27 121
27 607
27 753
27 785
27 1064
27 1158
27 1878
28 384
28 431
28 454
28 542
28 648
28 1112
28 1433
28 1846
29 380
29 409
29 603
29 941
29 1033
29 1756
29 1789
29 1872
30 175
30 468
30 663
30 683
30 690
30 1165
30 1403
30 1409
30 1545
30 1891
31 260
31 1094
31 1096
31 1140
31 1146
31 1672
31 1836
32 715
32 889
32 954
32 1273
32 1813
33 234
33 489
33 1302
33 1848
33 1869
34 378
34 582
34 807
34 1124
34 1290
34 1407
34 1984
35 413
35 663
35 948
35 1116
35 1244
35 1495
35 1523
36 119
36 372
36 1215
36 1568
36 1646
37 932
37 1929
37 1935
38 83
38 340
38 996
38 1703
38 1843
38 1896
38 1957
39 374
39 1015
39 1047
39 1535
39 1619
40 75
40 712
40 714
40 1122
40 1236
40 1368
40 1398
40 1991
41 82
41 400
41 547
41 574
41 716
41 747
41 861
41 1451
41 1513
41 1697
42 501
42 572
42 620
42 777
42 1814
43 164
43 561
43 664
43 786
43 1528
43 1650
44 333
44 827
44 1104
44 1541
44 1611
45 242
45 352
45 867
45 1299
45 1374
45 1476
45 1649
46 612
46 1171
46 1276
47 326
47 880
47 1631
48 440
48 629
48 665
48 993
48 1382
48 1536
48 1730
49 263
49 448
49 521
49 686
49 714
49 1248
49 1471
50 390
50 973
50 1435
50 1740
51 286
51 314
51 1088
51 1475
51 1525
51 1647
51 1970
52 289
52 746
52 844
52 881
52 1992
53 297
53 539
53 1063
53 1502
53 1589
53 1717
53 1746
53 1760
54 203
54 420
54 427
54 485
54 676
54 830
54 1082
54 1094
54 1132
54 1456
55 170
55 547
55 1316
55 1547
55 1987
56 97
56 156
56 311
56 337
56 758
56 1347
56 1473
56 1702
57 276
57 603
57 1674
57 1908
58 487
58 786
58 1068
58 1836
59 175
59 662
59 765
59 1778
59 1874
60 1238
60 1622
60 1880
61 1194
61 1284
61 1817
61 1859
61 1879
61 1889
62 165
62 310
62 455
62 729
63 641
63 1071
63 1093
64 616
64 753
64 938
64 1107
64 1258
64 1393
64 1763
65 1422
65 1434
66 668
66 1195
66 1379
66 1740
67 132
67 344
67 707
67 1709
68 432
68 514
68 883
68 1588
68 1616
68 1660
69 815
69 844
69 1456
69 1511
69 1570
69 1906
70 432
70 720
70 808
70 857
70 948
70 1097
70 1394
70 1695
70 1709
70 1766
70 1984
71 181
71 396
71 769
71 903
71 1823
72 387
72 405
72 449
72 681
72 1441
72 1586
73 204
73 219
73 358
73 1236
73 1408
74 660
74 715
74 757
74 892
74 1007
74 1127
74 1365
74 1802
75 105
75 623
75 984
75 996
75 1742
75 1956
75 1959
76 267
76 302
76 352
76 456
76 606
76 682
76 740
76 1877
76 1894
77 378
77 415
77 1238
77 1868
77 1910
78 132
78 499
78 944
78 1455
78 1511
79 187
79 260
79 531
79 829
79 1202
79 1294
80 368
80 615
80 1545
80 1771
80 1773
80 1872
81 274
81 320
81 1091
81 1117
81 1600
81 1807
82 109
82 161
82 481
82 996
82 1740
83 181
83 262
83 477
83 617
83 698
83 1365
83 1654
83 1788
84 395
84 634
84 799
84 910
84 1112
84 1190
84 1378
84 1681
85 510
85 736
85 973
85 1144
85 1332
85 1930
85 1936
86 675
86 1205
86 1326
86 1733
86 1960
87 307
87 625
87 813
87 1372
87 1831
88 443
88 463
89 289
89 1099
89 1158
89 1202
89 1307
89 1768
90 710
90 1273
90 1316
90 1338
90 1673
91 315
91 862
91 1046
91 1490
92 618
92 1056
92 1347
93 797
93 825
93 828
93 899
93 946
93 1184
94 1253
94 1861
95 122
95 567
95 568
95 948
95 1112
95 1173
95 1324
95 1334
95 1594
96 186
96 291
96 340
96 437
96 744
96 901
96 1296
96 1574
96 1720
96 1733
97 178
97 805
97 889
97 1029
97 1185
97 1319
97 1802
97 1909
97 1985
98 612
98 1083
98 1473
99 134
99 901
99 1042
99 1128
99 1979
100 158
100 599
100 1154
100 1531
100 1672
101 1078
101 1600
101 1869
102 654
102 758
102 1195
102 1512
102 1594
103 503
103 796
103 913
103 1189
103 1877
103 1944
104 186
104 272
104 669
104 1081
104 1174
104 1198
104 1333
104 1386
104 1806
104 1865
105 120
106 117
106 240
106 428
106 1676
106 1813
106 1974
107 433
107 467
107 502
108 153
108 405
108 533
108 863
109 264
109 1193
109 1205
109 1327
109 1380
109 1476
109 1488
109 1774
110 902
110 1038
110 1151
110 1273
110 1389
110 1392
110 1845
111 162
111 281
111 611
111 855
111 1332
111 1519
111 1730
112 507
112 983
112 1527
112 1885
112 1922
113 457
113 1674
114 758
114 827
114 1406
114 1752
114 1938
114 1971
115 323
115 369
115 505
115 529
115 1270
115 1276
115 1279
115 1365
115 1586
115 1693
115 1723
115 1824
115 1887
116 232
116 528
116 596
117 322
117 396
117 709
117 1337
117 1414
117 1823
117 1916
117 1967
118 284
118 549
118 690
118 722
118 1344
119 169
119 444
119 1056
119 1562
119 1580
119 1946
120 763
120 955
120 1679
120 1840
122 1198
122 1306
122 1719
122 1954
123 836
123 1253
123 1646
124 606
124 637
124 724
124 1053
124 1432
124 1736
125 311
125 345
125 657
125 783
125 944
125 1148
125 1280
125 1725
125 1870
126 272
126 673
126 1149
126 1164
126 1862
127 183
127 458
127 1140
127 1578
127 1600
127 1854
128 675
128 928
128 1130
128 1140
128 1423
129 257
129 320
129 855
129 1113
129 1192
129 1539
129 1701
129 1759
129 1920
130 165
130 429
130 796
130 924
130 1330
130 1830
131 594
131 990
131 1244
131 1813
132 474
132 688
132 774
132 971
132 985
132 1325
132 1601
132 1964
133 1357
133 1684
134 186
134 362
134 393
134 885
134 1269
134 1538
135 161
135 703
135 1513
135 1519
135 1601
135 1614
136 277
136 527
136 1196
136 1596
136 1605
137 385
137 1682
138 533
138 682
138 706
138 904
138 1104
138 1585
138 1802
138 1814
138 1886
139 750
139 1014
139 1043
140 377
140 479
140 1162
140 1371
140 1402
140 1616
140 1684
140 1775
140 1930
141 363
141 562
141 1040
141 1177
141 1700
141 1720
142 1096
142 1150
142 1331
142 1980
143 523
143 701
143 1030
143 1858
143 1995
144 293
144 561
144 961
144 1020
144 1493
145 201
145 719
145 892
145 1004
145 1489
145 1583
145 1628
146 339
146 355
146 514
147 186
147 198
147 988
147 1631
147 1752
148 344
148 641
148 825
148 985
148 1265
148 1735
148 1818
149 662
149 750
149 807
149 845
149 863
149 1581
150 256
150 332
150 680
150 975
150 1378
150 1479
150 1789
151 1313
151 1639
152 398
152 585
152 664
152 1121
152 1160
152 1608
152 1773
152 1863
153 1016
153 1130
153 1522
154 404
154 634
154 1204
154 1230
154 1550
154 1775
154 1941
155 556
155 609
155 834
155 1215
155 1524
156 385
156 537
156 1149
156 1534
157 494
157 943
157 1068
157 1448
157 1701
157 1703
157 1942
158 554
158 1049
158 1257
159 1673
160 255
160 399
160 578
160 761
160 835
160 1733
161 494
161 640
161 720
161 901
161 915
161 1073
161 1086
161 1221
161 1304
161 1319
161 1439
161 1553
162 950
162 1169
162 1265
162 1274
162 1398
162 1838
163 533
163 1556
163 1951
164 848
164 1272
164 1274
164 1550
165 670
165 679
165 1037
165 1083
165 1281
165 1365
166 969
166 1845
167 176
167 382
167 384
167 1445
167 1450
167 1475
167 1832
167 1933
168 606
168 695
168 1131
168 1611
169 225
169 1496
170 1402
170 1485
171 216
171 256
171 834
171 864
171 912
171 929
171 938
171 1305
171 1517
172 388
172 462
172 872
172 876
172 1312
172 1889
173 1004
173 1133
173 1647
174 566
174 567
174 1925
175 432
175 704
175 1124
175 1496
176 352
176 771
176 1042
176 1196
176 1442
176 1515
177 577
177 659
177 803
177 1913
178 863
178 1407
178 1658
179 451
179 550
179 1030
180 484
180 1557
181 426
181 895
182 182
182 388
182 408
182 427
182 591
182 1980
183 217
183 1141
183 1182
183 1244
184 605
184 982
184 1219
184 1483
184 1512
185 659
185 686
185 1318
185 1387
186 386
186 810
186 1455
186 1467
187 486
187 515
187 1087
187 1218
188 915
188 1930
188 1948
189 948
189 1091
189 1184
189 1201
189 1998
190 574
190 915
190 1179
191 364
191 531
191 956
191 1283
191 1419
192 784
192 1084
192 1560
192 1716
193 223
193 553
193 1241
193 1421
193 1439
193 1586
193 1651
194 587
194 971
194 1548
194 1847
195 639
195 1995
196 478
196 1143
196 1433
196 1514
196 1602
196 1850
196 1887
197 551
197 685
197 1008
198 323
198 673
198 1242
198 1294
198 1608
198 1896
198 1963
199 408
199 645
199 1110
199 1603
200 1214
200 1373
200 1459
200 1575
201 325
201 652
201 821
201 1783
202 347
202 552
202 643
202 819
202 881
202 921
202 1251
202 1255
202 1936
202 1977
203 231
203 647
204 316
205 957
205 1090
205 1124
205 1177
205 1333
205 1924
205 1926
206 1293
207 256
207 293
207 303
207 966
207 988
207 1804
208 739
208 946
208 1107
208 1254
208 1866
208 1898
208 1930
209 359
209 365
209 392
209 813
209 1226
209 1323
210 233
210 1128
210 1329
211 1079
211 1327
211 1328
211 1848
212 407
212 561
212 798
212 835
212 942
212 1106
212 1112
212 1113
213 455
213 494
213 636
213 677
213 1129
213 1247
213 1473
213 1656
213 1989
214 543
214 1294
214 1602
215 725
215 808
215 1081
215 1154
215 1173
215 1271
215 1396
215 1447
215 1668
216 216
216 1868
217 942
217 955
217 1004
217 1503
217 1561
217 1835
218 458
218 818
218 987
218 1519
218 1520
218 1646
218 1789
219 451
219 695
219 776
219 937
219 946
219 1065
219 1518
219 1563
220 494
220 840
220 910
220 1389
220 1619
221 266
221 501
221 512
221 955
221 1309
221 1415
221 1416
221 1462
221 1759
221 1901
222 246
222 263
222 725
222 937
222 957
222 1174
222 1265
222 1650
222 1735
222 1867
222 1891
223 280
223 626
223 863
224 483
224 824
224 940
224 1001
224 1139
224 1316
224 1375
224 1621
224 1705
224 1711
224 1979
225 397
225 955
225 1048
225 1200
225 1790
226 247
226 263
226 533
226 845
226 859
226 1038
226 1306
226 1677
227 277
227 952
227 1364
227 1734
228 378
228 623
228 848
228 1284
228 1548
228 1811
229 413
229 548
229 711
230 508
230 874
231 427
231 609
231 792
231 1252
232 536
232 613
232 658
232 795
232 839
233 829
233 1499
233 1529
233 1783
233 1822
234 360
234 587
234 888
234 959
234 1233
235 446
235 1221
235 1818
236 252
236 566
236 1018
236 1024
236 1348
236 1619
236 1838
237 397
237 546
237 550
237 561
237 692
237 978
237 1045
237 1720
238 445
238 582
238 1141
238 1220
238 1723
239 809
239 1058
239 1561
239 1854
240 865
240 1130
240 1374
240 1941
241 1525
241 1834
242 626
242 900
243 702
243 807
244 264
244 962
244 1379
244 1537
244 1771
244 1910
245 259
245 1025
245 1644
245 1711
245 1982
246 382
246 403
246 731
246 1199
246 1590
246 1754
246 1996
247 604
247 1691
247 1865
248 464
248 583
248 640
248 993
248 1551
249 303
249 333
249 987
249 1415
249 1741
250 1431
250 1469
250 1609
251 491
251 1275
251 1299
251 1816
251 1866
252 959
252 1078
252 1285
252 1398
252 1658
252 1993
253 435
253 871
253 1327
253 1546
253 1664
253 1895
254 390
254 466
254 1770
255 262
255 746
255 992
255 1319
255 1612
255 1826
255 1905
256 1097
256 1486
257 664
257 765
257 1478
258 694
258 1244
258 1285
258 1592
258 1663
258 1823
258 1852
259 474
259 510
259 868
259 1183
259 1985
260 314
260 969
260 1173
260 1430
261 296
261 468
261 680
261 1088
261 1370
261 1602
262 442
262 510
262 752
262 1158
262 1342
262 1915
263 347
263 388
263 558
263 574
263 748
263 1006
264 733
264 928
264 1255
265 269
265 1091
266 446
266 487
266 1737
267 403
267 843
267 1107
267 1112
267 1624
267 1808
267 1846
268 268
268 363
268 652
268 660
268 701
268 875
268 1031
268 1394
268 1980
268 1994
269 484
269 642
269 794
269 1598
269 1616
269 1776
269 1857
270 502
270 744
270 1049
270 1156
270 1530
270 1984
271 1397
271 1523
271 1940
271 1962
272 541
272 1180
272 1335
272 1788
272 1920
273 610
273 703
273 1020
273 1541
273 1709
274 296
274 599
274 764
274 987
274 1143
274 1273
274 1388
274 1789
274 1866
275 339
275 860
275 864
275 1857
276 569
276 727
276 1072
276 1153
276 1163
276 1413
276 1547
276 1592
276 1923
277 534
277 798
277 1683
277 1685
278 1449
278 1625
279 683
279 749
279 1095
279 1754
279 1838
279 1893
280 1200
280 1328
280 1570
280 1783
280 1857
281 289
281 392
281 1010
281 1809
281 1834
282 696
282 951
282 1714
283 443
283 907
283 1094
283 1236
283 1983
284 701
284 1500
284 1916
285 382
285 409
285 472
285 1457
286 362
286 408
286 421
286 725
286 1025
286 1225
286 1453
286 1611
286 1703
286 1774
287 553
287 636
287 786
287 968
287 984
287 993
287 1147
287 1428
287 1708
288 375
288 816
289 576
289 735
289 889
290 312
290 670
290 745
290 1219
290 1926
291 334
291 413
291 429
291 828
291 879
291 1309
292 306
292 694
293 1240
293 1338
293 1569
293 1732
293 1824
294 575
294 590
294 941
294 1462
294 1785
295 494
295 570
295 911
295 1158
295 1224
295 1901
295 1924
297 836
297 1174
297 1800
298 329
298 441
298 600
298 663
298 1531
299 304
299 363
299 887
299 1732
299 1926
300 404
300 420
300 477
300 555
300 709
300 884
300 1560
300 1936
301 397
301 700
301 1021
301 1421
301 1463
301 1706
301 1920
302 963
302 1504
302 1711
303 859
303 964
303 1239
303 1299
303 1546
303 1815
303 1978
304 326
304 439
304 646
304 1289
304 1542
304 1737
304 1759
305 1183
305 1519
305 1571
305 1589
306 502
306 637
306 770
306 1085
306 1314
306 1331
306 1414
307 727
307 753
307 764
307 899
307 1112
307 1258
307 1752
307 1754
308 720
308 1280
308 1301
308 1378
308 1462
308 1489
308 1861
308 1920
309 584
309 598
309 1165
309 1583
309 1662
309 1695
309 1702
311 490
312 625
312 777
312 991
313 502
313 1822
314 476
314 681
314 734
314 1039
314 1173
314 1436
314 1505
314 1680
314 1894
315 1004
315 1033
315 1621
316 550
316 758
316 1529
317 438
317 897
317 1123
317 1588
317 1961
318 411
318 752
318 848
318 1075
318 1639
318 1690
318 1848
318 1907
318 1943
319 453
319 485
319 593
319 767
319 878
319 993
319 1457
319 1898
320 606
320 614
320 1265
321 441
321 632
321 971
321 1022
321 1285
321 1432
322 461
322 937
322 1140
322 1355
322 1570
323 414
323 524
323 978
323 1089
323 1353
324 327
324 415
324 1164
324 1414
324 1596
325 463
326 660
326 685
326 810
326 866
327 508
327 546
327 719
327 1356
327 1368
327 1633
328 375
328 423
328 1758
329 788
329 1024
329 1351
329 1663
330 457
330 509
330 745
330 1119
330 1294
330 1525
330 1716
330 1949
331 534
331 762
331 1619
331 1709
331 1828
331 1954
332 980
332 1268
332 1640
332 1867
333 1076
333 1571
333 1591
334 470
334 499
334 738
334 857
334 931
334 1003
334 1400
335 336
335 340
335 805
335 897
335 1579
335 1721
335 1781
336 1130
336 1172
336 1252
336 1734
337 425
337 1384
337 1793
337 1935
337 1955
338 567
338 587
338 674
338 976
338 1061
338 1432
338 1559
338 1567
338 1758
338 1773
339 947
339 1383
339 1787
340 343
340 353
340 739
340 771
340 777
340 825
340 1287
341 517
341 521
341 523
341 580
341 646
341 798
341 1126
341 1435
341 1815
342 437
342 1194
342 1501
342 1733
342 1942
344 598
344 960
344 1042
344 1045
344 1060
344 1355
344 1465
344 1795
344 1855
344 1932
345 523
345 825
345 1157
345 1730
345 1867
345 1889
346 1126
346 1155
346 1169
346 1569
346 1623
346 1965
346 1969
346 1998
347 930
347 1089
347 1303
347 1693
348 784
348 943
348 968
348 1689
348 1695
348 1832
349 523
349 886
349 928
349 956
349 1041
350 802
350 863
350 908
350 1742
350 1766
350 1909
351 1784
352 416
352 568
352 651
352 662
352 1092
352 1231
352 1290
352 1762
352 1813
353 782
353 1072
353 1125
353 1673
354 542
354 850
354 1057
354 1505
354 1735
354 1822
355 1538
355 1605
355 1790
356 385
356 449
356 695
356 847
356 1022
356 1117
356 1471
356 1742
356 1906
356 1965
357 368
357 497
357 774
357 1078
357 1259
357 1273
357 1279
357 1363
357 1840
357 1956
358 1270
359 461
359 466
359 754
359 937
359 1123
359 1209
359 1355
359 1388
359 1457
359 1769
360 850
360 1405
360 1774
361 527
361 1091
362 410
362 470
362 582
362 623
362 778
362 944
362 958
362 986
362 989
362 1234
362 1960
363 383
363 433
363 434
363 589
363 1063
363 1466
363 1798
363 1874
364 692
364 1220
364 1391
364 1430
364 1829
365 672
365 1436
365 1863
365 1912
366 370
366 530
366 545
366 842
366 1606
366 1617
367 382
367 819
367 1149
367 1319
367 1530
367 1622
368 462
368 577
368 831
368 1132
368 1406
368 1414
368 1576
368 1855
369 1464
370 450
370 520
370 603
370 1092
370 1238
370 1549
370 1956
371 647
371 697
371 758
371 970
371 1085
371 1131
371 1132
371 1460
371 1608
371 1694
372 491
372 682
372 1194
372 1485
372 1706
373 408
373 811
373 906
374 739
374 1493
374 1837
375 481
375 528
375 1259
375 1467
375 1499
375 1618
375 1862
376 438
376 946
376 1876
377 555
377 821
377 1325
377 1500
377 1681
378 619
378 891
378 1249
378 1299
378 1712
378 1725
378 1933
378 1966
379 1021
379 1073
379 1685
379 1717
379 1720
379 1851
380 434
380 478
380 1257
380 1322
380 1434
380 1463
380 1944
381 433
381 867
381 1095
381 1371
381 1725
382 1281
382 1848
383 437
383 1195
383 1360
383 1509
383 1541
383 1587
383 1872
384 557
384 1035
384 1271
384 1729
384 1869
385 1069
385 1214
385 1333
385 1371
385 1809
385 1885
386 537
386 1343
386 1397
386 1578
387 562
387 691
387 1014
387 1108
388 803
388 1174
388 1675
388 1825
389 526
389 818
389 933
389 1029
389 1603
389 1622
390 1369
391 839
391 854
391 985
391 1342
391 1592
391 1781
392 681
392 858
392 1025
393 522
393 747
393 1039
393 1330
394 475
394 480
394 489
394 877
394 1520
395 1024
395 1449
396 419
396 1182
396 1241
396 1383
396 1459
396 1472
396 1677
397 816
397 859
397 1197
397 1405
397 1994
398 468
398 516
398 701
398 869
398 978
398 1584
398 1831
399 1484
399 1841
399 1857
400 514
400 1008
400 1116
400 1719
401 620
401 858
401 1960
402 420
402 520
402 990
402 1847
403 731
403 770
403 797
403 1286
403 1355
403 1418
403 1548
403 1809
404 632
404 1428
404 1635
404 1801
405 418
405 1048
405 1707
406 687
406 824
406 1230
406 1408
406 1507
407 764
407 1056
407 1074
407 1109
407 1400
407 1534
407 1599
407 1885
408 470
408 648
408 1123
408 1215
408 1787
409 535
409 986
409 1045
409 1111
410 1382
410 1403
410 1657
410 1924
410 1958
411 426
411 828
411 1083
411 1714
411 1829
411 1999
412 466
412 962
412 1422
412 1646
412 1892
413 946
413 1054
414 1572
414 1717
414 1943
415 911
415 920
415 966
415 1434
415 1809
415 1953
416 570
416 855
417 834
417 1174
417 1220
417 1796
417 1823
417 1900
417 1953
418 580
418 821
418 898
418 1016
418 1217
418 1807
419 900
419 923
420 664
420 713
420 970
421 1173
421 1265
421 1597
421 1908
422 576
422 1101
422 1435
422 1555
423 578
423 694
423 833
423 911
423 1218
423 1425
423 1612
423 1974
424 607
424 1195
424 1636
424 1841
425 591
425 962
425 1379
425 1433
425 1593
426 581
426 1737
427 431
427 479
427 569
427 623
427 1284
427 1335
427 1722
428 1069
428 1108
428 1730
428 1810
429 464
429 525
429 1322
429 1660
429 1974
430 741
430 1299
430 1623
430 1959
431 627
431 1185
431 1682
432 819
432 831
432 1177
432 1648
432 1722
432 1729
433 1613
434 943
434 1022
434 1323
434 1325
434 1419
434 1864
435 1637
435 1752
435 1756
436 460
436 1039
436 1572
436 1651
436 1909
437 673
437 939
437 959
437 1235
437 1437
437 1529
437 1933
438 748
438 903
438 1446
438 1573
439 1562
439 1704
440 1438
440 1600
441 944
441 1020
441 1348
442 609
442 977
442 1279
443 1730
444 503
444 504
444 774
444 912
444 1227
444 1419
444 1527
444 1914
445 1578
445 1693
445 1701
445 1730
446 482
446 851
446 898
446 1362
446 1471
446 1623
446 1842
446 1856
447 679
447 822
447 1082
447 1367
447 1988
448 483
448 1762
448 1769
448 1819
448 1846
449 821
449 1057
449 1350
449 1398
449 1795
450 503
450 1055
450 1287
451 569
451 956
451 1124
452 600
452 1313
452 1350
453 623
453 723
453 812
453 866
453 935
453 1256
453 1930
454 499
454 668
454 712
454 723
454 743
454 1397
455 736
455 1024
455 1932
456 710
456 844
456 998
456 1510
456 1539
456 1710
457 569
457 887
457 1294
457 1394
457 1823
457 1949
458 621
458 930
458 1023
458 1185
458 1442
459 924
459 937
459 1290
459 1509
459 1908
460 551
460 1698
461 992
461 1657
461 1857
462 1013
462 1121
462 1296
462 1705
462 1769
462 1910
463 645
463 847
463 1471
463 1478
464 665
464 921
464 1267
464 1568
464 1642
464 1859
465 683
465 835
465 1471
465 1625
465 1637
466 606
466 1175
466 1472
466 1615
466 1978
467 478
467 1378
468 754
468 1000
468 1606
468 1726
468 1848
469 670
469 1014
469 1209
469 1313
469 1643
470 515
470 823
470 1112
470 1156
470 1763
471 611
471 802
471 1472
471 1835
472 956
472 1222
473 733
473 1104
473 1409
474 512
474 936
474 1155
474 1662
474 1683
475 665
475 750
475 762
475 1169
475 1437
475 1654
476 676
476 1036
476 1720
477 582
477 1271
477 1435
477 1690
477 1784
477 1964
477 1999
478 879
478 1000
478 1033
478 1630
479 1001
479 1099
479 1183
479 1990
480 933
480 1348
480 1494
480 1853
481 657
481 754
481 1446
481 1703
481 1750
481 1948
482 653
482 1325
482 1450
482 1486
482 1626
483 1095
483 1214
484 855
484 967
484 1274
484 1453
484 1652
485 636
485 753
485 784
485 884
485 1066
485 1107
485 1398
485 1441
486 638
486 887
486 1355
486 1804
487 619
487 998
487 1306
487 1621
487 1799
488 585
488 1116
488 1243
488 1491
488 1948
489 641
489 892
489 1000
489 1366
489 1473
489 1479
489 1973
490 523
490 595
490 921
490 1222
490 1702
491 1115
491 1127
491 1787
492 899
492 1021
492 1854
492 1862
493 893
493 1152
493 1181
493 1680
493 1850
494 625
494 1116
494 1578
495 640
495 658
495 715
495 757
495 765
495 835
495 1605
495 1910
496 1050
496 1306
497 575
497 984
497 1022
497 1474
497 1484
498 1683
498 1949
499 694
499 1219
499 1242
499 1654
499 1948
500 563
500 744
500 840
500 1200
500 1267
500 1391
501 875
501 1285
501 1564
501 1841
501 1925
502 1213
502 1617
503 560
503 1506
504 505
504 531
504 547
504 626
504 1071
504 1582
504 1701
504 1903
504 1949
505 610
505 1108
505 1235
505 1485
505 1861
506 925
506 1072
506 1319
507 1368
507 1449
507 1575
507 1810
508 916
508 1281
508 1285
508 1604
509 689
509 1185
509 1200
509 1434
509 1542
509 1782
509 1829
509 1846
509 1985
510 723
510 724
510 961
510 1069
510 1408
510 1458
510 1612
511 735
511 1762
511 1809
512 618
512 836
512 950
512 1508
512 1933
512 1975
513 1317
513 1542
513 1578
513 1836
514 523
514 985
514 1088
514 1914
515 530
515 1575
515 1885
516 987
516 1403
517 536
517 1498
517 1769
517 1851
518 883
518 1931
519 766
519 850
519 867
519 1556
519 1679
519 1783
520 851
520 961
521 735
521 787
521 1189
521 1382
521 1401
521 1687
521 1864
522 1544
522 1725
523 590
523 1199
523 1491
524 614
524 986
524 1015
525 804
525 899
525 1056
525 1070
525 1240
525 1330
525 1607
526 552
526 879
526 957
526 1324
527 889
527 1404
527 1836
528 759
528 1083
529 803
529 1064
529 1970
530 1695
530 1836
530 1959
531 1461
531 1766
531 1808
531 1862
532 563
532 637
532 956
532 1045
532 1068
532 1532
532 1753
532 1847
533 1017
533 1110
533 1848
534 1485
535 693
535 736
535 928
535 936
535 1922
536 577
536 879
536 993
536 1755
536 1760
536 1848
537 566
537 770
537 1944
538 731
538 948
538 1064
538 1105
538 1365
538 1590
539 754
539 1649
540 1023
540 1402
541 701
541 715
541 749
541 924
541 1003
541 1209
542 1188
542 1517
542 1532
543 939
543 958
543 1528
544 1491
544 1917
544 1927
545 837
545 1107
545 1386
545 1902
546 578
546 747
546 937
546 1134
546 1411
546 1732
546 1755
546 1929
547 593
547 886
547 1526
547 1552
547 1639
547 1949
548 1302
548 1727
548 1907
549 845
549 1171
550 1335
550 1589
550 1665
550 1720
550 1888
551 1212
551 1240
552 794
552 921
552 1240
552 1466
552 1655
553 920
553 974
553 1420
553 1496
553 1555
554 632
554 788
554 1605
554 1863
554 1972
555 635
555 636
555 896
555 1349
555 1392
555 1428
555 1601
555 1688
555 1893
556 1852
557 1193
557 1841
557 1850
558 974
558 1152
558 1439
558 1774
559 1088
559 1266
559 1373
559 1543
559 1638
559 1849
560 670
560 929
560 1095
560 1130
560 1243
560 1343
561 1652
561 1801
561 1857
562 1979
563 677
563 944
563 1048
563 1074
563 1563
563 1756
564 725
564 859
564 926
564 1078
564 1483
564 1971
565 773
565 1544
565 1591
565 1962
566 891
566 1099
566 1230
566 1391
566 1477
566 1696
566 1965
567 646
567 1317
567 1342
567 1392
567 1421
567 1896
569 1089
569 1176
569 1461
569 1465
569 1695
569 1775
570 789
570 1081
570 1950
571 736
572 608
572 684
572 743
572 1150
572 1166
572 1184
573 875
573 1246
573 1848
574 1769
574 1834
574 1864
574 1867
575 786
575 871
575 1924
576 1973
577 751
577 916
577 1012
577 1086
577 1293
577 1548
578 922
578 1117
578 1334
578 1507
578 1528
578 1950
579 624
579 1090
579 1152
580 961
580 1086
580 1583
580 1696
580 1758
580 1969
581 758
581 1066
581 1185
581 1244
581 1492
581 1556
582 744
582 890
582 1046
582 1131
582 1145
582 1254
582 1390
582 1801
583 873
583 1075
583 1260
583 1479
583 1684
583 1710
583 1722
584 714
584 783
584 823
584 1406
584 1645
584 1764
584 1774
584 1967
585 1041
585 1422
585 1427
585 1787
585 1794
586 737
586 917
586 1015
586 1949
587 923
587 1801
587 1873
587 1985
588 715
588 1036
588 1255
588 1693
589 1222
589 1524
590 780
590 1495
590 1631
590 1878
590 1974
591 651
591 669
591 1507
591 1778
592 933
592 1128
592 1284
592 1414
592 1874
593 624
593 653
593 836
593 1443
593 1623
593 1978
594 1459
594 1594
595 867
595 1110
595 1209
595 1313
595 1483
595 1719
595 1821
596 598
596 1602
596 1987
597 611
597 1094
597 1259
597 1349
597 1435
597 1448
597 1481
598 1157
598 1382
599 643
599 917
599 1040
599 1642
599 1804
600 782
600 1425
600 1435
600 1822
600 1949
601 824
601 968
601 1589
601 1769
602 738
602 835
602 1160
602 1363
603 899
603 1301
603 1925
604 780
604 851
604 1216
605 1222
605 1839
606 930
607 712
607 794
607 1072
607 1106
607 1489
607 1530
607 1659
607 1693
607 1705
607 1731
607 1901
608 647
608 1443
608 1668
608 1673
609 1186
609 1212
609 1328
609 1691
609 1810
609 1961
610 808
610 816
610 1051
610 1120
610 1277
611 668
611 1208
612 624
612 771
612 812
612 950
612 1016
612 1185
612 1935
613 813
613 1081
613 1229
613 1256
613 1665
614 1020
614 1712
614 1739
614 1878
615 921
615 1258
615 1727
616 827
616 860
616 1019
616 1148
616 1291
616 1365
617 990
617 1491
618 751
618 890
618 986
618 1392
618 1964
618 1975
619 1716
619 1903
620 645
620 1802
621 920
621 1327
621 1666
621 1688
622 813
622 1220
622 1584
623 1131
623 1708
624 653
624 692
624 1240
624 1489
624 1710
624 1824
624 1858
625 794
625 1013
625 1256
625 1630
626 1050
626 1128
626 1848
627 834
627 1210
627 1408
627 1498
627 1519
627 1533
628 853
628 989
629 637
629 1064
629 1510
630 632
630 952
630 1189
630 1563
630 1757
630 1821
630 1993
631 763
631 1600
631 1871
632 811
633 1182
634 800
634 1262
635 650
635 654
635 790
635 1049
635 1174
635 1175
635 1702
635 1838
635 1905
636 1321
636 1342
636 1676
637 1531
637 1548
637 1768
637 1869
638 985
638 1087
638 1190
638 1786
639 726
639 781
639 1140
639 1424
639 1656
639 1916
640 749
640 967
640 1380
640 1550
641 700
641 819
641 893
641 1462
641 1621
641 1636
642 671
642 1073
642 1184
642 1572
643 911
643 1131
643 1981
644 665
644 958
644 1272
644 1675
644 1696
644 1931
645 666
645 1554
646 997
646 1031
646 1513
647 1136
647 1210
648 910
648 1502
648 1815
648 1923
649 692
649 1531
649 1577
649 1763
650 900
650 968
650 1266
650 1529
651 1337
651 1416
651 1541
651 1654
651 1741
651 1829
651 1990
652 675
652 703
652 1276
652 1487
653 798
653 1090
653 1335
653 1382
653 1791
653 1995
654 1531
654 1608
654 1842
655 701
655 885
655 1820
656 842
656 1583
656 1948
656 1971
657 1516
657 1980
658 660
658 1467
659 1396
660 1071
660 1189
660 1296
660 1503
660 1606
660 1776
660 1786
660 1838
660 1919
661 1085
661 1158
661 1254
661 1336
661 1780
661 1785
661 1968
662 1366
663 1092
663 1532
663 1985
663 1992
664 818
664 926
664 1066
664 1355
664 1401
665 708
665 876
665 1688
665 1832
666 1335
666 1615
666 1680
666 1735
666 1769
667 732
667 1814
668 958
668 1363
668 1384
669 700
669 917
669 1330
670 1154
670 1770
671 804
671 1954
672 1422
672 1489
672 1529
672 1588
672 1677
672 1770
672 1793
672 1893
673 947
673 1162
673 1193
673 1228
673 1481
674 675
674 702
674 837
674 1029
674 1200
674 1362
674 1589
674 1963
676 688
676 921
676 987
676 1288
676 1584
676 1680
677 968
677 1195
677 1352
677 1666
677 1685
678 1225
678 1335
678 1586
678 1687
679 956
679 969
679 1396
679 1514
679 1544
680 1225
681 1124
681 1529
681 1717
681 1906
681 1989
683 787
683 829
684 1583
684 1713
684 1942
685 1441
685 1980
686 1247
686 1832
687 938
687 1172
687 1427
687 1696
688 774
688 801
688 827
688 913
688 988
688 1425
688 1445
689 992
689 1443
689 1658
690 731
690 867
690 1247
690 1501
690 1838
692 705
692 1003
692 1199
693 1558
693 1733
693 1856
694 796
694 1233
694 1609
694 1741
695 914
695 1338
695 1723
696 1489
696 1715
697 1435
697 1505
698 865
698 1067
698 1221
698 1678
698 1849
698 1897
699 889
699 924
699 1447
699 1803
699 1820
700 813
700 1085
700 1211
700 1343
700 1888
701 941
701 1321
701 1356
702 896
702 1875
702 1901
703 1352
703 1830
703 1885
703 1986
704 752
704 1895
704 1932
705 1135
706 1034
706 1224
706 1505
706 1517
707 988
707 1141
707 1147
707 1312
707 1590
707 1620
708 921
708 1027
708 1439
708 1550
708 1736
708 1861
708 1879
708 1990
709 751
709 924
709 1496
710 765
710 943
710 1168
710 1198
710 1519
710 1611
710 1660
710 1690
711 784
711 967
711 1027
711 1061
712 1371
712 1499
712 1969
713 1132
713 1447
713 1753
713 1976
714 734
714 747
714 842
714 1077
714 1270
714 1335
714 1836
715 730
715 865
715 1526
715 1578
715 1710
715 1904
715 1953
715 1975
716 1399
716 1537
716 1898
718 974
718 1134
718 1255
719 1050
719 1748
719 1770
720 792
720 806
720 971
720 1396
720 1501
720 1690
720 1713
721 805
721 868
721 1043
721 1454
721 1918
721 1969
722 844
722 986
722 1171
722 1428
722 1617
723 1463
724 1166
724 1266
724 1451
724 1937
725 1065
725 1934
726 823
726 868
726 875
726 1026
726 1932
727 935
727 1309
727 1408
727 1498
727 1539
727 1743
728 769
728 1840
729 732
729 1935
730 733
730 1082
730 1155
730 1175
730 1657
730 1771
731 919
732 816
732 930
732 1104
732 1151
732 1157
732 1178
732 1307
732 1682
732 1765
732 1903
733 794
733 829
733 889
733 1355
733 1564
734 1133
734 1914
735 1578
735 1795
735 1863
735 1881
736 774
736 954
736 1086
736 1361
736 1963
737 978
737 1017
737 1569
737 1791
738 921
739 860
740 816
740 1046
740 1190
740 1264
740 1398
740 1504
740 1573
740 1793
740 1879
741 787
741 860
741 1010
741 1054
741 1218
741 1549
741 1613
742 1490
742 1702
743 976
743 1185
743 1511
743 1899
744 899
744 1360
744 1410
745 840
745 1064
745 1389
746 1255
746 1651
746 1876
747 945
747 1106
747 1314
747 1551
748 792
748 829
748 1687
749 815
749 1025
749 1500
749 1917
750 1621
750 1957
751 846
751 849
751 1107
751 1164
751 1598
751 1693
751 1806
751 1863
751 1905
752 764
752 911
753 851
753 988
753 1024
753 1051
753 1360
753 1769
753 1847
753 1942
754 1107
754 1208
754 1209
754 1353
755 1051
755 1331
755 1497
755 1620
755 1941
757 1138
758 829
758 1474
758 1549
758 1581
758 1671
758 1915
759 932
759 1079
759 1637
760 769
760 1356
760 1557
761 915
761 1480
761 1687
761 1891
762 979
762 1102
762 1250
762 1396
763 1042
763 1871
764 1359
765 1047
765 1122
765 1337
765 1713
766 1400
766 1826
766 1916
767 1056
768 775
768 1226
768 1419
768 1880
769 836
769 1117
769 1553
769 1817
770 941
770 955
770 1238
770 1748
771 1712
771 1927
772 891
772 1070
772 1235
772 1272
772 1722
772 1739
772 1741
772 1814
773 1854
773 1985
774 778
774 1101
774 1704
775 1282
775 1781
776 1003
776 1461
776 1915
777 799
777 858
777 930
777 1134
777 1345
777 1481
777 1590
777 1915
777 1960
778 1064
778 1391
778 1533
779 1000
779 1800
780 1375
780 1467
781 1379
781 1497
781 1866
783 1205
783 1424
783 1853
784 1135
784 1150
785 930
785 1073
785 1553
785 1614
785 1862
785 1867
786 1286
786 1667
787 1410
787 1842
787 1850
788 1313
788 1890
788 1901
788 1910
789 891
789 1259
789 1394
789 1677
789 1766
789 1967
790 1659
791 1270
791 1746
791 1833
791 1949
792 952
792 1102
793 850
793 1097
793 1274
793 1392
793 1934
794 1582
794 1806
794 1907
795 1348
795 1677
795 1877
795 1911
796 849
796 967
796 1770
796 1828
797 1059
798 987
798 1247
798 1338
799 1298
799 1412
799 1570
799 1763
800 844
800 1250
800 1345
800 1742
800 1843
800 1889
801 1466
801 1483
801 1686
802 1207
802 1938
803 1100
803 1342
804 1471
804 1700
805 901
805 1139
805 1449
805 1666
806 911
806 984
806 1023
806 1403
806 1409
807 1087
807 1403
807 1684
808 998
808 1264
809 857
809 1041
809 1072
809 1357
809 1840
810 851
810 889
810 1245
810 1470
811 1633
811 1909
812 896
813 1556
814 996
814 1645
814 1671
814 1900
815 1517
816 1076
816 1539
816 1733
817 1002
817 1586
818 845
818 1355
818 1741
818 1820
819 848
819 1715
819 1829
820 1284
820 1533
820 1773
821 906
821 1207
821 1790
821 1910
822 857
822 1171
822 1698
823 1010
823 1234
823 1341
823 1532
823 1650
823 1791
824 955
824 957
824 1283
824 1384
824 1460
824 1503
824 1974
825 1664
826 874
826 1309
826 1819
826 1952
827 1020
828 1577
828 1637
828 1818
828 1904
829 1139
829 1268
829 1721
830 956
830 1113
830 1425
830 1824
831 903
831 1626
831 1703
831 1820
832 957
832 989
832 1533
832 1737
833 1546
833 1704
834 1417
834 1547
835 960
835 1001
835 1150
835 1623
836 1313
836 1564
836 1930
837 876
838 1042
838 1615
839 974
839 1104
840 994
840 1663
841 1472
841 1479
842 1856
843 859
843 1056
843 1059
843 1267
843 1311
843 1450
843 1649
843 1744
843 1930
844 1266
844 1408
844 1424
844 1508
844 1556
845 986
845 1197
845 1484
846 1081
846 1140
846 1272
846 1988
847 1135
847 1371
847 1419
847 1435
847 1564
847 1601
848 1279
848 1444
848 1489
848 1868
849 1055
849 1136
849 1223
850 1120
850 1316
850 1766
851 1131
851 1140
851 1389
852 1296
852 1483
852 1927
853 1756
854 1217
854 1395
854 1480
854 1944
855 1656
855 1889
856 927
856 1135
856 1230
856 1572
856 1658
857 1033
858 1708
859 1006
859 1301
859 1699
860 1306
860 1478
860 1702
860 1752
860 1896
861 1277
861 1542
862 1013
862 1723
863 928
863 1042
863 1595
863 1690
864 1406
864 1542
865 1131
866 979
866 1574
866 1603
867 972
867 1133
868 919
868 1732
869 1772
869 1979
870 1227
870 1508
871 1062
871 1221
871 1329
871 1841
872 911
872 1437
872 1473
872 1780
872 1841
873 1342
873 1560
873 1819
874 927
874 1312
874 1372
874 1506
874 1884
876 1134
876 1491
876 1847
877 1107
877 1237
878 1077
879 951
879 1027
879 1668
879 1724
880 1107
880 1466
880 1492
880 1630
881 924
881 966
881 1753
881 1829
882 924
882 1572
882 1606
882 1939
884 955
884 1071
884 1325
885 1615
885 1859
885 1924
886 1952
887 1095
887 1182
887 1403
887 1667
887 1899
888 1517
888 1575
888 1816
889 1589
889 1861
890 1608
891 983
891 1409
891 1939
892 1113
892 1407
892 1906
893 1747
893 1976
894 1624
894 1675
894 1818
894 1820
894 1973
895 1866
896 1494
896 1708
897 1319
897 1625
897 1690
897 1917
898 914
898 1000
898 1139
898 1526
899 1162
899 1488
899 1549
899 1641
899 1978
899 1999
900 939
900 1026
900 1053
900 1311
900 1407
900 1425
900 1831
901 1333
902 994
902 1463
902 1844
902 1937
903 965
903 1133
903 1202
903 1238
903 1428
903 1656
904 1007
904 1153
904 1259
904 1322
904 1433
904 1573
904 1652
904 1823
905 979
905 1418
905 1659
905 1693
905 1860
906 1740
907 1291
907 1726
908 910
908 1026
908 1806
908 1875
908 1922
909 1838
909 1890
909 1918
909 1921
910 1172
911 1015
911 1872
911 1941
912 1310
912 1422
912 1589
913 930
913 1045
913 1616
913 1753
914 964
914 1257
914 1323
914 1396
915 991
915 1777
915 1896
916 1348
916 1741
916 1811
916 1964
917 929
917 1084
917 1783
917 1873
918 1233
918 1534
918 1798
919 1000
919 1668
920 1151
920 1175
920 1183
920 1312
920 1648
920 1768
920 1959
921 957
921 1962
923 1243
923 1585
923 1892
924 997
924 1070
925 1179
925 1197
925 1999
926 1641
926 1799
927 1145
927 1247
927 1737
927 1748
928 932
928 1199
928 1257
928 1458
928 1662
928 1737
928 1978
929 1244
930 1083
930 1874
931 988
931 1159
931 1272
932 1297
932 1447
933 1412
933 1436
933 1469
934 958
934 1600
935 1944
936 1661
936 1931
937 1181
937 1260
937 1384
937 1710
937 1834
938 1666
939 1236
939 1666
939 1935
940 1732
940 1937
941 957
941 1647
942 1391
942 1752
942 1930
943 1039
943 1302
943 1471
943 1571
943 1580
943 1586
944 1397
944 1953
945 1086
945 1675
946 1450
946 1787
947 1012
947 1235
947 1563
947 1855
949 1071
949 1133
950 1186
950 1653
950 1730
950 1772
951 1124
951 1475
951 1529
951 1746
951 1929
952 1164
952 1366
952 1775
953 1048
953 1407
953 1433
954 987
954 1163
954 1217
955 1545
955 1689
955 1731
956 1001
956 1266
957 1877
958 1236
958 1762
959 1082
959 1493
959 1520
959 1550
959 1715
959 1779
959 1894
960 1342
960 1452
960 1914
962 1038
962 1912
962 1941
963 1583
964 971
964 1067
964 1498
964 1504
964 1527
964 1595
964 1972
965 1464
965 1910
965 1940
966 1405
966 1900
966 1927
966 1972
967 1537
968 1170
968 1676
968 1852
968 1955
969 978
969 1207
969 1287
969 1806
970 970
970 1547
970 1625
970 1846
971 994
971 1149
971 1227
971 1248
971 1415
971 1853
971 1884
972 1176
972 1909
973 1200
973 1204
973 1292
973 1833
974 1408
974 1605
974 1978
975 986
975 1586
975 1712
975 1767
975 1932
976 1876
977 1039
977 1100
977 1184
978 1440
978 1673
978 1807
978 1813
978 1965
979 1089
979 1099
979 1787
980 1159
980 1428
980 1457
980 1759
980 1837
980 1923
981 1651
981 1770
981 1973
982 1473
982 1757
983 1023
983 1197
983 1295
983 1895
984 1854
985 1166
985 1645
985 1673
985 1676
985 1969
986 1015
986 1285
986 1374
987 1276
987 1432
988 1494
988 1537
988 1864
989 1636
990 1828
991 1115
991 1124
991 1585
991 1806
992 1331
992 1422
992 1423
992 1511
993 1099
993 1283
993 1887
994 1187
994 1486
994 1587
994 1645
995 1885
996 1129
996 1252
996 1713
997 1011
997 1630
997 1752
997 1831
998 1350
998 1579
1000 1151
1000 1176
1000 1223
1000 1289
1000 1397
1000 1460
1000 1980
1001 1024
1001 1035
1001 1115
1001 1440
1001 1695
1001 1749
1002 1125
1002 1140
1002 1253
1002 1310
1002 1363
1002 1455
1003 1454
1004 1534
1004 1876
1004 1951
1005 1684
1005 1710
1005 1725
1006 1198
1006 1363
1007 1429
1007 1494
1007 1613
1007 1909
1008 1160
1008 1210
1008 1632
1009 1433
1009 1530
1010 1054
1010 1394
1010 1773
1010 1790
1010 1853
1011 1177
1011 1459
1011 1969
1013 1122
1013 1163
1013 1455
1013 1673
1014 1671
1015 1243
1015 1481
1015 1727
1015 1811
1016 1184
1016 1603
1016 1764
1017 1017
1017 1316
1017 1428
1017 1815
1017 1823
1018 1040
1018 1430
1018 1562
1018 1687
1019 1785
1019 1937
1020 1091
1020 1329
1020 1358
1020 1706
1021 1577
1021 1911
1022 1123
1022 1534
1022 1679
1022 1710
1022 1844
1023 1269
1024 1046
1024 1357
1024 1726
1025 1034
1025 1376
1025 1456
1025 1492
1025 1816
1026 1173
1026 1543
1026 1989
1027 1160
1027 1288
1027 1343
1027 1420
1027 1949
1028 1090
1028 1199
1028 1332
1028 1633
1029 1037
1029 1430
1029 1633
1029 1785
1029 1989
1030 1579
1030 1643
1030 1784
1031 1636
1031 1644
1032 1075
1032 1446
1032 1702
1032 1921
1033 1896
1033 1950
1035 1201
1036 1045
1036 1136
1036 1862
1036 1887
1037 1088
1037 1095
1038 1368
1039 1303
1040 1063
1040 1146
1040 1415
1040 1428
1040 1654
1041 1722
1043 1271
1043 1433
1043 1946
1044 1325
1044 1737
1044 1904
1044 1928
1045 1241
1045 1355
1046 1048
1046 1187
1046 1264
1046 1888
1047 1247
1047 1328
1047 1781
1047 1799
1047 1868
1047 1946
1048 1957
1048 1962
1048 1990
1048 1993
1049 1174
1049 1920
1050 1416
1050 1737
1050 1954
1050 1955
1050 1959
1051 1726
1051 1749
1052 1303
1052 1775
1052 1936
1053 1197
1053 1285
1053 1392
1054 1336
1054 1541
1054 1927
1056 1442
1056 1530
1056 1539
1056 1929
1057 1485
1057 1726
1057 1889
1058 1100
1059 1400
1059 1718
1059 1827
1061 1178
1061 1244
1061 1817
1061 1899
1062 1099
1063 1603
1063 1688
1063 1701
1063 1944
1064 1077
1064 1891
1065 1291
1065 1411
1065 1563
1066 1083
1066 1614
1066 1870
1067 1068
1067 1221
1067 1384
1067 1565
1068 1425
1068 1512
1068 1581
1069 1184
1069 1219
1069 1313
1069 1520
1069 1565
1070 1146
1070 1562
1071 1270
1071 1559
1071 1724
1071 1807
1072 1093
1072 1142
1073 1479
1073 1950
1074 1754
1074 1824
1075 1206
1075 1442
1075 1836
1076 1122
1076 1378
1076 1651
1076 1981
1077 1263
1078 1480
1078 1563
1079 1573
1080 1266
1080 1670
1081 1629
1081 1967
1082 1205
1082 1477
1082 1956
1083 1320
1083 1358
1083 1368
1084 1130
1084 1584
1085 1095
1085 1569
1086 1235
1086 1983
1087 1250
1088 1244
1088 1318
1088 1446
1089 1723
1089 1915
1090 1440
1090 1958
1091 1149
1091 1675
1091 1953
1092 1281
1092 1704
1094 1116
1094 1939
1095 1361
1095 1910
1097 1129
1097 1689
1097 1782
1097 1914
1098 1511
1098 1685
1098 1704
1099 1194
1099 1280
1100 1426
1100 1439
1100 1674
1100 1735
1100 1869
1101 1382
1101 1417
1101 1483
1101 1829
1102 1433
1102 1629
1102 1680
1102 1979
1103 1131
1103 1406
1103 1864
1104 1327
1104 1553
1104 1609
1104 1617
1104 1730
1105 1471
1105 1781
1106 1161
1106 1302
1106 1496
1106 1786
1107 1161
1107 1572
1107 1714
1107 1792
1108 1193
1108 1957
1109 1144
1109 1149
1109 1224
1109 1699
1109 1876
1110 1304
1110 1400
1110 1708
1111 1438
1112 1466
1112 1725
1113 1846
1113 1964
1114 1501
1114 1679
1116 1458
1117 1286
1117 1814
1117 1971
1118 1448
1118 1656
1118 1708
1119 1278
1119 1511
1119 1795
1120 1215
1120 1244
1120 1427
1121 1146
1121 1637
1122 1334
1122 1523
1122 1740
1122 1879
1123 1516
1124 1776
1124 1969
1125 1288
1125 1663
1126 1311
1128 1262
1128 1446
1128 1837
1128 1979
1129 1238
1129 1623
1130 1472
1130 1811
1131 1188
1131 1523
1133 1273
1133 1663
1133 1854
1134 1463
1134 1577
1134 1604
1134 1874
1134 1875
1134 1895
1134 1946
1135 1166
1135 1378
1135 1722
1135 1798
1135 1991
1137 1143
1137 1485
1137 1812
1137 1934
1138 1215
1138 1232
1138 1771
1139 1967
1140 1304
1140 1491
1140 1995
1141 1198
1141 1308
1141 1474
1141 1562
1141 1825
1143 1415
1143 1558
1143 1823
1143 1846
1144 1352
1146 1168
1146 1220
1146 1679
1146 1779
1146 1873
1147 1317
1147 1657
1148 1812
1148 1872
1148 1986
1149 1231
1149 1254
1150 1463
1150 1695
1150 1999
1151 1983
1152 1276
1152 1313
1152 1754
1152 1982
1153 1153
1153 1259
1153 1548
1153 1604
1153 1830
1154 1505
1154 1510
1154 1518
1154 1531
1154 1592
1155 1938
1156 1255
1156 1501
1156 1664
1157 1229
1157 1310
1157 1433
1157 1699
1157 1878
1158 1326
1158 1338
1158 1920
1159 1413
1159 1629
1159 1782
1160 1446
1161 1223
1161 1687
1161 1899
1162 1192
1162 1345
1162 1857
1163 1468
1163 1735
1163 1943
1164 1186
1164 1738
1164 1998
1165 1320
1165 1381
1165 1495
1165 1532
1165 1877
1166 1599
1168 1320
1169 1475
1169 1848
1170 1255
1171 1247
1171 1359
1171 1410
1171 1482
1171 1576
1172 1484
1172 1554
1172 1937
1172 1952
1173 1315
1174 1724
1175 1298
1175 1347
1175 1688
1176 1702
1176 1711
1176 1888
1177 1274
1177 1800
1177 1802
1177 1932
1178 1799
1179 1387
1179 1427
1179 1624
1179 1868
1179 1954
1180 1279
1180 1819
1180 1979
1181 1229
1181 1379
1181 1590
1181 1743
1182 1965
1183 1271
1183 1676
1184 1443
1184 1463
1184 1519
1184 1930
1185 1192
1185 1730
1185 1964
1186 1262
1186 1372
1186 1428
1186 1617
1186 1687
1186 1716
1186 1799
1187 1250
1187 1313
1187 1441
1188 1246
1188 1476
1189 1706
1190 1712
1191 1231
1191 1624
1191 1731
1192 1344
1192 1623
1194 1341
1194 1649
1194 1835
1195 1869
1195 1904
1196 1231
1197 1289
1197 1613
1198 1405
1199 1330
1199 1416
1199 1490
1199 1576
1199 1621
1199 1724
1199 1894
1200 1328
1200 1414
1202 1508
1202 1806
1202 1828
1202 1844
1202 1888
1203 1630
1203 1735
1203 1850
1203 1885
1204 1233
1204 1558
1204 1894
1205 1431
1205 1576
1206 1232
1206 1485
1206 1887
1207 1238
1207 1564
1207 1938
1208 1515
1209 1429
1209 1680
1209 1710
1209 1977
1210 1348
1210 1349
1210 1786
1210 1928
1211 1505
1211 1649
1211 1824
1211 1877
1211 1891
1212 1845
1213 1461
1213 1755
1214 1253
1214 1579
1214 1684
1214 1755
1214 1831
1215 1367
1215 1464
1216 1583
1216 1780
1217 1359
1217 1545
1217 1577
1218 1424
1218 1515
1218 1782
1218 1919
1218 1999
1219 1349
1220 1269
1220 1282
1220 1698
1221 1282
1221 1970
1222 1609
1222 1745
1223 1388
1223 1849
1224 1679
1224 1904
1225 1245
1225 1397
1225 1871
1226 1739
1227 1351
1227 1616
1227 1754
1228 1703
1228 1748
1229 1926
1230 1812
1231 1287
1231 1458
1232 1512
1232 1513
1233 1416
1233 1751
1233 1780
1234 1297
1234 1371
1234 1966
1235 1291
1235 1314
1235 1478
1235 1610
1235 1789
1235 1988
1236 1775
1236 1918
1237 1350
1237 1893
1238 1676
1239 1818
1240 1249
1240 1484
1241 1241
1241 1714
1241 1948
1242 1571
1242 1710
1242 1717
1243 1336
1243 1938
1243 1947
1244 1256
1244 1329
1244 1545
1245 1416
1245 1635
1245 1668
1245 1909
1246 1778
1246 1973
1247 1289
1247 1619
1248 1656
1248 1702
1248 1804
1248 1896
1249 1615
1249 1666
1249 1763
1249 1980
1250 1683
1250 1690
1251 1302
1251 1399
1251 1939
1252 1362
1252 1626
1253 1309
1253 1360
1254 1647
1255 1382
1255 1604
1255 1614
1255 1864
1256 1816
1257 1269
1258 1629
1259 1284
1259 1358
1259 1417
1259 1701
1260 1279
1261 1399
1261 1412
1261 1485
1262 1605
1262 1675
1263 1584
1263 1602
1264 1298
1264 1746
1264 1771
1264 1830
1265 1672
1265 1770
1265 1937
1266 1579
1266 1592
1266 1795
1268 1496
1268 1517
1268 1581
1268 1888
1269 1535
1269 1626
1269 1724
1269 1976
1270 1610
1270 1621
1271 1616
1271 1728
1272 1767
1272 1868
1273 1284
1273 1356
1274 1403
1274 1475
1274 1948
1275 1295
1275 1717
1276 1397
1276 1696
1277 1662
1277 1884
1277 1927
1278 1628
1279 1408
1280 1922
1282 1354
1282 1478
1282 1509
1283 1547
1283 1958
1284 1525
1285 1630
1285 1904
1286 1684
1286 1712
1286 1997
1288 1468
1288 1971
1289 1429
1289 1557
1289 1973
1290 1333
1290 1379
1290 1415
1290 1484
1291 1330
1291 1792
1292 1706
1292 1875
1293 1889
1294 1381
1295 1376
1295 1515
1295 1843
1296 1371
1296 1405
1296 1707
1296 1730
1298 1379
1298 1506
1298 1803
1299 1757
1300 1521
1300 1533
1300 1544
1300 1740
1300 1945
1301 1665
1302 1362
1302 1470
1302 1742
1302 1743
1303 1463
1303 1478
1303 1760
1303 1998
1304 1349
1304 1673
1304 1728
1304 1837
1304 1969
1305 1433
1305 1513
1305 1823
1306 1372
1307 1462
1307 1498
1307 1734
1308 1589
1309 1361
1309 1909
1310 1536
1310 1809
1311 1454
1311 1834
1311 1980
1312 1426
1312 1599
1312 1646
1313 1820
1313 1899
1314 1474
1315 1570
1315 1653
1316 1752
1317 1373
1317 1414
1317 1675
1317 1718
1317 1928
1318 1576
1320 1539
1320 1624
1321 1514
1321 1896
1322 1466
1322 1867
1322 1968
1323 1337
1323 1407
1323 1487
1323 1641
1323 1752
1323 1858
1324 1346
1324 1538
1324 1657
1324 1664
1324 1728
1325 1517
1325 1687
1325 1796
1326 1349
1326 1359
1326 1371
1326 1763
1326 1885
1326 1992
1327 1715
1327 1843
1328 1365
1328 1981
1330 1455
1330 1994
1331 1700
1331 1931
1332 1356
1332 1658
1334 1775
1334 1845
1335 1541
1335 1664
1335 1738
1336 1853
1337 1371
1337 1394
1337 1781
1338 1360
1338 1901
1339 1808
1340 1474
1340 1678
1340 1983
1341 1679
1341 1998
1342 1420
1342 1496
1342 1506
1342 1649
1342 1753
1343 1529
1343 1717
1344 1660
1344 1962
1345 1816
1346 1424
1346 1676
1346 1717
1346 1731
1347 1370
1347 1381
1347 1653
1348 1656
1348 1960
1349 1476
1349 1731
1349 1940
1350 1381
1350 1925
1352 1595
1352 1852
1352 1986
1353 1390
1353 1419
1353 1466
1353 1508
1354 1368
1354 1378
1354 1437
1354 1495
1354 1732
1354 1929
1354 1990
1356 1490
1357 1599
1357 1730
1358 1431
1358 1443
1358 1712
1360 1654
1360 1908
1360 1963
1361 1760
1362 1883
1363 1539
1363 1912
1364 1641
1365 1614
1365 1677
1365 1888
1365 1972
1366 1611
1366 1657
1366 1685
1366 1688
1366 1863
1367 1545
1368 1568
1368 1997
1369 1866
1369 1971
1370 1510
1370 1532
1370 1538
1370 1541
1370 1587
1371 1485
1371 1855
1371 1991
1372 1499
1372 1588
1372 1931
1374 1586
1374 1948
1375 1787
1375 1880
1377 1694
1377 1802
1377 1842
1378 1422
1379 1625
1380 1450
1380 1629
1381 1387
1381 1515
1382 1473
1382 1624
1383 1931
1384 1386
1384 1722
1384 1834
1384 1986
1385 1421
1385 1914
1386 1719
1387 1528
1387 1548
1387 1624
1387 1718
1387 1779
1387 1863
1389 1476
1389 1567
1389 1586
1389 1826
1389 1844
1390 1842
1390 1969
1391 1553
1391 1826
1391 1916
1392 1446
1392 1601
1392 1686
1393 1738
1393 1969
1394 1691
1394 1760
1396 1575
1396 1697
1396 1803
1397 1654
1397 1663
1398 1680
1399 1650
1399 1893
1402 1709
1403 1474
1404 1775
1404 1858
1405 1732
1406 1630
1407 1566
1407 1909
1407 1953
1408 1658
1410 1430
1410 1605
1411 1582
1411 1839
1412 1575
1412 1727
1412 1745
1412 1874
1412 1972
1413 1591
1414 1757
1415 1515
1416 1528
1417 1470
1417 1682
1417 1703
1417 1710
1418 1656
1419 1890
1420 1958
1422 1782
1422 1912
1422 1946
1423 1438
1423 1698
1424 1711
1424 1963
1425 1434
1425 1485
1425 1553
1425 1611
1425 1898
1425 1953
1425 1969
1428 1541
1428 1544
1429 1662
1429 1706
1429 1798
1429 1884
1430 1450
1431 1687
1432 1738
1433 1445
1435 1874
1435 1967
1436 1523
1436 1975
1437 1887
1438 1867
1440 1709
1440 1728
1440 1916
1441 1499
1441 1980
1442 1475
1442 1533
1442 1821
1442 1956
1443 1517
1443 1654
1443 1935
1444 1463
1444 1658
1445 1865
1446 1829
1446 1985
1447 1925
1448 1555
1448 1889
1448 1953
1449 1506
1449 1970
1450 1684
1451 1517
1452 1863
1453 1612
1453 1795
1453 1808
1453 1863
1454 1602
1454 1606
1454 1690
1454 1875
1454 1898
1455 1635
1455 1822
1456 1696
1456 1872
1456 1880
1457 1486
1458 1492
1458 1504
1460 1948
1460 1976
1461 1470
1462 1588
1464 1719
1465 1526
1465 1597
1465 1956
1466 1687
1467 1495
1467 1947
1468 1483
1469 1610
1469 1678
1469 1688
1470 1975
1471 1912
1473 1703
1474 1572
1474 1603
1474 1686
1474 1889
1475 1617
1475 1645
1475 1648
1476 1661
1476 1921
1477 1555
1478 1629
1479 1972
1480 1747
1480 1829
1480 1983
1481 1547
1482 1997
1485 1534
1485 1853
1487 1531
1487 1882
1488 1518
1488 1636
1488 1742
1488 1984
1489 1949
1490 1807
1491 1507
1491 1528
1491 1749
1492 1625
1492 1932
1493 1544
1493 1613
1493 1775
1493 1850
1493 1860
1493 1865
1494 1630
1496 1678
1496 1816
1497 1643
1497 1876
1497 1921
1497 1997
1498 1619
1498 1713
1498 1841
1498 1863
1498 1914
1498 1933
1499 1513
1502 1827
1502 1849
1503 1874
1504 1527
1507 1609
1508 1514
1508 1676
1508 1931
1509 1875
1510 1630
1511 1733
1511 1953
1513 1541
1513 1609
1513 1950
1514 1692
1514 1884
1515 1668
1515 1707
1515 1996
1516 1822
1516 1856
1517 1727
1517 1729
1518 1770
1518 1902
1519 1555
1519 1604
1519 1934
1520 1565
1520 1830
1521 1583
1521 1721
1521 1973
1522 1721
1524 1551
1524 1561
1524 1890
1524 1899
1524 1987
1525 1606
1525 1737
1526 1873
1526 1993
1527 1814
1528 1982
1530 1947
1531 1562
1531 1998
1532 1673
1533 1666
1533 1838
1536 1683
1536 1878
1538 1612
1538 1732
1539 1568
1541 1765
1541 1869
1542 1581
1542 1623
1542 1792
1542 1875
1542 1882
1543 1581
1543 1983
1544 1802
1544 1818
1545 1799
1545 1936
1547 1734
1548 1594
1548 1764
1549 1745
1550 1741
1551 1644
1551 1651
1551 1708
1552 1765
1554 1625
1554 1839
1554 1984
1555 1996
1556 1715
1556 1743
1560 1699
1562 1763
1562 1776
1563 1591
1563 1813
1563 1819
1564 1604
1564 1680
1565 1851
1565 1879
1565 1886
1566 1780
1566 1851
1566 1997
1567 1848
1568 1646
1568 1996
1569 1723
1569 1748
1570 1742
1572 1889
1573 1882
1573 1984
1574 1812
1575 1622
1575 1847
1576 1987
1578 1621
1578 1819
1579 1927
1580 1779
1580 1917
1580 1968
1583 1600
1584 1590
1584 1794
1585 1791
1585 1840
1585 1919
1586 1774
1587 1730
1588 1798
1589 1650
1589 1669
1589 1774
1590 1616
1590 1937
1595 1744
1595 1872
1596 1770
1596 1793
1597 1879
1598 1623
1599 1905
1599 1929
1600 1624
1602 1731
1606 1629
1609 1654
1609 1933
1609 1954
1610 1731
1610 1900
1611 1752
1612 1724
1613 1669
1613 1893
1614 1882
1616 1703
1617 1658
1617 1741
1617 1814
1618 1698
1619 1968
1620 1779
1620 1894
1621 1834
1621 1950
1621 1953
1622 1725
1622 1756
1622 1831
1622 1974
1623 1795
1623 1807
1623 1880
1623 1947
1625 1654
1626 1634
1627 1933
1628 1803
1628 1916
1629 1916
1630 1979
1633 1845
1635 1725
1638 1855
1639 1741
1639 1813
1641 1759
1642 1888
1642 1890
1642 1907
1643 1658
1643 1734
1644 1859
1644 1984
1645 1956
1646 1826
1648 1664
1648 1729
1648 1839
1648 1884
1648 1887
1648 1944
1649 1829
1649 1987
1650 1823
1651 1675
1653 1777
1654 1822
1655 1885
1656 1855
1657 1756
1657 1917
1658 1692
1659 1948
1660 1923
1662 1731
1662 1831
1663 1706
1664 1869
1664 1909
1664 1983
1665 1960
1669 1927
1669 1932
1670 1814
1670 1848
1672 1995
1676 1976
1678 1804
1678 1879
1678 1899
1679 1746
1681 1858
1683 1915
1683 1994
1684 1977
1687 1994
1688 1699
1688 1728
1688 1962
1691 1887
1691 1985
1693 1887
1694 1701
1696 1891
1697 1767
1697 1844
1698 1890
1700 1774
1701 1877
1702 1987
1705 1827
1706 1820
1706 1827
1706 1866
1707 1756
1707 1970
1709 1724
1709 1846
1709 1865
1709 1887
1709 1965
1709 1977
1713 1996
1715 1934
1716 1851
1720 1938
1722 1986
1723 1742
1723 1862
1723 1910
1725 1982
1726 1729
1728 1763
1729 1995
1730 1749
1730 1974
1730 1990
1731 1811
1731 1943
1733 1767
1738 1875
1742 1892
1742 1912
1743 1827
1745 1982
1748 1796
1748 1807
1749 1982
1753 1860
1753 1892
1753 1897
1753 1940
1754 1931
1755 1996
1757 1870
1759 1914
1760 1871
1761 1795
1762 1858
1765 1865
1765 1980
1769 1822
1770 1787
1770 1901
1771 1883
1772 1865
1772 1933
1774 1807
1774 1970
1779 1846
1779 1990
1780 1970
1784 1916
1788 1873
1789 1851
1791 1841
1792 1905
1793 1986
1794 1841
1795 1848
1796 1830
1797 1975
1798 1886
1800 1817
1801 1802
1801 1857
1805 1881
1805 1967
1810 1992
1811 1953
1812 1894
1816 1969
1817 1853
1824 1854
1825 1929
1825 1947
1825 1964
1826 1942
1826 1956
1833 1846
1833 1940
1833 1983
1835 1905
1836 1955
1838 1950
1840 1889
1841 1957
1843 1905
1846 1903
1846 1953
1848 1928
1851 1957
1853 1954
1853 1987
1855 1940
1857 1990
1862 1910
1866 1985
1867 1940
1867 1979
1875 1990
1880 1944
1883 1971
1885 1982
1888 1890
1891 1961
1894 1947
1895 1974
1899 1959
1901 1934
1902 1999
1905 1966
1906 1981
1918 1992
1926 1937
1930 1948
1938 1996
1969 1993
1986 1997
1988 1990
1990 1990
