2000
0 1445
1 1110
2 252
2 1501
3 310
3 908
3 1289
3 1589
3 1972
4 16
5 55
5 582
6 218
6 1781
7 1004
7 1796
8 403
9 683
10 1547
10 1686
10 1972
11 391
11 1575
12 653
12 1343
12 1727
13 1807
14 80
14 219
14 1013
14 1241
15 349
16 574
16 1004
16 1576
17 439
17 1221
18 806
18 908
18 1176
18 1446
19 336
19 1079
19 1103
20 213
21 173
21 872
22 988
23 1615
24 399
24 1131
25 1415
26 797
27 212
27 217
28 184
28 1316
28 1595
29 674
30 634
30 713
30 1142
30 1426
30 1544
30 1788
31 1186
31 1682
31 1954
32 1652
33 363
33 1515
34 85
34 157
35 778
35 1633
36 173
36 501
36 1127
37 603
37 793
39 248
39 1586
39 1973
40 1179
41 216
41 290
41 736
41 1510
43 1706
44 120
45 636
46 509
46 616
46 1627
47 184
47 1634
47 1687
47 1890
48 585
48 1045
50 353
50 911
50 1222
51 108
51 154
51 296
52 957
52 1531
52 1603
53 1456
54 1864
54 1874
55 439
56 226
56 294
56 502
56 1277
56 1719
57 190
58 900
59 273
60 877
60 956
60 1331
61 1566
61 1668
62 1657
63 1659
64 679
64 1871
64 1947
65 910
65 1192
66 931
67 1121
68 820
68 954
68 964
69 871
70 1683
70 1938
71 330
71 502
71 780
71 840
71 915
71 1161
71 1227
71 1250
72 961
73 930
74 888
74 942
74 1020
75 287
75 903
75 1024
75 1048
76 730
76 1447
77 394
77 659
78 954
78 1089
78 1441
78 1742
79 495
79 651
80 650
80 708
81 234
81 833
81 1621
82 134
82 569
82 623
82 976
83 323
83 516
83 613
83 1712
84 1606
86 653
86 785
87 1836
88 342
88 1812
89 115
89 1956
93 167
93 1958
94 1017
94 1724
95 244
95 328
97 985
97 1267
98 620
98 968
99 260
99 752
99 795
99 988
99 1691
99 1773
101 1298
101 1778
101 1782
102 1309
102 1805
103 1150
103 1619
105 339
105 577
105 675
106 531
106 1179
106 1211
106 1288
106 1437
107 265
107 367
107 1320
108 501
108 751
109 619
109 647
109 835
110 1699
111 1107
111 1132
111 1688
112 814
112 1651
112 1778
112 1896
114 1322
114 1529
116 328
116 532
117 1008
117 1527
118 260
118 794
118 1072
118 1862
119 1112
119 1633
119 1781
120 269
120 1738
120 1966
121 263
121 274
122 1386
122 1897
125 152
125 266
125 1071
126 145
126 825
126 1619
126 1767
127 1191
128 429
129 1020
130 292
130 608
131 1593
131 1718
131 1881
132 867
132 1316
132 1531
133 321
133 460
134 152
134 776
134 1504
136 227
137 1913
138 252
138 1597
139 1101
140 386
141 153
142 675
142 1724
142 1850
143 638
144 314
144 892
144 1493
145 305
146 1331
146 1548
146 1783
147 147
147 1021
147 1886
148 359
151 238
151 949
151 1351
151 1752
152 330
152 1166
153 355
153 368
154 872
154 1679
154 1818
155 921
155 1665
156 283
156 1126
156 1608
157 320
158 446
158 715
158 1466
159 383
159 846
159 979
160 1621
162 353
162 421
162 1348
163 368
163 1300
163 1390
163 1579
164 265
165 1346
165 1383
165 1537
165 1999
166 340
166 1930
166 1955
168 971
168 1982
169 426
170 558
170 1165
171 1088
171 1137
171 1404
171 1700
172 1917
174 1060
174 1126
174 1515
175 809
176 1284
177 219
177 808
177 1468
178 493
178 697
179 820
180 466
180 1201
181 1539
182 805
183 586
183 1066
183 1532
183 1691
185 887
187 1754
188 971
188 1034
189 454
190 334
190 595
190 1187
190 1358
191 1331
192 880
192 1015
193 1559
195 374
195 630
195 1043
195 1662
197 1805
198 399
198 1341
199 661
199 1622
200 866
202 660
202 1328
202 1533
202 1776
203 457
203 1873
206 749
206 1026
206 1049
207 749
207 1953
207 1990
208 350
208 455
208 961
209 214
209 249
209 1267
210 1205
211 1046
211 1550
211 1825
213 1049
215 1412
215 1634
215 1711
217 1097
217 1173
217 1677
218 491
218 1200
218 1364
219 459
219 616
219 918
220 782
220 807
221 409
221 812
222 1860
223 816
223 855
225 313
225 1459
226 938
227 256
227 426
227 651
227 660
227 822
228 478
229 413
229 895
229 1565
231 1783
231 1806
232 334
232 390
233 1318
234 425
234 1729
235 438
235 755
235 1463
235 1867
236 714
236 1673
237 634
237 766
237 814
238 591
238 981
238 1496
239 908
239 1747
239 1805
240 767
240 1544
241 1999
242 477
242 585
242 593
242 1934
243 1310
243 1644
244 373
244 1090
244 1553
244 1640
245 522
246 673
246 1029
246 1605
247 576
247 951
247 1006
248 610
248 1667
249 550
249 1475
250 401
250 732
250 1139
251 293
251 1046
251 1800
252 599
252 1855
253 381
253 658
253 799
253 1523
254 1146
254 1981
255 1307
256 820
256 906
256 1063
256 1781
257 327
257 868
257 904
257 1060
257 1564
259 909
259 953
259 1798
260 718
260 1154
262 391
262 532
262 612
262 891
262 1418
263 586
263 958
263 1102
263 1161
264 1548
265 1715
265 1753
265 1821
266 887
266 906
266 1162
267 561
267 1388
267 1895
268 905
268 1535
269 516
269 777
269 1436
269 1594
270 1325
271 1620
272 1377
273 715
274 1001
275 499
275 550
276 368
277 311
277 445
277 1837
278 599
280 496
280 593
280 1132
280 1401
281 379
282 1281
283 285
283 400
283 485
283 992
284 1050
284 1295
285 1128
285 1955
285 1956
286 462
286 1009
286 1023
286 1300
287 1749
288 814
288 1744
289 603
289 1712
289 1754
289 1943
290 1675
290 1997
291 332
291 599
291 1785
292 1066
293 487
293 771
293 922
294 672
294 1365
294 1542
294 1685
295 1007
296 658
296 1199
296 1516
296 1775
297 489
299 1998
300 1275
300 1410
301 605
301 1498
302 615
302 1136
302 1518
303 1250
304 381
304 757
304 1193
304 1477
305 973
306 920
306 1080
306 1522
307 664
307 1790
308 439
308 932
309 433
309 566
310 560
310 1316
312 522
312 926
312 1445
312 1695
313 828
314 666
314 1121
315 825
316 1057
317 427
317 1387
317 1962
318 1046
318 1163
318 1204
318 1682
319 1851
321 465
321 1923
322 379
322 1075
322 1976
323 834
323 1282
323 1665
324 1968
324 1999
326 1315
326 1986
327 970
328 400
328 807
328 1148
328 1364
328 1377
329 817
329 893
329 1546
332 354
332 1268
332 1941
332 1958
334 529
334 1018
336 1674
337 1578
337 1701
338 752
338 1216
338 1537
339 506
341 490
342 496
342 644
344 450
344 1553
346 1741
346 1936
347 1763
348 1201
349 883
349 885
349 1100
349 1534
350 835
351 1930
352 529
352 1433
354 691
354 719
354 722
354 1584
355 854
355 871
355 1005
355 1379
356 1913
357 528
357 1112
358 1253
359 703
359 1705
360 492
360 699
360 1717
361 935
361 989
361 1797
361 1954
362 475
362 752
362 931
363 1852
364 366
365 521
365 599
365 988
365 989
366 959
366 1670
366 1906
369 753
369 1270
369 1828
369 1841
370 671
372 416
372 1137
373 950
374 562
374 1191
374 1805
376 869
377 595
377 739
377 1632
377 1649
378 675
379 524
379 978
379 1041
379 1093
380 936
380 1243
381 1363
381 1375
381 1917
381 1976
382 925
382 1337
383 1021
384 962
384 1264
384 1284
385 433
385 581
385 1748
385 1874
387 1125
387 1332
388 1709
389 505
389 680
389 1578
390 402
390 835
390 1899
391 479
392 1109
392 1393
392 1449
393 448
393 1347
393 1402
393 1945
394 1203
395 690
395 702
395 1922
396 480
396 860
396 1214
396 1847
398 1176
398 1221
398 1512
398 1759
399 1483
400 1120
400 1822
401 831
401 1447
402 476
402 827
402 1056
402 1286
402 1677
403 1839
404 1376
404 1927
404 1953
405 1344
405 1964
406 1020
407 820
407 1457
408 601
409 870
409 1266
409 1885
410 449
410 1768
411 853
411 1112
411 1139
411 1897
412 1915
413 944
414 1277
414 1543
415 704
415 1572
415 1624
415 1708
416 534
416 573
416 880
416 1405
418 619
419 426
419 806
419 1499
420 1508
421 517
421 572
421 1474
423 640
423 1025
423 1158
424 1510
425 773
426 558
426 872
426 1532
426 1894
428 1039
429 1377
429 1875
430 773
430 1826
433 1461
434 1683
435 829
436 1491
436 1595
437 716
438 1135
439 1024
441 495
441 1940
442 1177
444 1530
446 866
446 1764
448 1676
449 525
449 1422
450 1738
451 1401
451 1710
451 1854
452 1830
453 1244
453 1611
454 1622
455 649
456 1858
457 808
457 1218
457 1918
458 1389
458 1665
459 973
461 1209
461 1371
462 957
462 1213
462 1751
463 1204
463 1955
464 1369
464 1426
465 912
465 1018
465 1230
465 1606
467 656
467 1610
468 601
468 695
468 1237
468 1659
468 1854
469 844
469 1267
469 1586
469 1710
470 508
471 682
471 956
471 1977
472 947
472 1536
473 1104
476 504
476 762
476 1535
477 1588
479 1288
479 1597
479 1663
481 609
481 705
481 1013
481 1602
482 835
483 1950
484 926
485 556
485 1976
486 1423
486 1986
487 1933
488 1130
489 1766
491 1496
491 1524
491 1584
492 1611
493 1191
493 1484
493 1911
494 878
494 1994
495 1479
496 1445
497 754
497 1002
497 1811
498 1782
498 1801
499 1411
499 1491
500 980
501 1403
501 1763
501 1966
501 1967
502 997
502 1552
502 1931
503 1643
503 1665
504 1919
505 1711
506 967
506 1421
506 1475
507 818
509 1541
509 1772
511 1782
512 1447
512 1522
512 1726
513 670
513 1388
513 1820
513 1967
515 544
515 1336
516 1038
516 1518
517 761
517 1243
518 1407
519 1272
519 1937
520 1356
520 1738
521 1583
521 1696
522 1677
524 1160
524 1218
524 1367
524 1843
524 1872
526 690
526 1294
526 1383
526 1495
527 934
527 1611
529 931
529 1790
529 1889
530 1139
531 990
531 1736
531 1790
532 624
532 1318
534 1422
534 1660
535 1379
535 1531
535 1653
536 1138
536 1820
537 1325
537 1386
539 1265
540 705
541 825
541 1375
541 1794
542 634
542 763
543 1372
544 1133
544 1676
545 890
545 1684
545 1868
546 1168
546 1538
546 1609
547 628
547 1277
547 1928
548 1224
548 1939
549 1832
550 552
550 1149
550 1545
550 1980
551 699
552 1096
552 1683
552 1754
553 1795
554 1155
554 1866
555 1216
556 1355
557 648
557 1066
557 1888
557 1927
558 714
558 1375
559 1350
560 643
560 1252
560 1708
561 655
561 745
562 876
562 1159
565 1477
565 1600
565 1701
565 1824
566 715
566 815
566 1468
566 1580
567 1098
568 681
569 693
569 738
569 817
569 1350
570 714
570 792
571 926
571 1175
572 1691
572 1983
573 1065
574 1005
574 1238
574 1263
574 1388
574 1479
575 1144
575 1707
578 789
579 939
583 1055
583 1964
584 1554
584 1677
584 1997
585 1282
585 1611
586 921
586 1434
586 1493
587 756
587 1429
588 594
588 1299
588 1552
588 1647
589 998
589 1248
590 724
590 1162
590 1630
591 859
592 1308
592 1962
593 1278
593 1569
593 1684
595 1315
595 1681
598 752
601 821
601 1472
601 1695
602 632
602 1381
602 1560
604 738
604 1092
605 1544
605 1622
606 1969
607 1597
608 1220
608 1485
609 1401
610 728
610 1703
612 970
612 1117
613 632
613 904
613 1219
614 1056
614 1455
614 1779
616 644
617 1775
618 1286
618 1593
618 1752
619 1050
619 1111
619 1778
620 716
620 1895
622 1455
623 1723
624 1065
624 1511
626 835
626 1799
626 1923
628 1376
629 1435
630 983
630 1074
630 1844
631 761
631 954
631 1394
632 1794
633 646
635 710
635 1682
636 888
636 1396
636 1497
636 1910
637 759
637 1295
637 1509
637 1755
637 1980
639 1777
640 1480
644 1135
644 1649
645 887
646 1883
647 1310
648 653
648 708
648 1002
648 1226
649 957
650 1983
651 1110
651 1226
651 1370
652 1240
653 897
654 958
654 1750
654 1851
655 1481
657 1682
658 1071
658 1614
658 1810
660 1704
662 802
662 1450
662 1467
662 1507
663 1538
664 999
666 1405
666 1567
668 920
669 828
669 910
669 941
669 1960
670 836
670 888
670 1078
671 1650
671 1772
672 879
672 1899
673 1672
674 697
674 1389
676 1248
677 1046
678 1106
679 1384
679 1984
680 1329
681 1503
683 1291
684 773
685 1319
686 1202
687 967
687 1679
687 1939
687 1988
688 702
689 1688
689 1980
690 1672
691 1534
692 1176
693 813
694 1484
696 1899
697 812
697 1699
698 1264
698 1280
699 1563
699 1616
700 1015
702 1075
702 1091
702 1512
702 1935
703 864
705 956
705 1003
707 1656
708 1510
708 1561
709 772
709 1608
709 1843
710 1056
710 1729
711 1748
713 758
713 897
714 1762
715 1430
715 1880
716 1417
716 1574
717 1193
720 1256
720 1411
721 858
721 1314
721 1604
721 1803
721 1867
721 1884
722 1122
723 1302
724 889
724 1477
727 1296
728 1421
731 1737
733 1024
735 1064
736 1737
737 1368
737 1418
737 1466
738 1431
740 801
741 1194
741 1393
744 977
745 850
745 1091
746 878
747 1169
748 1461
750 946
751 1834
752 1045
752 1480
754 1591
754 1843
755 1003
755 1185
755 1186
755 1271
755 1434
756 1207
756 1718
757 1806
758 760
760 1387
761 848
761 1104
762 995
763 1710
764 993
764 1121
765 1308
766 1739
767 1318
768 1400
769 1151
769 1760
770 1531
771 1838
772 1569
772 1704
773 822
774 1275
775 1459
775 1725
776 1045
776 1633
776 1895
777 784
777 1068
777 1329
777 1869
780 1358
783 1883
784 1171
784 1224
785 1204
785 1433
786 1019
787 959
787 1076
788 921
790 1016
790 1293
790 1698
790 1809
791 833
791 1112
791 1424
792 1549
792 1783
793 1668
794 1574
795 1688
796 1267
797 1737
798 1108
799 1706
799 1717
800 1133
800 1446
800 1454
800 1687
801 1249
803 1130
804 1753
806 1747
807 1561
807 1880
808 913
808 1090
811 1630
812 1648
813 1298
813 1452
815 1243
816 856
816 1209
817 1268
818 931
819 1037
819 1785
820 1430
820 1434
821 1479
821 1689
822 1832
823 1202
824 844
824 975
825 1018
828 1524
828 1937
829 1820
830 1756
831 1161
832 962
832 1101
832 1138
832 1891
833 1390
834 1790
835 1344
836 872
836 1267
837 1243
837 1817
839 1822
840 960
840 1596
840 1709
841 1056
842 1356
844 1927
846 1161
846 1972
850 1194
850 1350
850 1392
850 1872
853 963
853 1077
854 1397
855 1355
856 1443
857 1252
857 1671
858 991
858 1164
858 1215
858 1407
859 915
859 1382
861 1359
861 1937
862 1238
863 911
864 1829
865 1973
867 1452
868 1264
869 1583
869 1736
870 1358
870 1935
871 1525
872 1094
872 1365
875 1423
875 1968
876 1132
878 1629
879 1416
880 1221
881 1946
882 974
883 1862
885 902
885 1560
886 1518
886 1670
887 1748
889 1694
890 1257
891 1221
891 1720
892 1054
893 1865
894 1652
895 1217
895 1649
896 1886
898 1646
899 1637
901 1035
901 1064
902 1226
902 1544
904 1741
906 1348
906 1563
907 1947
911 997
911 1510
911 1985
912 1510
914 1196
914 1207
918 987
918 1172
920 1299
920 1817
922 1707
923 1080
923 1772
924 1765
925 1056
925 1456
925 1764
926 1227
927 1624
927 1719
928 1393
928 1616
930 1113
930 1388
930 1495
930 1772
931 1813
933 1475
933 1972
934 1113
934 1199
934 1957
935 1629
937 1857
938 1551
939 1533
939 1739
940 1845
940 1916
941 1095
942 1893
944 1366
946 1124
947 1042
949 1129
949 1552
953 1781
954 1402
955 1048
955 1467
956 1152
957 996
957 1729
957 1838
961 1299
961 1419
961 1607
962 1151
962 1240
963 1724
965 1000
965 1796
967 1303
967 1339
968 1316
968 1526
970 1022
970 1857
973 1460
974 1627
975 1217
977 1116
977 1128
978 1424
978 1894
978 1976
981 1332
985 1323
986 1365
986 1415
986 1753
987 1489
987 1495
987 1793
988 1003
988 1735
990 1351
991 1265
991 1921
991 1972
992 1931
993 1369
994 1157
998 1448
1000 1142
1000 1233
1001 1008
1001 1368
1002 1077
1002 1360
1002 1605
1003 1153
1004 1514
1004 1808
1004 1963
1005 1503
1005 1515
1006 1356
1007 1456
1007 1909
1009 1906
1011 1804
1012 1872
1013 1285
1014 1131
1014 1754
1015 1143
1015 1780
1018 1426
1018 1430
1018 1869
1020 1218
1021 1462
1022 1158
1023 1664
1024 1428
1026 1413
1026 1503
1027 1908
1028 1512
1029 1229
1029 1484
1029 1595
1031 1549
1031 1678
1031 1953
1032 1175
1033 1449
1034 1577
1036 1545
1036 1836
1037 1485
1038 1410
1038 1606
1040 1245
1040 1697
1042 1359
1042 1837
1044 1774
1045 1215
1045 1958
1047 1897
1050 1131
1050 1629
1052 1325
1052 1964
1053 1068
1053 1176
1054 1309
1054 1531
1056 1304
1056 1720
1057 1396
1057 1689
1058 1549
1058 1961
1060 1946
1061 1089
1062 1422
1063 1570
1064 1278
1065 1082
1065 1462
1065 1760
1066 1236
1066 1710
1067 1242
1068 1800
1069 1141
1069 1661
1070 1905
1071 1103
1072 1497
1072 1711
1073 1457
1074 1393
1075 1766
1076 1791
1080 1993
1081 1216
1081 1317
1081 1780
1081 1857
1082 1854
1085 1441
1086 1320
1087 1412
1087 1871
1088 1520
1088 1532
1089 1092
1090 1744
1093 1122
1096 1517
1097 1114
1097 1427
1104 1108
1104 1877
1106 1907
1109 1258
1109 1753
1109 1861
1109 1932
1112 1734
1112 1963
1113 1303
1115 1878
1117 1172
1117 1345
1117 1822
1118 1455
1119 1307
1119 1385
1119 1650
1119 1754
1120 1707
1121 1168
1122 1402
1123 1446
1123 1673
1123 1880
1124 1354
1126 1559
1128 1473
1129 1340
1129 1607
1129 1930
1134 1856
1134 1997
1137 1528
1138 1321
1138 1453
1139 1308
1140 1167
1141 1624
1141 1743
1142 1895
1146 1601
1146 1855
1147 1842
1148 1759
1150 1468
1150 1813
1151 1215
1151 1296
1151 1665
1154 1230
1154 1498
1155 1468
1158 1430
1159 1219
1159 1254
1159 1624
1160 1978
1161 1399
1161 1791
1161 1796
1161 1901
1161 1931
1163 1246
1164 1433
1164 1769
1164 1927
1169 1475
1170 1543
1170 1702
1171 1478
1173 1364
1173 1564
1176 1349
1176 1676
1176 1767
1177 1297
1177 1971
1178 1792
1179 1459
1179 1662
1180 1284
1181 1355
1181 1499
1182 1693
1182 1845
1184 1509
1184 1606
1185 1717
1187 1571
1187 1950
1188 1238
1190 1278
1192 1356
1194 1467
1194 1754
1195 1871
1195 1975
1195 1995
1197 1304
1197 1387
1197 1577
1198 1779
1198 1972
1200 1673
1203 1299
1204 1639
1204 1912
1206 1273
1208 1333
1210 1824
1211 1691
1213 1755
1214 1523
1215 1346
1217 1893
1218 1849
1218 1900
1222 1468
1222 1504
1223 1757
1226 1827
1228 1821
1229 1867
1232 1398
1232 1474
1232 1629
1235 1599
1235 1729
1235 1853
1237 1737
1239 1591
1240 1595
1240 1760
1242 1384
1243 1548
1245 1640
1246 1367
1247 1334
1248 1665
1249 1578
1249 1868
1251 1472
1251 1529
1251 1772
1256 1662
1257 1378
1258 1381
1258 1714
1259 1489
1260 1554
1260 1674
1260 1717
1261 1674
1263 1743
1266 1587
1269 1410
1269 1428
1269 1451
1269 1819
1270 1890
1273 1423
1277 1608
1281 1567
1281 1705
1284 1386
1286 1890
1287 1707
1288 1350
1292 1497
1292 1671
1292 1824
1293 1786
1295 1531
1296 1961
1297 1517
1298 1845
1301 1617
1301 1703
1303 1847
1303 1911
1304 1317
1304 1377
1305 1810
1307 1648
1309 1835
1311 1337
1311 1631
1312 1781
1312 1987
1314 1490
1316 1907
1317 1697
1319 1500
1319 1747
1323 1470
1324 1939
1325 1338
1326 1661
1328 1528
1328 1747
1328 1904
1328 1964
1329 1806
1331 1628
1331 1728
1334 1540
1335 1720
1335 1727
1335 1901
1336 1847
1336 1860
1337 1424
1339 1576
1341 1369
1342 1405
1342 1441
1342 1774
1343 1825
1348 1647
1348 1941
1350 1869
1350 1886
1357 1515
1359 1615
1359 1622
1362 1754
1363 1815
1366 1642
1366 1649
1367 1900
1368 1430
1369 1857
1370 1431
1371 1830
1375 1535
1377 1890
1380 1767
1381 1392
1383 1498
1385 1637
1386 1984
1387 1863
1387 1940
1389 1928
1392 1470
1392 1579
1393 1997
1394 1635
1397 1801
1399 1563
1399 1970
1400 1674
1401 1913
1410 1948
1416 1658
1418 1908
1420 1777
1420 1883
1421 1524
1426 1538
1427 1899
1429 1719
1433 1490
1433 1639
1434 1683
1435 1470
1435 1563
1436 1461
1436 1952
1441 1874
1442 1536
1444 1576
1444 1617
1444 1810
1444 1847
1446 1626
1446 1668
1446 1989
1448 1600
1450 1643
1451 1632
1451 1689
1451 1886
1453 1725
1454 1659
1455 1458
1455 1979
1456 1886
1457 1579
1458 1793
1459 1746
1460 1517
1470 1897
1472 1820
1473 1863
1475 1933
1476 1675
1477 1916
1485 1666
1485 1855
1486 1599
1490 1789
1493 1654
1496 1686
1497 1522
1497 1604
1498 1536
1500 1559
1501 1539
1503 1617
1505 1736
1505 1972
1507 1862
1508 1601
1510 1834
1513 1954
1514 1771
1514 1791
1516 1631
1516 1706
1518 1771
1519 1814
1519 1989
1521 1708
1522 1662
1522 1809
1524 1992
1525 1998
1526 1973
1529 1768
1530 1936
1531 1640
1534 1660
1534 1859
1535 1561
1536 1922
1538 1668
1539 1700
1540 1618
1542 1633
1543 1851
1544 1904
1554 1758
1555 1966
1559 1921
1564 1664
1566 1616
1569 1721
1573 1790
1574 1588
1574 1708
1574 1741
1575 1995
1577 1966
1578 1684
1579 1652
1582 1762
1584 1793
1588 1925
1589 1676
1591 1750
1591 1892
1594 1824
1597 1826
1598 1825
1599 1817
1599 1989
1601 1853
1603 1709
1603 1953
1607 1803
1611 1624
1612 1916
1615 1864
1615 1895
1618 1806
1618 1945
1618 1994
1620 1995
1621 1744
1622 1632
1626 1888
1632 1827
1633 1823
1633 1961
1635 1938
1636 1660
1636 1887
1637 1667
1637 1767
1638 1855
1639 1952
1641 1841
1644 1650
1648 1897
1650 1887
1653 1951
1654 1682
1655 1695
1657 1884
1657 1966
1659 1710
1662 1898
1665 1817
1667 1881
1677 1711
1678 1864
1680 1869
1683 1691
1683 1711
1684 1757
1684 1783
1685 1996
1692 1778
1698 1951
1699 1813
1701 1835
1706 1732
1707 1707
1711 1768
1711 1976
1717 1932
1725 1726
1730 1823
1733 1928
1737 1914
1738 1844
1740 1936
1742 1841
1754 1840
1755 1874
1761 1981
1765 1953
1767 1961
1769 1892
1769 1917
1774 1904
1775 1793
1782 1945
1785 1870
1791 1853
1792 1798
1794 1884
1800 1819
1805 1893
1808 1861
1809 1869
1811 1920
1812 1988
1821 1962
1822 1827
1825 1999
1846 1959
1847 1850
1852 1863
1853 1977
1854 1983
1870 1987
1875 1931
1909 1968
1931 1989
1933 1996
1948 1994
