2000
0 585
0 1196
0 1970
1 194
1 283
1 491
1 1118
1 1920
2 92
2 324
2 1042
2 1579
2 1931
3 388
3 714
3 719
3 1652
3 1793
4 139
4 262
4 427
4 655
4 756
4 895
4 974
4 1317
4 1698
5 52
5 128
5 281
5 979
5 1032
5 1096
5 1218
5 1220
5 1561
5 1746
6 278
6 371
6 899
7 162
7 190
7 193
7 542
7 1320
8 279
8 358
8 501
8 1109
8 1123
8 1383
8 1501
9 429
9 992
9 1294
9 1363
9 1784
9 1829
10 1289
11 90
11 187
11 792
11 889
11 1266
12 301
12 469
12 819
12 937
12 1147
12 1491
12 1802
13 168
13 314
13 404
13 507
13 684
13 763
13 936
13 1594
13 1606
14 231
14 495
14 621
14 704
14 1602
14 1855
15 889
15 1047
15 1149
15 1420
15 1656
15 1675
15 1741
16 76
16 231
16 1046
16 1293
16 1751
17 1143
17 1367
17 1758
18 97
18 1913
19 202
19 728
19 868
19 911
19 945
19 1312
19 1364
19 1446
19 1634
19 1670
19 1805
19 1978
20 408
20 655
20 1127
20 1978
21 493
21 583
21 1137
21 1317
21 1653
21 1890
22 211
22 497
22 619
22 625
22 721
22 1018
22 1806
23 282
23 283
23 541
23 853
23 939
23 1488
23 1538
23 1699
23 1739
23 1825
24 81
24 363
24 791
24 1268
24 1291
24 1422
25 658
25 1405
25 1912
26 790
26 897
26 915
26 1016
27 54
27 690
27 809
27 1653
27 1899
28 251
28 992
28 1096
28 1110
28 1115
28 1383
28 1807
28 1913
29 77
29 767
29 1061
29 1135
29 1663
29 1701
29 1985
30 739
30 1440
30 1459
30 1617
30 1689
31 384
31 651
31 945
31 1281
31 1470
31 1625
32 194
32 249
32 326
32 445
32 937
32 1968
33 434
33 632
33 953
33 1158
33 1311
33 1534
34 584
34 654
34 1233
34 1780
35 399
35 961
35 1270
35 1316
36 78
36 176
36 295
36 445
36 885
36 992
37 807
37 1145
37 1393
37 1557
37 1787
38 597
38 961
38 978
38 1183
38 1319
39 940
40 48
40 235
40 538
40 1108
40 1523
40 1844
40 1964
41 367
41 502
41 575
41 883
41 1177
41 1189
41 1194
42 1332
43 1015
44 482
44 506
44 560
44 679
44 894
44 982
44 1047
45 71
45 75
45 615
45 814
45 1665
46 76
46 291
46 292
46 433
46 472
46 572
46 1516
46 1806
47 544
47 1056
47 1751
48 254
48 862
48 926
48 1015
48 1255
48 1634
49 902
49 1193
50 383
50 710
50 749
50 843
50 1230
50 1649
51 351
51 848
51 1095
51 1735
51 1943
52 633
53 474
53 1369
53 1381
53 1650
53 1899
54 82
54 524
54 579
54 1496
55 441
55 697
55 884
55 1297
55 1298
55 1740
56 114
56 440
56 563
56 826
56 928
56 1404
56 1609
56 1882
57 123
57 808
57 1298
57 1349
57 1647
57 1740
58 82
58 220
58 530
58 587
58 962
58 1171
58 1355
58 1479
58 1642
58 1974
59 874
59 1529
59 1731
59 1758
59 1962
60 396
60 717
60 791
60 1356
60 1360
60 1490
60 1707
60 1719
60 1727
60 1737
60 1894
61 337
61 828
61 1033
61 1279
61 1592
61 1836
61 1938
61 1947
62 551
62 1494
62 1898
63 1518
63 1865
63 1972
64 1244
64 1355
64 1388
64 1466
64 1963
65 284
65 891
65 1292
65 1328
65 1613
65 1857
66 357
67 412
67 615
67 660
67 1114
67 1230
67 1308
67 1377
68 278
68 340
68 841
68 1041
68 1388
68 1669
69 220
69 372
69 689
69 1186
69 1415
69 1572
69 1786
69 1908
70 480
70 641
70 693
70 709
70 1007
70 1819
71 220
71 616
71 1505
71 1557
71 1834
72 159
72 914
72 1455
72 1535
72 1623
72 1835
73 1008
73 1436
73 1622
74 726
74 1128
74 1450
74 1709
75 442
75 576
75 931
75 1171
75 1225
75 1312
75 1384
75 1582
75 1795
76 582
76 627
76 732
76 1253
77 785
77 877
77 1015
77 1166
77 1330
77 1559
77 1602
77 1837
77 1988
78 368
78 669
78 945
78 1120
78 1364
78 1372
79 568
79 905
79 1306
79 1360
80 140
80 410
80 1349
81 99
81 260
81 428
81 627
81 648
81 1148
81 1168
82 99
82 519
82 824
82 873
82 1177
82 1385
82 1775
82 1974
83 329
83 518
83 589
83 714
83 715
83 895
83 905
83 1032
83 1470
83 1495
83 1830
84 145
84 166
84 705
84 1063
85 378
85 524
86 231
86 317
86 447
86 490
86 702
86 1549
86 1868
87 415
87 666
87 675
87 1034
87 1860
88 124
88 1323
89 1013
89 1249
89 1418
89 1453
89 1632
90 449
90 1021
90 1237
90 1349
90 1621
90 1964
91 404
91 708
91 1497
91 1585
92 962
92 980
92 1253
92 1738
93 557
93 811
93 1253
93 1298
93 1738
94 189
94 325
94 813
94 1353
94 1643
95 430
95 431
95 872
95 1243
95 1382
96 201
96 541
96 1513
96 1566
97 685
97 860
97 1364
97 1389
97 1558
98 475
98 860
98 963
98 1495
98 1609
98 1705
99 346
99 450
99 585
99 1226
99 1469
100 1267
100 1842
100 1941
101 312
101 408
101 421
101 475
101 1745
101 1778
101 1812
102 154
102 423
102 441
102 692
102 966
102 1216
102 1342
102 1392
102 1671
102 1843
102 1953
103 564
103 567
103 1090
103 1208
103 1350
104 268
104 338
104 453
104 556
104 783
104 1035
104 1107
104 1200
104 1314
104 1384
104 1677
105 344
105 503
105 976
105 1721
105 1996
106 624
106 849
106 953
106 1290
106 1473
107 745
108 225
108 571
108 1286
108 1306
108 1362
108 1545
108 1804
109 316
109 872
109 1050
109 1618
110 411
110 878
110 963
110 1156
110 1854
110 1994
111 599
111 854
111 991
111 1413
111 1760
111 1813
112 524
112 696
112 1190
112 1215
112 1264
112 1332
112 1339
112 1405
112 1642
112 1972
113 347
113 1174
113 1418
114 225
114 329
114 901
114 1900
115 395
115 1026
115 1469
115 1905
116 232
116 504
116 1231
116 1380
116 1393
117 549
117 1323
117 1472
118 578
118 682
118 1072
118 1191
118 1214
118 1720
118 1721
119 251
119 275
119 411
119 1148
119 1947
120 296
120 308
120 438
120 1235
120 1750
121 284
121 997
121 1421
121 1643
121 1892
122 837
122 1628
122 1755
123 185
123 669
123 1618
123 1722
123 1731
123 1964
124 513
124 545
124 758
124 1171
125 868
125 1030
125 1051
125 1141
125 1242
125 1915
125 1969
126 503
126 1676
126 1800
126 1812
127 304
127 1030
127 1081
127 1502
127 1900
128 322
128 437
128 1008
128 1283
128 1617
128 1647
128 1676
128 1809
128 1820
129 202
129 257
129 349
129 865
129 1312
129 1441
129 1521
129 1829
130 179
130 702
130 747
130 1771
130 1790
131 662
131 1124
131 1659
131 1882
132 536
132 1879
133 898
133 1372
133 1672
133 1750
133 1839
133 1889
133 1902
134 562
134 596
134 824
134 1082
134 1258
134 1569
135 179
135 381
135 768
135 1000
135 1133
135 1458
136 230
136 595
136 621
136 1659
136 1703
136 1733
136 1772
136 1950
137 429
137 1464
137 1501
137 1581
137 1747
138 216
138 257
138 1102
139 729
139 942
139 1033
139 1253
139 1755
140 156
140 202
140 232
140 601
140 845
140 1696
141 316
141 322
141 725
141 751
141 1224
141 1311
141 1509
141 1653
142 731
142 924
142 1482
142 1856
143 332
143 374
143 793
143 1363
143 1907
143 1920
144 282
144 496
144 852
144 1586
144 1645
144 1929
145 218
145 694
145 1558
145 1646
145 1791
146 451
146 774
146 1176
146 1621
147 317
147 373
147 1735
147 1969
148 562
148 573
148 1378
148 1495
148 1640
148 1937
149 524
149 1098
149 1347
149 1512
149 1527
149 1528
149 1675
149 1949
150 172
150 764
150 932
150 961
150 1035
150 1043
150 1225
150 1758
151 1008
151 1898
152 287
152 393
152 768
152 1555
152 1848
153 189
153 325
153 409
153 535
153 649
153 823
153 859
153 1104
153 1116
153 1354
153 1448
154 611
154 866
155 307
155 502
155 592
155 1144
155 1660
155 1743
156 835
156 1623
156 1642
156 1784
157 161
157 242
157 299
157 608
157 617
157 939
157 1146
157 1258
157 1595
157 1605
158 503
158 1043
158 1076
158 1345
158 1491
158 1886
159 264
159 1205
159 1414
159 1439
160 268
160 1217
160 1351
160 1986
160 1993
161 331
161 994
161 1926
162 778
162 1072
163 372
163 469
163 884
163 1402
163 1745
163 1944
164 533
164 1799
165 184
165 328
165 376
165 479
165 743
165 1334
165 1821
166 377
166 959
166 1012
166 1013
166 1082
166 1133
166 1401
167 246
167 381
167 478
167 918
168 450
168 968
168 1009
168 1147
168 1215
168 1265
169 412
169 834
169 1836
170 268
170 415
170 980
170 1661
170 1669
171 920
171 1028
171 1358
171 1462
171 1828
172 288
172 378
172 429
172 493
172 904
172 1228
173 395
173 406
173 461
173 466
173 547
173 601
173 758
173 1113
173 1565
173 1874
174 181
174 230
174 256
174 342
174 793
174 1088
174 1655
175 292
175 619
175 663
175 862
175 1132
175 1205
175 1285
175 1414
175 1426
175 1515
176 242
176 324
176 1290
176 1664
176 1781
177 714
177 908
177 963
177 1662
177 1964
178 681
178 1066
179 937
179 1188
179 1539
180 515
180 724
180 1914
181 187
181 328
181 451
181 605
181 1220
181 1382
181 1792
182 347
182 368
182 595
182 901
182 1135
182 1309
183 752
183 1446
183 1650
183 1663
184 310
184 431
184 443
184 447
184 1662
184 1835
185 386
185 577
185 1186
185 1193
185 1332
185 1658
185 1801
186 498
186 799
186 857
186 1236
186 1433
186 1773
186 1801
187 1547
187 1667
187 1684
187 1913
188 206
188 720
188 764
188 1215
188 1298
188 1358
188 1941
189 896
189 965
189 1089
189 1232
189 1689
189 1814
190 745
190 842
190 850
190 1397
190 1456
190 1580
190 1836
191 285
191 527
191 766
191 1066
191 1178
191 1214
191 1231
191 1844
192 1441
192 1574
193 678
193 1988
194 1208
195 531
195 1124
195 1531
195 1938
195 1963
195 1969
195 1970
196 811
196 1548
197 1246
197 1529
197 1894
198 478
198 1512
198 1598
199 1004
199 1038
199 1192
199 1396
199 1597
199 1972
199 1991
200 496
200 765
200 939
200 1113
200 1311
200 1580
200 1770
201 607
201 738
201 1008
201 1459
202 433
202 788
202 1047
202 1062
202 1566
202 1894
203 883
203 961
203 1343
203 1579
203 1603
203 1726
203 1802
203 1852
204 1110
204 1672
205 415
206 244
206 306
206 473
206 581
206 1537
207 361
207 434
207 479
207 582
207 592
207 625
207 882
207 1262
207 1819
208 654
208 698
208 785
208 890
208 1327
208 1494
209 213
209 581
209 865
209 1096
209 1357
209 1966
210 734
210 1290
210 1425
210 1912
210 1961
211 257
211 746
211 928
211 1148
211 1244
211 1954
211 1964
212 711
212 1375
212 1489
213 349
213 565
213 572
213 858
213 1448
213 1614
214 466
214 604
214 659
214 877
214 1891
214 1900
215 249
215 1623
215 1835
216 317
216 357
216 1273
216 1422
216 1462
216 1935
217 471
217 661
217 806
217 1041
217 1131
218 233
218 450
218 1632
218 1920
219 407
219 1109
219 1351
219 1980
220 761
220 917
220 1051
220 1232
221 571
221 586
221 1241
221 1708
222 835
222 1121
222 1258
222 1576
222 1781
222 1866
223 499
223 599
223 929
223 1230
223 1367
223 1510
223 1511
224 416
224 1084
224 1461
224 1822
225 392
225 589
225 1128
226 914
226 1175
226 1946
227 711
227 795
227 1564
228 534
228 798
228 814
228 1330
228 1360
229 1073
229 1290
229 1468
229 1621
230 242
230 593
230 1061
230 1101
230 1318
230 1674
231 752
231 1728
232 727
232 1040
232 1987
233 354
233 1076
233 1193
234 313
234 626
234 958
234 1462
234 1903
235 1187
235 1799
235 1843
235 1895
236 1561
236 1842
237 238
237 1000
237 1481
237 1890
238 361
238 592
238 680
238 1432
239 336
239 393
239 1406
239 1492
239 1497
239 1748
240 664
240 725
240 1080
240 1454
240 1678
241 650
241 664
241 1209
241 1420
241 1447
241 1648
242 377
242 476
242 586
242 994
242 1040
242 1213
242 1866
243 365
243 1154
243 1319
243 1926
244 361
244 869
244 1050
244 1197
244 1974
245 618
245 1140
245 1188
245 1698
245 1998
246 1444
246 1569
246 1821
247 907
248 830
248 1030
248 1337
248 1380
248 1431
248 1585
249 508
249 813
249 887
249 1346
249 1528
249 1604
249 1795
249 1865
250 537
250 1309
250 1900
250 1939
251 575
251 598
251 1069
252 343
252 1202
252 1498
252 1657
252 1859
253 507
253 1153
253 1247
254 804
254 984
254 1313
254 1923
255 568
255 1822
255 1845
255 1876
256 1107
256 1666
257 436
257 1192
257 1314
257 1419
257 1455
257 1658
258 349
258 769
258 1265
258 1567
258 1674
258 1743
258 1806
259 593
259 615
259 623
259 954
259 1106
260 1092
260 1613
261 1069
261 1680
261 1953
262 1980
263 417
263 1531
263 1856
264 1045
264 1411
264 1754
266 1112
266 1401
267 416
267 1500
267 1761
268 368
268 1200
268 1528
269 437
269 542
269 1104
269 1872
269 1874
270 869
270 939
270 978
270 1271
271 542
271 638
271 718
271 988
271 1033
271 1470
272 1015
272 1226
272 1693
273 405
273 571
273 626
273 1700
274 659
274 734
274 999
274 1249
274 1436
275 1728
276 634
276 1017
277 323
277 609
277 848
277 963
277 1589
277 1915
278 473
278 477
278 612
278 674
278 965
278 1286
278 1299
278 1347
278 1496
278 1614
279 421
279 1045
279 1297
279 1513
280 1836
280 1952
281 857
281 1145
282 557
282 1450
282 1481
282 1561
283 328
283 511
283 724
283 1366
283 1474
283 1491
283 1856
283 1908
284 358
284 1092
284 1252
284 1302
284 1879
285 603
285 720
285 783
285 955
285 975
285 1394
285 1625
285 1916
286 1712
287 325
287 428
287 564
287 1396
287 1887
288 934
288 1173
288 1682
289 372
289 504
289 725
289 1095
289 1182
289 1854
290 435
290 486
290 1445
291 358
291 1258
291 1347
291 1860
292 408
292 524
292 558
292 681
292 1141
292 1777
294 310
294 332
294 773
294 821
294 1247
294 1599
295 771
295 793
295 1578
295 1764
295 1983
296 301
296 777
297 679
297 914
297 1251
297 1552
297 1959
298 426
298 445
298 518
298 771
298 896
298 1028
298 1208
298 1322
298 1363
298 1381
299 581
300 537
300 1253
300 1326
300 1435
300 1456
301 588
301 613
301 785
301 804
301 1103
301 1648
302 1126
302 1609
302 1842
303 538
303 617
303 1258
303 1305
303 1625
304 576
305 305
305 471
305 588
305 1159
305 1172
306 894
306 1329
306 1373
306 1396
306 1449
306 1720
306 1741
307 406
307 558
307 1091
308 639
308 760
308 1666
309 1400
309 1538
310 434
310 578
310 834
310 1006
310 1450
311 1028
311 1255
311 1284
312 520
312 547
312 1298
312 1403
313 551
313 1587
313 1770
313 1905
313 1958
314 387
314 442
314 810
314 1153
314 1798
316 400
316 642
316 1379
316 1983
317 392
317 817
317 834
317 1067
317 1273
318 510
318 1351
318 1433
318 1498
318 1926
318 1928
318 1955
319 891
319 982
319 1721
319 1852
320 454
320 716
320 1641
321 824
321 1129
321 1669
322 393
322 847
322 1037
323 1155
323 1236
323 1740
324 607
324 814
324 1026
324 1146
324 1182
324 1530
324 1580
325 464
325 571
325 751
325 771
325 1058
326 956
326 1149
326 1312
326 1434
326 1680
326 1732
326 1920
327 360
327 537
327 1419
327 1452
327 1709
327 1733
327 1769
328 682
328 932
328 1130
328 1296
328 1809
329 839
330 1050
330 1107
330 1188
330 1254
330 1561
330 1876
330 1949
330 1978
331 571
331 644
331 835
331 1210
331 1443
331 1561
331 1828
332 1091
332 1753
333 429
333 1144
333 1199
333 1237
333 1353
334 1832
334 1839
335 362
335 409
335 421
335 699
335 723
335 962
336 507
336 594
337 654
337 1012
337 1774
338 845
338 871
338 896
338 957
338 970
338 1016
338 1253
338 1450
339 676
339 926
339 1169
340 358
340 362
340 629
340 946
340 975
340 1031
340 1096
340 1368
340 1935
341 374
341 446
341 552
341 679
341 689
341 716
341 1437
342 645
342 683
342 1009
342 1792
343 478
343 716
343 777
343 1220
343 1474
343 1948
344 373
344 505
344 837
344 1048
344 1447
345 619
345 1004
345 1460
345 1600
345 1865
346 413
346 424
346 602
346 664
346 887
346 1401
346 1579
346 1758
346 1965
347 750
347 1397
347 1492
347 1509
347 1690
348 508
348 542
348 897
349 369
349 854
349 1033
349 1643
350 1492
351 382
351 875
351 1667
351 1788
352 524
352 733
352 1228
352 1469
352 1632
353 900
353 902
353 1286
353 1291
353 1323
353 1851
353 1880
354 402
354 420
354 738
354 883
355 546
355 1545
355 1842
356 426
356 952
356 1119
356 1471
356 1681
356 1775
356 1922
357 506
357 899
357 1088
357 1602
358 753
358 866
358 902
358 998
358 1171
358 1638
359 362
359 942
359 1138
359 1235
359 1310
359 1619
359 1804
360 372
360 846
360 896
360 1162
361 599
361 858
361 1375
361 1546
361 1618
362 399
362 1269
363 404
363 427
363 741
363 1363
363 1456
363 1513
363 1525
363 1692
363 1729
364 1354
364 1434
364 1572
364 1993
365 561
365 799
365 881
366 366
366 855
366 875
366 1157
366 1178
366 1717
366 1900
367 869
367 876
367 1878
367 1904
368 1298
368 1358
368 1530
368 1621
368 1821
369 533
369 556
369 611
369 1218
369 1454
369 1761
369 1780
370 388
370 1153
370 1254
370 1297
370 1513
371 1097
372 457
372 479
372 1474
372 1681
372 1873
373 667
373 1633
373 1677
374 490
374 641
374 1786
375 697
375 1106
375 1292
375 1574
375 1815
376 620
376 630
376 1162
376 1756
376 1912
377 632
377 794
377 1326
377 1410
378 512
378 723
378 831
378 1213
378 1800
379 772
379 774
379 828
379 1077
379 1433
380 683
381 598
381 756
381 1308
381 1402
381 1842
381 1892
382 596
382 1075
382 1581
382 1883
383 402
383 596
383 973
384 502
384 620
384 1122
384 1194
385 463
385 577
385 1565
386 490
386 802
386 807
386 1143
386 1880
387 692
387 970
387 1305
387 1337
387 1376
387 1421
387 1425
387 1432
388 656
388 951
388 1676
388 1781
389 786
389 1025
390 391
390 988
390 1138
390 1180
390 1449
390 1488
391 463
391 524
391 629
391 855
391 1123
391 1137
391 1262
391 1319
392 858
392 1559
393 1057
393 1369
394 661
394 1500
394 1646
394 1724
394 1991
395 531
395 571
395 754
396 417
396 495
396 810
396 979
396 1150
397 618
397 656
397 1617
397 1718
398 636
398 1436
398 1459
398 1626
398 1984
399 819
399 932
399 1500
399 1528
399 1531
399 1835
400 1131
400 1195
400 1336
400 1965
401 661
401 1206
401 1425
401 1433
401 1749
401 1813
402 618
402 682
402 874
402 1303
402 1424
402 1469
402 1584
402 1711
402 1822
403 432
403 770
403 790
403 1218
403 1453
403 1578
403 1612
404 992
404 1781
405 413
405 677
405 1635
406 690
406 1066
406 1168
406 1229
406 1265
406 1411
406 1570
407 425
407 661
407 1329
407 1358
407 1657
407 1794
407 1804
408 606
408 733
408 1419
409 1170
409 1301
409 1916
410 1141
410 1975
411 426
411 499
411 1187
411 1312
411 1722
412 1579
412 1628
412 1708
413 962
413 1847
413 1958
414 764
414 813
414 825
414 1186
415 1116
415 1640
415 1661
416 517
416 711
416 1094
416 1286
416 1425
416 1852
416 1869
417 583
417 782
417 973
418 571
418 593
418 1617
418 1682
418 1833
419 950
420 940
420 1139
420 1278
420 1408
420 1421
420 1502
420 1757
420 1831
420 1889
421 798
421 875
421 1269
421 1274
421 1725
422 464
422 697
422 899
422 1027
422 1463
422 1515
423 451
423 547
423 612
423 982
423 1225
423 1469
423 1600
423 1885
423 1940
424 453
424 823
424 1081
424 1186
424 1408
425 496
425 717
425 828
425 932
425 970
425 975
426 473
426 541
426 1145
426 1536
426 1905
427 897
427 1102
427 1468
427 1976
428 1342
428 1772
429 1432
429 1541
430 827
430 1170
430 1204
430 1248
430 1267
431 792
431 1425
431 1581
431 1835
432 517
433 487
433 1235
433 1276
434 1195
434 1311
434 1729
434 1870
435 471
435 1133
435 1832
435 1998
436 640
436 774
436 843
436 1289
436 1783
437 938
437 1255
437 1570
437 1630
437 1675
438 792
439 702
439 1067
439 1085
439 1222
439 1396
439 1607
439 1672
439 1675
439 1983
440 1543
440 1719
441 651
441 805
441 829
441 1086
441 1519
442 488
442 536
442 617
442 1808
443 561
443 1263
443 1570
443 1585
443 1633
443 1785
444 537
444 716
444 921
444 1154
444 1297
444 1660
444 1985
445 1736
446 1187
446 1914
447 926
447 1042
447 1162
448 814
448 1370
448 1442
448 1735
448 1921
449 1314
449 1732
450 541
450 647
450 1227
450 1412
451 1583
451 1812
452 1050
452 1322
453 495
453 712
453 895
453 1041
453 1333
453 1487
453 1987
454 802
454 1123
454 1289
455 619
455 832
455 1261
455 1297
455 1389
455 1651
456 1034
456 1742
457 1741
458 538
458 1233
458 1837
458 1838
459 474
459 769
459 1051
459 1132
459 1153
459 1343
459 1563
459 1972
460 973
460 1022
461 775
461 1246
461 1902
462 941
462 1229
462 1634
463 778
463 1160
463 1572
464 602
464 669
464 1372
464 1426
465 536
465 616
465 1176
466 522
466 701
466 1056
466 1064
466 1951
467 895
467 1419
467 1683
467 1817
467 1839
468 678
468 1107
468 1177
468 1228
468 1249
468 1389
468 1641
468 1998
469 511
469 535
469 893
469 1438
469 1679
470 626
470 716
470 932
470 1165
470 1692
470 1924
471 678
471 747
471 802
471 1771
472 609
472 707
472 1342
473 609
473 852
473 1177
473 1199
473 1921
474 736
474 1301
474 1331
474 1444
474 1860
475 622
475 691
475 1268
475 1562
475 1681
475 1961
476 578
476 1418
476 1858
477 761
477 806
477 847
477 942
477 1034
477 1331
477 1985
478 573
478 587
478 824
478 1458
478 1583
478 1631
478 1696
479 812
479 955
479 1506
479 1629
480 685
480 1062
480 1400
480 1585
481 609
481 1220
481 1647
481 1978
482 1173
482 1792
482 1812
483 1307
483 1313
483 1694
483 1972
484 647
484 1007
484 1490
484 1584
485 511
485 610
485 880
485 1742
485 1781
485 1877
485 1997
486 690
486 877
486 1065
486 1090
486 1360
486 1616
486 1897
487 618
487 702
487 745
487 1170
487 1441
487 1455
487 1777
488 1364
489 1272
489 1814
490 943
490 1453
490 1650
490 1977
491 1458
491 1825
491 1920
492 793
492 861
492 1298
493 563
493 803
493 1017
493 1336
493 1359
493 1405
494 556
494 673
494 958
494 1236
494 1507
494 1984
495 781
495 888
495 1193
495 1425
496 593
496 1487
496 1665
497 962
497 1081
497 1104
497 1215
497 1381
497 1407
497 1655
498 708
498 1222
498 1840
499 789
499 833
499 892
499 1070
499 1372
500 665
500 1321
500 1372
500 1594
501 1429
501 1780
502 850
502 889
503 574
503 680
503 684
503 1074
503 1371
503 1470
503 1602
503 1653
503 1735
504 662
504 703
504 1072
504 1340
504 1740
505 647
505 769
505 799
505 1308
506 699
506 1083
506 1104
507 664
507 1107
507 1486
507 1823
507 1948
508 1443
509 650
509 1149
509 1264
509 1845
509 1961
510 1032
510 1568
510 1578
510 1759
510 1815
511 760
511 764
511 1266
511 1403
511 1511
511 1732
511 1787
512 1405
512 1863
513 681
513 964
513 1582
513 1591
514 569
514 1186
514 1733
515 626
515 668
515 706
516 783
516 850
516 879
516 1109
516 1809
517 1294
517 1440
518 696
518 781
518 1362
518 1392
518 1408
518 1623
518 1761
519 580
519 739
519 818
520 1156
520 1227
520 1783
520 1791
521 1341
521 1563
522 1535
522 1634
523 699
523 1031
524 850
524 997
525 873
525 1435
525 1519
525 1727
526 676
526 746
526 862
526 1018
527 540
527 796
527 1109
527 1315
528 913
528 966
528 1331
529 939
529 1067
529 1110
529 1691
530 559
530 1283
530 1320
531 654
531 699
531 807
531 881
531 1177
531 1890
531 1971
532 770
532 805
532 1648
532 1867
532 1948
533 777
533 1415
533 1552
533 1865
534 1065
534 1281
534 1657
534 1905
535 786
535 1200
535 1308
535 1344
535 1855
536 672
536 725
536 750
536 940
536 1030
536 1233
536 1422
536 1612
537 812
537 966
537 1429
537 1511
538 1287
538 1729
539 1841
539 1965
540 835
540 1141
540 1319
540 1366
540 1669
542 569
542 1055
542 1418
542 1729
542 1757
542 1760
542 1814
543 603
543 1533
543 1561
543 1564
544 1022
544 1185
544 1750
544 1807
544 1862
545 626
545 995
545 1146
545 1658
545 1931
546 588
546 1610
547 1156
547 1328
547 1606
547 1863
548 713
548 822
548 929
548 991
548 1941
548 1983
549 646
549 1365
550 612
550 1354
550 1464
550 1602
551 1190
551 1368
551 1442
552 1576
552 1600
552 1827
552 1889
553 604
553 619
554 1251
554 1654
554 1716
554 1851
554 1913
555 748
555 768
555 882
556 786
556 939
556 1105
556 1296
557 910
557 933
557 1843
557 1879
558 1179
558 1216
558 1616
559 740
559 1866
560 676
560 1322
560 1461
560 1563
560 1781
561 750
561 908
561 1302
561 1867
562 1935
563 1087
563 1311
563 1361
563 1429
563 1576
563 1697
563 1788
564 574
564 787
564 941
564 1380
564 1814
564 1926
565 579
565 742
565 847
565 1415
565 1691
565 1987
566 633
566 789
566 1097
567 694
567 732
567 791
567 976
567 1244
568 1091
568 1599
568 1830
568 1919
569 669
569 851
569 1345
569 1673
569 1871
570 1248
570 1341
570 1704
571 1136
571 1307
571 1345
571 1585
572 631
572 1198
572 1533
572 1603
573 1720
574 636
574 665
574 697
574 713
574 1267
575 1269
575 1441
575 1818
575 1858
576 1302
576 1505
576 1805
577 582
577 682
577 1288
577 1486
577 1674
577 1864
577 1873
578 924
578 1082
578 1372
579 672
579 772
579 884
579 1105
579 1218
579 1240
579 1448
579 1513
580 626
580 983
581 1158
581 1432
581 1558
581 1758
582 685
582 1076
582 1204
582 1278
582 1308
582 1420
582 1529
582 1788
583 801
583 1058
583 1437
583 1444
583 1528
583 1943
584 771
584 987
584 994
584 1576
584 1639
585 809
585 1207
586 1400
586 1468
587 1070
587 1114
587 1194
587 1877
588 613
588 1052
588 1182
588 1618
589 1275
590 929
590 1180
590 1313
591 827
591 1107
591 1234
591 1411
592 950
592 1137
592 1841
593 909
593 1520
594 1137
594 1282
594 1396
594 1761
595 606
595 782
595 1177
595 1554
595 1864
596 903
596 947
596 1035
596 1638
596 1771
596 1954
597 858
597 1658
598 1127
598 1354
598 1362
598 1401
598 1621
598 1664
599 973
599 1339
599 1575
599 1663
599 1795
600 1068
600 1996
601 1888
602 1383
602 1684
602 1822
603 628
603 630
603 1698
603 1912
603 1944
603 1991
604 1372
604 1946
605 625
605 651
605 688
605 1115
605 1261
605 1685
605 1926
606 799
606 1306
606 1467
606 1582
606 1740
606 1907
607 1013
607 1090
607 1291
608 630
608 806
609 909
609 1178
609 1258
610 950
610 1087
610 1378
610 1486
610 1501
610 1569
611 1428
611 1680
611 1878
612 1117
612 1432
612 1699
612 1864
612 1875
613 1413
614 738
614 1335
614 1405
614 1493
614 1743
614 1884
615 679
615 776
615 1091
615 1173
615 1392
616 930
616 1196
616 1507
616 1543
616 1693
616 1825
616 1847
616 1934
617 1438
617 1644
618 1438
619 690
619 1991
620 1390
620 1581
620 1680
620 1972
621 821
621 1765
621 1899
621 1920
622 1062
622 1076
623 630
623 777
623 1119
624 695
624 843
624 1101
625 696
625 1037
625 1210
626 647
626 1018
626 1218
627 1062
627 1194
627 1828
628 664
628 893
628 1362
628 1384
629 727
629 1287
629 1522
631 929
631 990
631 1027
631 1716
632 1041
633 1485
633 1699
634 753
634 833
634 917
634 993
634 1079
634 1580
634 1975
635 975
635 1747
635 1785
635 1820
636 809
636 1290
636 1619
636 1713
636 1847
637 866
637 878
637 925
637 930
637 973
637 1709
638 1182
638 1420
639 1485
640 749
640 838
640 1416
640 1448
640 1708
640 1795
641 1511
641 1544
641 1606
641 1716
642 941
642 1126
642 1246
643 879
643 1138
644 778
644 787
644 906
645 1419
645 1510
645 1522
645 1783
646 858
646 977
646 1205
646 1738
646 1764
647 972
647 1465
648 1031
649 656
649 878
649 1054
649 1270
649 1510
649 1981
651 1204
651 1853
651 1956
651 1960
652 810
652 1114
652 1234
652 1648
653 793
653 1299
654 1005
654 1511
654 1535
654 1864
655 757
655 846
655 1491
655 1653
656 1052
657 693
657 880
657 1056
658 1920
659 974
659 1134
659 1617
659 1680
660 939
660 1316
660 1342
660 1837
661 1018
662 1992
663 940
663 1345
663 1355
663 1735
663 1749
663 1774
664 913
664 1078
665 747
665 893
666 824
666 1990
667 855
667 882
667 890
667 989
667 1383
667 1418
667 1480
668 1038
668 1273
668 1725
668 1840
669 1374
669 1505
669 1711
670 883
670 1232
670 1979
671 870
671 1090
671 1505
671 1867
672 1572
672 1622
672 1674
672 1704
673 1147
673 1795
673 1891
674 823
674 1004
674 1200
674 1252
674 1431
674 1670
674 1767
674 1821
675 845
675 1115
675 1142
676 873
676 955
677 1001
678 1421
678 1667
679 1039
679 1459
680 790
680 934
680 1014
680 1157
680 1608
680 1678
681 810
681 946
681 1703
682 688
683 1149
683 1564
684 1844
684 1930
685 1101
685 1385
686 1531
686 1605
686 1611
686 1706
687 846
687 1277
687 1659
688 778
688 818
688 843
688 1074
688 1935
689 1029
689 1079
689 1187
689 1398
689 1478
689 1491
690 1300
690 1738
690 1752
691 1201
691 1205
692 1628
692 1652
692 1695
692 1730
692 1884
693 918
693 1282
693 1562
693 1900
694 755
694 1513
694 1536
694 1920
695 1352
695 1876
695 1879
696 874
696 989
696 1695
696 1914
696 1926
697 710
697 1373
697 1382
697 1992
698 854
698 898
698 908
698 1251
698 1760
699 932
699 1603
700 978
701 902
701 1108
701 1567
701 1723
701 1953
701 1969
702 965
703 942
703 1146
703 1153
704 1510
704 1557
704 1565
705 1627
705 1827
706 862
706 1212
706 1216
706 1580
707 896
707 1144
707 1577
707 1655
707 1949
708 749
708 1378
708 1380
708 1479
708 1684
708 1762
709 1595
710 862
710 1082
710 1410
710 1953
711 729
711 1223
711 1973
712 729
712 900
712 962
712 1480
712 1711
712 1727
713 901
713 1661
714 1505
714 1883
716 1308
716 1825
717 726
717 810
717 918
717 1934
718 944
718 1225
719 1993
720 1376
720 1679
721 1026
721 1116
721 1120
721 1211
721 1849
721 1866
721 1933
722 745
722 923
722 1298
723 776
723 796
723 1304
723 1672
723 1742
724 1615
724 1925
725 1031
725 1422
725 1508
725 1625
725 1711
726 1206
727 1059
727 1066
728 1078
728 1530
728 1665
728 1921
729 1041
729 1065
729 1185
730 795
730 1525
731 751
731 803
731 989
731 1860
732 733
732 1119
732 1361
732 1463
733 920
733 1377
733 1962
734 866
734 1690
735 824
735 1041
735 1240
735 1472
735 1570
735 1976
736 831
736 850
736 933
736 958
736 1045
736 1109
736 1536
736 1643
736 1754
736 1769
736 1862
737 920
737 1192
737 1622
737 1671
737 1842
738 873
738 950
738 1259
739 919
739 1416
739 1771
740 782
740 856
740 984
740 1022
740 1024
740 1331
740 1418
740 1571
741 1049
741 1358
741 1894
741 1910
742 896
742 1343
742 1659
742 1908
743 815
743 1084
743 1315
744 1045
744 1170
744 1269
744 1559
744 1611
744 1694
745 809
746 1295
746 1349
746 1473
746 1581
746 1850
746 1866
746 1932
747 1683
748 951
748 1736
748 1876
750 810
750 1021
750 1155
750 1175
750 1267
750 1737
750 1804
751 845
751 1399
751 1408
753 1001
753 1897
753 1977
754 1938
755 842
755 1028
755 1363
755 1436
755 1480
755 1846
756 1848
758 1303
758 1698
759 933
759 1112
759 1252
759 1255
760 989
760 1663
760 1962
761 1286
762 864
762 1083
762 1530
763 997
763 1470
764 1065
764 1195
764 1442
764 1568
764 1837
764 1977
765 1055
765 1072
765 1080
765 1377
766 1119
766 1458
766 1834
767 1255
767 1370
767 1463
767 1881
767 1886
768 1089
768 1133
768 1509
768 1530
769 1360
769 1542
769 1624
769 1894
769 1899
769 1998
770 821
770 1089
770 1186
770 1303
770 1333
770 1423
770 1538
770 1832
771 1190
772 1018
772 1165
772 1578
773 1202
773 1367
773 1448
773 1465
773 1511
773 1676
774 1061
774 1082
774 1101
774 1305
774 1609
774 1794
774 1849
775 805
775 893
775 1195
775 1638
775 1832
775 1939
776 1228
776 1385
777 1408
777 1544
778 1173
778 1197
778 1661
778 1849
778 1943
779 1523
779 1669
780 862
780 886
780 1097
780 1251
780 1674
781 1842
782 1329
782 1428
783 1079
783 1123
783 1396
783 1718
784 958
784 965
784 1915
785 1414
786 1389
787 1070
787 1120
787 1239
787 1242
787 1413
787 1939
788 1306
788 1480
788 1689
788 1815
789 1550
790 949
790 1472
790 1724
791 844
791 1017
791 1514
792 1172
792 1213
793 1765
794 1104
794 1407
794 1480
794 1665
795 1890
796 1222
796 1325
796 1756
796 1806
797 883
797 1206
798 833
798 977
798 1111
798 1474
798 1855
799 1014
799 1273
799 1808
800 1242
800 1818
801 818
801 1173
801 1357
801 1674
801 1918
802 898
802 1419
802 1472
803 1886
804 1528
804 1917
804 1961
805 1009
805 1134
805 1361
805 1570
806 1053
806 1129
806 1191
806 1872
806 1977
806 1990
807 889
807 1060
807 1546
807 1715
807 1842
807 1844
808 922
808 1835
809 830
809 1495
809 1658
810 1195
810 1886
810 1988
811 844
811 880
811 1615
812 904
812 1093
812 1437
812 1555
812 1926
813 1041
813 1133
813 1483
813 1553
813 1725
813 1734
813 1870
814 822
814 1847
816 1440
816 1749
817 1188
817 1386
818 1724
818 1929
818 1947
818 1967
819 1176
819 1413
819 1829
820 1007
820 1819
821 1477
821 1740
822 887
822 1587
822 1629
823 1288
824 1273
824 1346
824 1403
824 1880
825 1026
825 1262
825 1959
827 913
827 1010
827 1393
827 1625
828 1320
828 1419
828 1631
829 875
829 1484
830 917
830 1070
830 1183
830 1894
831 892
831 1315
831 1599
832 1371
832 1601
832 1607
832 1899
833 1360
833 1463
833 1663
833 1849
834 1268
834 1283
834 1297
834 1366
835 872
835 1146
835 1610
835 1745
835 1917
836 1809
837 867
837 929
837 1655
838 1032
838 1115
838 1898
838 1978
839 1379
839 1499
840 858
841 1185
842 874
842 902
842 1418
843 920
843 1536
843 1753
844 916
844 1223
844 1392
845 871
845 1707
845 1881
846 1060
848 1654
848 1870
849 1037
849 1153
849 1622
849 1658
850 1157
850 1383
850 1434
850 1478
850 1504
850 1806
851 1652
851 1935
851 1954
852 1474
852 1562
852 1631
853 871
853 1171
853 1184
853 1255
853 1558
854 1274
854 1802
855 892
855 1289
855 1363
855 1414
855 1603
856 1025
856 1554
856 1630
857 880
857 1071
857 1151
857 1170
857 1455
857 1838
858 1143
859 1036
859 1958
860 979
860 1004
860 1006
860 1021
860 1449
861 1216
861 1930
862 957
862 1309
862 1998
863 1722
863 1884
863 1912
863 1915
864 1266
864 1380
864 1814
864 1960
865 1336
865 1408
865 1736
866 1188
867 1249
868 1206
868 1803
869 902
869 1015
869 1037
869 1058
869 1185
869 1187
869 1608
869 1889
869 1898
870 1524
871 1253
871 1314
871 1423
871 1637
871 1879
872 899
872 1109
872 1493
872 1610
872 1678
872 1785
873 961
873 1147
873 1476
874 1104
875 1333
875 1562
875 1594
875 1725
876 1059
876 1196
876 1466
876 1644
876 1983
877 1054
878 904
878 1121
878 1638
878 1649
879 1025
879 1316
882 1294
882 1623
883 1401
883 1809
883 1924
883 1961
883 1980
884 904
884 1218
884 1245
884 1591
884 1687
884 1921
885 1650
885 1735
885 1980
887 1018
887 1342
887 1742
887 1980
888 1060
888 1324
888 1789
889 983
889 1329
890 923
890 1524
891 1380
892 999
892 1019
892 1195
892 1937
893 895
893 996
893 1146
893 1253
893 1370
893 1615
893 1690
893 1761
894 906
894 1031
894 1229
895 976
895 1899
895 1936
896 982
897 1007
899 1097
899 1382
899 1737
900 1442
900 1606
901 970
901 1543
901 1926
902 1665
903 1552
903 1637
904 969
904 1488
904 1691
904 1847
905 957
905 1077
905 1377
905 1425
905 1832
905 1848
905 1982
906 1847
906 1892
906 1976
907 935
907 1142
907 1803
908 1177
908 1181
908 1484
908 1866
909 1959
910 957
910 1054
910 1242
910 1404
910 1616
910 1622
910 1722
910 1754
911 1100
911 1398
911 1855
912 959
912 1186
912 1253
912 1495
913 1344
913 1605
913 1770
914 1616
914 1901
915 1551
917 1040
917 1500
918 1198
918 1876
919 1199
919 1233
919 1304
919 1510
919 1851
920 1155
921 1444
921 1593
922 972
922 1013
922 1014
922 1370
922 1503
923 1374
923 1542
923 1634
923 1939
924 1192
925 936
925 1070
925 1092
925 1228
925 1707
925 1857
927 1248
927 1685
927 1693
928 934
928 1350
928 1743
928 1961
929 1425
929 1558
929 1625
930 1214
930 1858
931 1055
931 1065
931 1543
931 1623
931 1998
932 1197
932 1528
932 1744
933 1138
933 1162
933 1422
933 1484
933 1602
933 1855
933 1900
934 1089
934 1175
934 1264
935 1549
935 1640
935 1952
936 1019
936 1057
936 1175
936 1376
936 1385
936 1802
937 1316
938 1153
939 1844
940 970
940 1561
941 951
941 1436
941 1650
942 1171
942 1635
943 1757
944 1349
945 1042
945 1240
945 1572
946 979
946 1276
947 1382
948 977
948 1084
948 1451
948 1997
949 1207
949 1431
949 1510
950 1114
950 1404
950 1426
951 1407
951 1494
951 1607
951 1748
951 1763
951 1896
952 1279
953 1073
953 1153
953 1359
953 1806
953 1973
954 1160
954 1387
954 1905
955 1004
955 1471
956 1017
956 1451
956 1617
957 1036
957 1236
958 1356
958 1505
959 1148
959 1756
959 1813
960 1634
960 1688
960 1712
961 1315
961 1515
961 1762
962 1135
962 1449
962 1747
963 1286
964 1167
964 1571
965 1150
965 1228
965 1850
966 1221
967 1141
967 1461
967 1882
968 1492
968 1614
969 1020
971 1043
971 1969
972 1529
973 1594
973 1914
974 1543
975 1080
975 1946
976 1039
976 1592
976 1992
977 1010
977 1388
977 1447
977 1958
978 1178
978 1256
978 1357
978 1899
979 1124
980 1389
980 1847
980 1955
981 1406
982 1123
982 1268
982 1652
982 1836
983 1520
983 1587
983 1614
984 1123
984 1269
984 1708
984 1768
984 1770
985 1354
985 1449
985 1601
985 1819
985 1920
986 1480
986 1722
986 1794
987 1134
987 1426
987 1529
987 1725
988 1694
989 1452
989 1694
989 1860
990 1483
991 1375
991 1521
992 1933
992 1946
993 1012
995 1714
995 1924
996 1355
996 1364
997 1861
999 1875
1000 1565
1001 1164
1001 1175
1001 1950
1002 1069
1002 1074
1002 1592
1002 1973
1003 1298
1003 1530
1003 1727
1004 1835
1005 1023
1006 1490
1006 1552
1006 1582
1006 1708
1007 1727
1007 1945
1008 1201
1008 1907
1009 1353
1010 1285
1010 1461
1010 1467
1010 1901
1011 1525
1011 1685
1011 1785
1011 1790
1012 1553
1012 1715
1013 1110
1013 1150
1013 1534
1013 1943
1014 1226
1014 1704
1016 1442
1016 1826
1016 1863
1017 1060
1017 1074
1017 1114
1017 1190
1017 1719
1018 1146
1018 1153
1018 1544
1018 1820
1018 1855
1019 1048
1019 1638
1019 1982
1020 1939
1021 1052
1021 1169
1021 1667
1021 1709
1021 1730
1021 1932
1022 1735
1023 1077
1024 1351
1024 1492
1024 1722
1025 1313
1025 1371
1025 1899
1026 1813
1026 1843
1026 1960
1027 1172
1027 1209
1027 1286
1027 1328
1027 1382
1028 1113
1028 1118
1028 1808
1029 1111
1029 1205
1029 1234
1029 1357
1029 1432
1029 1475
1029 1553
1029 1578
1029 1586
1029 1757
1029 1900
1030 1353
1030 1548
1030 1738
1031 1489
1031 1841
1032 1399
1032 1649
1033 1503
1033 1666
1034 1603
1035 1333
1035 1838
1036 1241
1036 1332
1036 1449
1036 1900
1037 1165
1037 1246
1037 1373
1037 1949
1038 1049
1038 1097
1038 1197
1038 1434
1039 1414
1039 1650
1040 1201
1040 1901
1040 1996
1041 1157
1041 1652
1042 1428
1043 1166
1043 1301
1043 1415
1044 1323
1044 1612
1044 1942
1045 1452
1045 1968
1046 1618
1046 1717
1046 1756
1046 1792
1047 1311
1047 1508
1047 1789
1048 1932
1049 1254
1050 1306
1050 1776
1051 1569
1051 1960
1052 1234
1052 1369
1052 1557
1053 1211
1053 1425
1054 1552
1054 1743
1055 1228
1055 1315
1055 1781
1056 1412
1056 1631
1056 1977
1058 1231
1058 1287
1059 1135
1059 1208
1059 1663
1060 1074
1060 1477
1060 1735
1060 1834
1060 1891
1061 1411
1061 1631
1061 1960
1062 1408
1062 1472
1062 1524
1063 1993
1064 1240
1064 1897
1065 1084
1065 1119
1065 1484
1065 1685
1066 1184
1066 1901
1067 1117
1067 1312
1068 1524
1068 1804
1069 1394
1069 1545
1070 1865
1071 1764
1071 1798
1072 1567
1072 1689
1072 1835
1072 1894
1073 1133
1073 1934
1074 1142
1074 1302
1074 1638
1074 1808
1074 1917
1075 1262
1075 1664
1076 1133
1076 1758
1077 1320
1078 1659
1078 1986
1079 1545
1079 1575
1079 1921
1080 1317
1081 1516
1081 1614
1081 1901
1082 1097
1082 1636
1082 1812
1083 1153
1084 1637
1084 1682
1084 1971
1084 1978
1085 1108
1085 1140
1085 1881
1085 1965
1085 1993
1085 1996
1086 1251
1086 1273
1086 1299
1086 1375
1086 1576
1087 1351
1087 1372
1087 1581
1088 1421
1088 1427
1088 1982
1089 1407
1089 1738
1090 1209
1090 1361
1091 1136
1091 1147
1091 1252
1091 1539
1091 1618
1091 1659
1091 1815
1091 1951
1093 1925
1094 1294
1094 1342
1095 1264
1095 1693
1095 1983
1096 1208
1096 1331
1096 1979
1098 1418
1098 1711
1098 1981
1099 1177
1099 1182
1099 1291
1101 1625
1101 1887
1101 1929
1102 1395
1102 1761
1103 1476
1103 1631
1103 1681
1103 1729
1103 1774
1104 1105
1104 1265
1104 1328
1104 1821
1105 1659
1106 1113
1106 1254
1106 1689
1106 1700
1107 1259
1107 1802
1108 1110
1108 1666
1109 1126
1109 1572
1109 1749
1109 1811
1110 1190
1110 1415
1110 1644
1110 1664
1110 1743
1111 1402
1111 1417
1111 1592
1112 1378
1112 1470
1112 1564
1112 1599
1112 1662
1112 1795
1113 1474
1113 1783
1114 1685
1115 1599
1116 1268
1116 1393
1116 1777
1118 1733
1119 1185
1119 1948
1120 1138
1121 1257
1121 1435
1121 1524
1121 1571
1121 1581
1122 1328
1123 1206
1123 1242
1123 1444
1123 1642
1124 1791
1125 1143
1125 1228
1125 1426
1126 1306
1126 1403
1126 1701
1126 1980
1127 1307
1127 1516
1127 1757
1127 1890
1127 1992
1129 1232
1129 1707
1130 1396
1130 1666
1130 1764
1131 1514
1131 1688
1131 1996
1132 1558
1132 1565
1132 1807
1132 1877
1133 1712
1134 1274
1134 1577
1134 1818
1134 1868
1134 1872
1134 1897
1135 1908
1136 1245
1136 1312
1136 1626
1136 1634
1137 1172
1137 1645
1137 1997
1138 1856
1138 1954
1139 1207
1139 1295
1139 1920
1140 1180
1140 1970
1141 1563
1141 1706
1142 1652
1142 1847
1143 1339
1144 1220
1144 1241
1144 1385
1144 1774
1144 1986
1145 1356
1145 1362
1145 1377
1145 1446
1145 1575
1145 1620
1145 1729
1145 1777
1145 1784
1145 1994
1146 1166
1146 1397
1146 1451
1147 1579
1147 1745
1148 1454
1148 1689
1148 1703
1148 1755
1148 1928
1148 1993
1148 1994
1149 1652
1150 1444
1151 1177
1151 1521
1152 1326
1152 1650
1153 1353
1154 1410
1154 1426
1154 1556
1154 1744
1154 1773
1155 1446
1155 1823
1155 1860
1156 1410
1156 1507
1157 1328
1157 1811
1159 1184
1159 1360
1159 1659
1159 1834
1160 1697
1161 1726
1161 1852
1161 1958
1162 1351
1162 1601
1162 1838
1162 1849
1163 1491
1163 1620
1164 1281
1164 1381
1165 1480
1165 1557
1166 1612
1166 1941
1167 1211
1167 1403
1167 1798
1169 1171
1169 1785
1170 1183
1170 1209
1170 1295
1170 1594
1170 1959
1171 1427
1173 1191
1173 1886
1174 1503
1175 1287
1176 1793
1177 1745
1177 1899
1178 1482
1178 1573
1178 1787
1179 1550
1180 1224
1180 1226
1180 1543
1181 1334
1181 1384
1181 1763
1181 1943
1182 1419
1182 1588
1182 1782
1183 1304
1184 1285
1184 1723
1184 1989
1185 1236
1185 1824
1186 1227
1189 1303
1189 1536
1190 1450
1192 1302
1192 1439
1192 1561
1192 1774
1192 1948
1193 1421
1194 1996
1195 1605
1195 1923
1196 1230
1196 1284
1196 1287
1197 1681
1198 1306
1198 1573
1198 1596
1199 1221
1199 1250
1200 1240
1200 1584
1200 1843
1200 1923
1201 1254
1201 1400
1201 1737
1202 1768
1202 1940
1203 1221
1203 1281
1203 1836
1203 1897
1203 1933
1203 1970
1204 1301
1204 1607
1205 1321
1205 1618
1206 1601
1206 1893
1207 1332
1207 1794
1207 1807
1208 1558
1208 1941
1209 1274
1209 1504
1209 1753
1209 1778
1210 1241
1211 1290
1211 1511
1211 1663
1211 1770
1212 1260
1213 1845
1214 1450
1214 1935
1215 1492
1215 1545
1215 1651
1215 1867
1216 1510
1217 1459
1218 1410
1218 1594
1218 1599
1219 1571
1219 1577
1219 1585
1220 1469
1220 1717
1221 1316
1221 1475
1221 1899
1222 1622
1222 1639
1224 1355
1225 1826
1226 1998
1228 1480
1228 1674
1228 1921
1228 1989
1229 1322
1230 1305
1231 1322
1231 1670
1231 1718
1232 1430
1233 1582
1234 1367
1234 1788
1235 1264
1235 1628
1236 1813
1237 1403
1237 1646
1238 1995
1239 1457
1239 1461
1239 1731
1240 1463
1240 1892
1241 1456
1241 1684
1241 1933
1242 1630
1242 1727
1243 1434
1244 1716
1245 1331
1245 1385
1245 1402
1246 1411
1246 1458
1246 1630
1246 1693
1247 1618
1248 1332
1248 1760
1250 1294
1250 1339
1250 1620
1250 1848
1250 1915
1251 1431
1251 1649
1252 1265
1252 1585
1252 1643
1253 1256
1254 1281
1254 1845
1255 1379
1255 1753
1256 1384
1256 1609
1256 1820
1257 1702
1257 1936
1258 1662
1260 1460
1261 1551
1261 1595
1263 1331
1263 1387
1263 1755
1263 1969
1264 1414
1265 1396
1268 1739
1269 1520
1270 1453
1270 1869
1271 1674
1271 1676
1271 1877
1271 1958
1272 1597
1272 1867
1272 1980
1273 1282
1275 1549
1275 1671
1276 1451
1276 1613
1276 1632
1276 1930
1277 1386
1277 1555
1278 1455
1278 1481
1278 1701
1278 1890
1279 1391
1279 1814
1279 1906
1280 1354
1280 1843
1280 1993
1281 1531
1281 1754
1282 1616
1282 1846
1284 1497
1284 1711
1287 1368
1287 1464
1288 1348
1288 1699
1289 1453
1290 1754
1290 1826
1291 1399
1291 1520
1291 1954
1291 1994
1292 1518
1292 1851
1292 1900
1293 1746
1293 1924
1294 1417
1294 1647
1294 1854
1294 1994
1295 1825
1296 1800
1296 1956
1297 1603
1297 1769
1297 1811
1298 1603
1298 1770
1299 1504
1300 1450
1300 1687
1300 1769
1300 1859
1300 1864
1300 1965
1301 1579
1302 1639
1303 1852
1305 1339
1305 1381
1306 1553
1306 1809
1306 1910
1306 1911
1307 1344
1307 1437
1308 1423
1308 1699
1308 1844
1309 1594
1310 1363
1310 1986
1311 1945
1312 1357
1313 1613
1313 1711
1314 1466
1314 1708
1314 1799
1314 1876
1314 1930
1315 1369
1316 1594
1316 1803
1317 1395
1317 1827
1317 1871
1320 1915
1320 1952
1321 1695
1321 1941
1321 1967
1322 1462
1322 1639
1322 1665
1324 1442
1324 1590
1324 1733
1325 1871
1326 1775
1326 1934
1326 1974
1327 1713
1327 1917
1328 1683
1329 1477
1330 1355
1331 1628
1331 1864
1333 1876
1333 1891
1334 1719
1334 1768
1335 1600
1335 1659
1335 1908
1336 1753
1337 1711
1337 1890
1337 1991
1338 1344
1338 1455
1339 1891
1340 1850
1341 1443
1341 1759
1343 1679
1343 1840
1344 1949
1344 1988
1345 1773
1346 1641
1346 1884
1346 1918
1347 1817
1348 1856
1348 1962
1350 1511
1350 1725
1350 1796
1351 1559
1351 1916
1352 1447
1352 1609
1352 1781
1353 1479
1353 1930
1354 1763
1355 1541
1355 1886
1357 1765
1358 1437
1358 1669
1358 1922
1359 1813
1359 1924
1360 1416
1360 1659
1361 1721
1361 1908
1362 1390
1363 1710
1363 1724
1363 1790
1363 1881
1364 1695
1365 1843
1366 1522
1366 1937
1367 1402
1367 1405
1367 1432
1367 1841
1368 1512
1368 1700
1369 1939
1369 1952
1371 1762
1371 1873
1373 1528
1373 1551
1375 1588
1375 1619
1376 1774
1377 1824
1378 1657
1380 1828
1382 1571
1384 1666
1384 1835
1384 1968
1386 1463
1386 1719
1387 1522
1387 1664
1387 1675
1388 1566
1389 1568
1390 1748
1391 1949
1392 1890
1393 1921
1394 1536
1395 1584
1396 1448
1396 1700
1396 1891
1397 1968
1399 1829
1400 1493
1400 1614
1400 1826
1400 1930
1400 1963
1401 1787
1403 1731
1403 1790
1404 1815
1407 1573
1407 1712
1407 1828
1407 1901
1408 1808
1409 1413
1409 1547
1409 1560
1409 1567
1409 1670
1410 1550
1410 1679
1411 1555
1411 1696
1411 1773
1411 1907
1413 1523
1415 1960
1416 1498
1416 1567
1416 1714
1416 1995
1417 1760
1418 1472
1419 1600
1419 1670
1420 1460
1420 1574
1421 1529
1421 1732
1421 1869
1422 1458
1422 1858
1424 1871
1425 1574
1425 1705
1426 1502
1426 1701
1427 1667
1427 1787
1429 1648
1429 1675
1430 1695
1430 1753
1430 1949
1431 1458
1432 1544
1433 1663
1433 1790
1433 1926
1434 1736
1434 1923
1436 1589
1436 1651
1436 1920
1436 1960
1437 1553
1437 1660
1438 1585
1439 1458
1439 1795
1440 1583
1440 1692
1441 1849
1443 1486
1443 1596
1444 1700
1445 1729
1446 1955
1447 1734
1449 1963
1450 1563
1452 1472
1452 1484
1454 1895
1454 1904
1455 1936
1456 1802
1456 1836
1456 1848
1457 1646
1458 1993
1459 1714
1459 1967
1460 1874
1465 1697
1465 1744
1465 1787
1466 1489
1466 1533
1467 1851
1467 1990
1468 1668
1468 1705
1468 1882
1468 1905
1469 1756
1469 1936
1469 1942
1470 1909
1471 1922
1472 1565
1472 1597
1473 1520
1473 1707
1475 1977
1476 1692
1476 1846
1476 1848
1476 1942
1477 1632
1477 1930
1477 1977
1480 1857
1480 1878
1481 1826
1482 1536
1482 1540
1482 1870
1483 1823
1483 1917
1484 1701
1484 1891
1485 1530
1486 1929
1487 1550
1488 1968
1489 1548
1490 1660
1491 1586
1491 1969
1492 1502
1492 1546
1493 1609
1494 1548
1494 1837
1497 1867
1497 1924
1498 1843
1498 1858
1500 1689
1500 1868
1500 1989
1501 1604
1501 1956
1502 1940
1502 1950
1503 1676
1504 1754
1504 1839
1504 1991
1505 1798
1505 1875
1506 1509
1506 1694
1506 1741
1507 1636
1507 1649
1507 1940
1508 1529
1508 1586
1508 1799
1509 1729
1509 1836
1510 1917
1511 1882
1512 1736
1512 1994
1513 1668
1514 1629
1515 1535
1516 1601
1517 1885
1518 1622
1518 1972
1519 1750
1520 1741
1521 1564
1521 1774
1521 1952
1522 1543
1522 1688
1522 1840
1523 1974
1524 1598
1525 1806
1525 1979
1525 1986
1526 1918
1526 1964
1527 1780
1527 1972
1528 1568
1528 1632
1528 1891
1529 1990
1530 1565
1531 1896
1532 1584
1532 1956
1534 1901
1535 1996
1536 1551
1538 1928
1541 1904
1542 1749
1542 1835
1543 1743
1545 1691
1545 1777
1546 1575
1546 1778
1546 1946
1547 1603
1547 1821
1549 1723
1551 1774
1551 1847
1551 1872
1552 1586
1552 1710
1553 1691
1553 1771
1554 1689
1555 1778
1556 1785
1556 1992
1557 1711
1557 1851
1557 1876
1561 1937
1562 1874
1563 1596
1563 1658
1563 1676
1564 1721
1565 1582
1565 1604
1565 1889
1566 1590
1567 1761
1567 1867
1567 1934
1568 1617
1568 1733
1568 1902
1569 1668
1570 1703
1570 1728
1574 1687
1574 1870
1575 1761
1575 1919
1576 1612
1577 1601
1577 1864
1580 1686
1581 1669
1581 1818
1582 1848
1584 1932
1585 1686
1585 1946
1588 1728
1590 1764
1590 1994
1593 1635
1596 1793
1596 1948
1598 1698
1598 1847
1598 1929
1599 1749
1600 1970
1601 1711
1601 1839
1602 1830
1603 1685
1603 1809
1604 1619
1605 1670
1605 1884
1607 1829
1608 1846
1609 1715
1609 1966
1610 1626
1611 1722
1612 1923
1613 1733
1613 1758
1613 1849
1614 1677
1615 1813
1617 1628
1620 1688
1623 1818
1623 1838
1623 1978
1625 1698
1626 1764
1626 1974
1628 1757
1628 1935
1630 1882
1631 1712
1634 1692
1635 1994
1636 1647
1636 1872
1638 1797
1638 1872
1641 1702
1642 1994
1643 1705
1643 1786
1643 1879
1644 1681
1644 1763
1644 1801
1645 1747
1646 1733
1647 1951
1649 1654
1650 1783
1650 1875
1651 1687
1652 1811
1653 1700
1653 1911
1654 1668
1654 1906
1654 1931
1656 1687
1656 1716
1658 1838
1658 1847
1659 1678
1661 1739
1662 1808
1662 1816
1663 1981
1670 1695
1671 1810
1673 1728
1673 1908
1673 1998
1683 1908
1683 1922
1685 1743
1688 1720
1688 1987
1689 1746
1689 1850
1689 1914
1690 1945
1691 1805
1692 1804
1694 1703
1694 1719
1694 1808
1696 1855
1698 1911
1699 1808
1699 1987
1700 1729
1702 1813
1711 1734
1711 1979
1718 1745
1718 1766
1718 1795
1718 1901
1718 1968
1721 1897
1722 1767
1722 1885
1724 1791
1724 1937
1725 1759
1725 1923
1726 1891
1730 1884
1731 1741
1731 1879
1732 1853
1732 1959
1733 1773
1734 1981
1735 1905
1736 1834
1737 1937
1739 1957
1740 1781
1740 1796
1750 1803
1753 1884
1754 1990
1754 1991
1755 1808
1758 1911
1758 1955
1762 1910
1766 1924
1767 1900
1769 1780
1769 1966
1770 1795
1770 1842
1771 1862
1772 1973
1773 1837
1773 1972
1775 1822
1775 1934
1777 1789
1777 1887
1779 1813
1779 1869
1780 1833
1781 1989
1782 1805
1782 1838
1782 1995
1785 1885
1785 1891
1786 1840
1788 1826
1790 1879
1795 1868
1798 1835
1799 1900
1800 1917
1800 1933
1808 1826
1808 1903
1813 1891
1816 1850
1817 1834
1819 1835
1819 1884
1824 1871
1824 1888
1826 1925
1826 1926
1827 1831
1827 1960
1832 1910
1834 1947
1836 1961
1837 1993
1840 1918
1841 1907
1841 1978
1843 1872
1844 1924
1844 1983
1845 1954
1847 1946
1849 1866
1850 1891
1854 1950
1856 1897
1857 1988
1858 1871
1859 1962
1861 1913
1861 1922
1863 1922
1864 1932
1864 1950
1870 1953
1871 1887
1879 1919
1879 1996
1881 1977
1887 1917
1888 1969
1892 1925
1897 1963
1897 1974
1899 1905
1900 1987
1906 1912
1909 1938
1912 1930
1916 1966
1921 1940
1932 1940
1933 1965
1935 1958
1935 1968
1935 1977
1944 1945
1954 1984
1959 1996
1989 1989
