2000
0 257
0 686
0 711
0 839
0 1059
0 1118
0 1329
0 1353
1 97
1 361
1 387
1 559
1 880
1 1591
2 46
2 169
2 357
2 491
2 645
2 667
2 1759
2 1800
3 832
3 839
3 993
3 1119
4 282
4 319
4 908
4 1047
4 1149
5 139
5 352
5 509
5 537
5 540
5 552
5 1134
5 1321
5 1349
5 1352
5 1929
6 134
6 891
6 1300
6 1769
7 232
7 616
7 752
7 784
7 1210
7 1340
7 1385
8 820
8 863
8 1774
9 84
9 359
9 780
9 798
9 1307
9 1533
9 1774
9 1793
10 94
10 158
10 239
10 727
10 767
10 874
10 1008
10 1575
10 1645
11 250
11 682
11 1351
11 1383
11 1522
12 288
12 1023
12 1239
12 1299
12 1931
13 246
13 814
13 1215
13 1272
13 1386
13 1547
13 1572
13 1646
13 1798
13 1932
14 154
14 241
14 370
14 539
14 1099
14 1154
14 1259
14 1429
14 1601
14 1982
15 33
15 1104
15 1582
15 1670
15 1799
16 51
16 496
16 561
16 972
16 1222
16 1277
16 1320
16 1331
16 1348
16 1771
16 1862
17 481
17 574
17 677
17 1125
17 1171
17 1241
17 1302
18 36
18 469
18 1180
18 1226
18 1931
18 1991
19 586
19 1174
19 1302
19 1378
19 1643
19 1704
20 198
20 289
20 625
20 652
20 861
20 996
20 1683
20 1897
21 21
21 364
21 504
21 1667
22 106
22 896
22 1458
22 1580
22 1650
22 1752
23 52
23 737
23 815
23 980
23 1285
23 1672
24 83
24 332
24 445
24 810
24 929
24 1024
24 1485
24 1543
24 1826
24 1845
24 1949
25 149
25 240
25 566
25 589
25 989
25 1206
25 1848
26 80
26 515
26 1035
26 1474
27 565
27 962
27 966
27 1029
27 1127
27 1851
27 1854
28 29
28 80
28 317
28 432
28 447
28 1054
28 1387
28 1723
28 1801
29 39
29 66
29 71
29 76
29 110
29 241
29 891
29 1018
29 1679
29 1737
29 1762
30 396
30 716
30 761
30 1079
30 1558
30 1901
30 1969
31 287
31 1311
31 1437
31 1476
32 159
32 801
32 949
32 1669
32 1784
32 1852
32 1986
33 188
33 243
33 950
33 973
33 1132
33 1765
34 188
34 242
34 251
34 455
34 1438
34 1456
34 1615
34 1748
34 1881
35 354
35 892
35 1447
35 1464
35 1519
35 1676
36 139
36 203
36 382
36 804
36 864
36 1063
36 1225
36 1259
36 1640
36 1771
36 1879
37 377
37 1090
37 1551
37 1796
37 1808
38 241
38 429
38 717
38 1685
38 1862
38 1895
39 411
39 948
39 1023
39 1201
39 1255
39 1296
39 1514
39 1790
40 374
40 527
40 868
40 1165
40 1246
40 1668
40 1703
41 818
41 1157
42 473
42 659
42 1442
42 1784
42 1851
43 158
43 250
43 1010
43 1194
43 1470
43 1886
44 595
44 1007
44 1139
44 1668
45 434
45 514
45 532
45 852
45 953
45 1263
45 1525
45 1577
46 358
46 617
46 699
46 1258
46 1602
46 1723
46 1933
46 1972
47 737
47 1145
47 1520
47 1594
47 1642
47 1699
48 193
48 942
48 989
48 1021
48 1325
48 1449
48 1643
48 1714
48 1831
49 428
49 506
49 637
49 754
49 920
49 1003
49 1291
49 1658
49 1710
49 1715
50 447
50 914
50 1269
50 1520
50 1833
51 220
51 308
51 716
51 907
51 954
51 1028
51 1205
51 1537
51 1676
51 1726
52 88
52 588
52 1199
52 1795
53 1085
53 1126
53 1163
53 1330
53 1638
53 1947
54 234
54 311
54 646
54 674
54 677
54 1112
54 1170
54 1537
54 1697
54 1774
55 193
55 221
55 224
55 348
55 394
55 564
55 1043
55 1504
55 1656
55 1781
55 1950
56 682
56 708
56 1105
56 1152
56 1156
56 1227
56 1333
56 1709
56 1750
56 1834
56 1886
57 59
57 605
57 617
57 989
57 1387
57 1608
57 1637
57 1983
58 291
58 375
58 523
58 945
58 964
58 1378
58 1475
58 1483
59 299
59 527
59 784
59 927
59 1352
59 1374
59 1437
60 535
60 1031
60 1104
60 1428
61 209
61 220
61 393
61 671
61 1435
62 477
62 683
62 808
62 1182
63 559
63 938
63 1043
63 1594
63 1762
63 1872
64 655
64 746
64 1085
64 1560
64 1897
64 1984
65 705
65 779
65 1249
65 1565
65 1814
65 1841
65 1848
65 1877
66 227
66 625
66 1007
66 1030
66 1290
66 1353
66 1365
66 1835
67 118
67 454
67 495
67 564
67 610
67 758
67 803
67 928
67 1086
67 1565
67 1681
67 1776
67 1810
68 647
68 696
68 1230
68 1252
68 1477
68 1793
68 1917
68 1955
69 383
69 582
69 598
69 757
69 875
69 1145
69 1359
69 1906
70 414
70 474
70 595
70 1043
70 1833
70 1907
71 311
71 351
71 420
71 916
71 1441
71 1562
72 223
72 892
72 1226
72 1360
72 1401
72 1660
73 133
73 163
73 202
73 703
73 815
73 1455
73 1610
74 472
74 499
74 667
74 916
74 1663
74 1932
75 460
75 1161
75 1454
75 1502
75 1732
76 218
76 274
76 442
76 471
76 967
76 1305
76 1445
76 1493
76 1685
76 1749
77 384
77 765
77 1604
78 1180
78 1194
78 1296
78 1707
78 1856
79 362
79 430
79 480
79 685
79 1355
79 1640
79 1934
79 1941
80 722
80 925
80 1342
80 1754
80 1855
81 350
81 564
81 850
81 1078
81 1103
81 1208
81 1452
81 1463
81 1501
81 1537
81 1615
82 380
82 664
82 885
82 906
82 1034
82 1693
82 1905
83 681
83 911
83 1259
83 1355
83 1430
83 1600
83 1781
84 147
84 296
84 625
84 742
84 1470
84 1546
84 1895
85 189
85 230
85 382
85 455
85 490
85 687
85 763
85 951
85 975
85 1011
85 1190
85 1405
85 1573
85 1737
86 130
86 938
86 953
86 1819
86 1986
87 163
87 198
87 253
87 269
87 420
87 823
87 1061
87 1333
87 1974
88 595
88 777
88 935
88 941
88 1014
88 1110
88 1137
88 1372
88 1507
88 1534
89 214
89 288
89 511
89 574
89 1871
90 193
90 1041
90 1070
90 1303
91 1724
92 296
92 805
92 831
92 930
92 1116
92 1160
92 1209
92 1368
93 156
93 346
93 559
93 866
93 1015
93 1044
93 1433
93 1816
93 1954
94 379
94 533
94 805
95 574
95 613
95 762
95 1212
95 1544
95 1798
96 504
96 1569
96 1682
96 1786
96 1791
96 1846
96 1892
97 1637
97 1700
97 1902
98 257
98 406
98 950
98 1058
98 1256
98 1710
99 341
99 535
99 682
99 891
99 975
99 1175
99 1277
99 1901
100 285
100 314
100 387
100 466
100 743
100 1001
100 1689
100 1915
101 1265
101 1346
101 1401
101 1957
102 372
102 407
102 840
102 1025
103 451
103 569
103 986
103 1198
103 1349
103 1452
103 1465
104 295
104 348
104 402
104 1396
105 182
105 227
105 280
105 391
105 728
105 1573
105 1846
106 180
106 423
106 438
106 981
106 1900
107 216
107 553
107 832
107 940
107 1096
107 1104
107 1189
107 1585
107 1686
108 490
108 653
108 1452
108 1561
108 1616
108 1844
109 363
109 584
109 713
109 823
109 954
109 1643
110 1029
110 1125
110 1523
110 1634
110 1899
111 467
111 601
111 713
111 846
111 881
111 905
111 1002
111 1912
112 181
112 216
112 540
112 794
112 844
112 851
112 904
112 960
112 1715
112 1731
113 305
113 409
113 1742
114 385
114 756
114 1033
114 1346
114 1917
115 471
115 686
115 780
115 1238
115 1807
115 1870
116 497
116 540
116 839
116 1904
116 1949
116 1954
116 1981
117 211
117 284
117 444
117 512
117 856
117 1043
117 1959
117 1982
118 305
118 387
118 590
118 678
118 1007
118 1223
118 1764
119 237
119 940
119 1020
119 1143
119 1294
119 1785
119 1891
120 299
120 352
120 400
120 621
120 684
120 815
120 1151
120 1537
120 1649
121 1062
121 1288
121 1472
122 1208
122 1230
122 1300
122 1680
122 1835
123 690
123 718
123 1047
123 1127
123 1232
123 1301
123 1436
123 1473
123 1774
124 335
124 438
124 538
124 542
124 1840
125 389
125 556
125 907
126 424
126 559
126 638
126 801
126 1716
126 1834
127 1886
128 287
128 565
128 614
128 792
128 1156
128 1491
129 500
129 595
129 796
129 1075
129 1278
129 1351
129 1409
129 1571
129 1697
129 1765
130 613
130 766
130 870
131 915
131 1012
131 1329
131 1622
132 1377
132 1607
132 1718
133 686
133 1231
133 1721
133 1791
133 1969
134 192
134 280
134 424
134 1324
134 1352
134 1355
134 1499
135 254
135 432
135 1846
135 1886
135 1988
136 241
136 304
136 312
136 391
136 456
136 790
136 986
136 1302
136 1352
136 1450
136 1884
137 342
137 1153
137 1270
137 1527
137 1537
138 247
138 349
138 1233
138 1321
138 1379
138 1509
138 1905
139 363
139 727
139 732
139 1105
139 1177
139 1282
140 429
140 1197
140 1324
141 788
141 1398
141 1457
141 1650
141 1830
142 357
142 358
142 385
142 388
142 769
142 865
142 1150
142 1314
142 1822
143 861
143 1358
143 1660
143 1692
143 1728
143 1893
143 1910
144 579
144 667
144 824
145 369
145 794
145 979
145 1041
145 1290
145 1541
145 1561
145 1943
146 418
146 608
146 645
146 894
146 1223
146 1454
146 1659
146 1943
147 437
147 507
147 554
147 782
147 1272
148 788
148 1042
148 1721
148 1789
148 1875
149 320
149 382
149 414
149 666
149 1334
149 1382
149 1387
149 1586
149 1588
150 469
150 981
150 1356
151 527
151 1216
151 1392
152 859
152 1402
152 1533
152 1587
152 1602
152 1623
152 1770
153 158
153 606
153 695
153 727
153 778
153 992
153 1133
153 1237
153 1273
153 1352
153 1851
154 502
154 598
154 773
154 791
154 1287
154 1310
154 1386
154 1573
154 1642
154 1795
155 438
155 794
155 1280
156 678
156 1020
156 1468
156 1606
156 1784
157 472
157 693
157 1016
157 1066
157 1371
157 1790
158 222
158 582
158 881
158 965
158 1281
158 1439
158 1910
159 824
159 1573
159 1901
160 368
160 425
160 586
160 700
160 1077
160 1266
160 1272
160 1499
161 266
161 337
161 518
161 603
161 1072
161 1698
162 574
162 833
163 559
163 691
163 839
163 1456
163 1526
163 1768
163 1798
163 1975
163 1994
164 648
164 803
164 1215
164 1581
165 265
165 430
165 469
165 575
165 667
165 770
165 1028
165 1272
165 1679
165 1762
165 1811
165 1862
166 482
166 1297
166 1425
166 1631
166 1919
167 445
167 455
167 517
167 686
167 708
167 1008
167 1357
167 1898
168 181
168 249
168 713
168 1464
169 224
169 1263
169 1601
169 1675
170 216
170 259
170 345
170 516
170 1066
170 1109
170 1721
170 1791
171 369
171 567
171 589
171 947
171 1358
171 1832
171 1925
172 343
172 419
172 688
172 1071
173 394
173 521
173 1409
173 1414
174 284
174 357
174 418
174 693
174 707
174 1079
174 1387
174 1520
175 213
175 360
175 697
175 699
175 742
175 898
175 1162
175 1549
175 1782
176 290
176 927
176 1016
176 1064
176 1363
176 1566
177 505
177 982
177 1005
177 1087
177 1386
177 1533
177 1678
178 308
178 318
178 450
178 578
178 620
178 778
178 812
178 915
178 1081
178 1405
178 1426
178 1889
179 493
179 523
179 1664
179 1666
179 1701
179 1920
179 1967
180 426
180 443
180 699
180 822
180 879
180 1007
180 1497
180 1570
180 1735
180 1929
181 264
181 347
181 865
181 969
181 1063
181 1723
181 1841
182 612
182 881
182 1279
182 1335
182 1959
183 604
183 1061
183 1298
183 1924
184 360
184 536
184 945
184 1180
184 1301
184 1671
184 1973
185 430
185 440
185 508
185 667
185 913
185 1514
185 1717
186 326
186 623
186 864
186 1313
187 721
187 783
187 1132
187 1199
187 1256
187 1397
187 1435
188 267
188 537
188 870
188 939
188 992
188 1109
188 1540
188 1570
188 1628
188 1845
189 253
189 1226
189 1763
190 200
190 368
190 832
190 855
190 1137
190 1419
190 1647
190 1947
191 341
191 367
191 613
191 661
191 716
191 1822
192 973
192 1484
192 1925
193 961
193 1156
193 1161
193 1707
193 1727
194 233
194 381
194 645
194 892
194 953
194 989
194 1192
194 1257
194 1294
194 1659
194 1721
194 1837
194 1907
195 790
195 877
195 982
195 1189
195 1671
196 331
196 587
196 696
196 777
196 824
196 1543
196 1611
196 1863
197 208
197 223
197 356
197 1321
197 1348
197 1832
198 299
198 1036
198 1081
198 1390
199 404
199 463
199 666
199 848
199 1109
199 1368
199 1373
199 1604
200 325
200 523
200 599
200 1041
200 1327
200 1374
200 1555
200 1708
200 1836
201 652
201 1110
201 1921
202 682
202 695
202 877
202 1377
202 1620
202 1753
203 432
203 1243
203 1311
203 1506
203 1835
204 293
204 338
204 1134
204 1598
204 1897
205 561
205 613
205 825
205 1460
205 1553
205 1622
205 1660
205 1760
206 833
207 542
207 758
207 888
207 977
207 1095
207 1367
208 209
208 482
208 681
208 901
209 336
209 1340
210 285
210 367
210 691
210 1045
210 1078
210 1606
210 1664
211 327
211 483
211 550
211 706
211 1977
212 332
212 476
212 1241
212 1488
212 1781
213 710
213 765
213 1469
214 366
214 658
214 1334
214 1472
214 1733
215 577
215 1068
215 1207
215 1304
215 1407
216 468
216 1236
216 1713
216 1834
217 296
217 769
217 1252
217 1984
218 327
218 521
218 951
218 1370
218 1426
218 1590
219 255
219 821
219 1822
219 1923
220 1531
220 1809
220 1819
221 484
221 707
221 848
221 1533
221 1574
221 1986
222 246
222 535
222 569
222 1469
223 252
223 266
223 340
223 739
223 1638
224 1126
224 1485
225 1107
225 1165
225 1351
225 1765
225 1971
226 336
226 825
226 974
226 1203
226 1505
227 452
227 683
227 776
227 1366
228 633
228 742
228 781
228 959
228 1265
228 1405
229 946
229 1429
230 275
230 374
230 442
230 621
230 950
230 1441
230 1810
230 1812
231 830
231 902
231 961
231 1499
231 1984
232 277
232 316
232 338
232 469
232 588
232 720
232 850
232 1537
233 260
233 983
233 1066
233 1792
233 1810
234 738
234 945
234 1006
234 1040
234 1699
235 276
235 730
235 1212
235 1235
235 1452
235 1745
236 287
236 423
236 814
236 1332
236 1562
236 1623
236 1713
237 1049
237 1769
238 303
238 602
238 739
238 1766
239 239
239 483
239 1011
239 1025
239 1274
239 1478
239 1579
239 1659
239 1992
240 289
240 1167
240 1278
240 1311
240 1331
241 495
241 613
241 671
241 884
241 1046
241 1117
241 1547
241 1635
242 546
242 1570
242 1970
242 1999
243 778
243 826
243 992
243 1083
243 1153
243 1558
243 1806
243 1877
243 1901
244 269
244 394
244 442
244 798
244 1300
245 307
245 369
245 902
245 1282
245 1866
246 376
246 696
246 1394
246 1818
246 1966
247 581
247 1345
247 1536
247 1700
247 1753
247 1959
248 264
248 1282
248 1489
248 1621
249 408
249 713
249 996
249 1730
250 624
250 634
250 669
250 857
250 897
250 960
250 1505
250 1713
250 1811
250 1816
251 399
251 428
251 497
251 648
251 902
251 918
251 1302
251 1382
251 1584
251 1826
252 739
252 860
252 864
252 1411
252 1737
253 547
253 651
253 828
253 1475
253 1661
254 444
254 1001
254 1097
254 1238
254 1443
254 1450
254 1676
255 294
255 583
255 773
255 951
255 980
255 1319
255 1774
256 351
256 711
256 761
256 1051
256 1328
256 1410
256 1617
256 1685
257 396
257 433
257 535
257 1817
257 1859
257 1880
257 1887
257 1890
258 350
258 579
258 833
258 835
258 1015
258 1088
258 1096
258 1596
258 1815
259 672
259 1191
260 1366
260 1479
261 571
261 1020
261 1053
261 1348
262 375
262 902
262 1082
262 1656
263 987
263 1194
263 1248
264 651
264 833
264 1744
265 456
265 462
265 487
265 654
265 846
265 1520
265 1747
266 321
266 481
266 585
266 783
266 987
266 989
266 1043
266 1778
266 1895
267 282
267 364
267 654
267 917
267 918
267 1419
267 1501
267 1823
267 1923
268 308
268 427
268 550
268 1191
268 1439
268 1642
268 1859
269 401
269 737
269 1300
269 1488
269 1924
270 1004
270 1279
270 1685
270 1874
270 1894
271 549
271 580
271 783
271 889
271 1257
271 1402
271 1568
271 1598
271 1610
271 1712
271 1723
271 1894
272 353
272 379
272 419
272 656
272 1113
272 1197
272 1571
273 342
273 690
273 1046
273 1268
273 1756
273 1842
274 296
274 386
274 523
274 825
274 1074
274 1423
274 1424
274 1533
274 1649
274 1810
275 1195
275 1279
275 1613
275 1641
275 1696
275 1935
276 529
276 676
276 794
276 938
276 1034
276 1212
276 1237
276 1541
277 445
277 1099
277 1131
277 1221
277 1477
277 1585
278 606
278 729
278 927
278 1383
278 1476
278 1583
278 1659
279 1256
280 514
280 885
280 1105
280 1369
280 1384
280 1491
281 367
281 401
281 486
281 563
281 650
281 770
281 881
281 954
281 988
281 1001
281 1050
281 1819
282 557
282 586
282 685
282 947
282 1127
282 1321
282 1812
283 578
283 661
283 1216
283 1542
283 1829
283 1842
283 1999
284 661
284 803
284 867
284 1095
284 1275
284 1515
285 358
285 957
285 1283
286 1071
286 1132
286 1167
286 1495
286 1677
287 642
287 711
287 901
287 923
287 1086
287 1296
288 420
288 521
288 636
288 1217
288 1624
288 1805
288 1898
288 1904
289 576
289 756
289 924
289 982
289 1518
289 1594
290 538
291 389
291 750
291 848
291 1308
291 1505
291 1923
291 1990
292 474
292 674
292 995
292 1215
292 1648
292 1894
293 592
293 1072
293 1081
293 1272
293 1320
293 1566
293 1973
294 400
294 632
294 720
294 1027
294 1354
294 1449
295 832
295 858
295 1260
295 1720
295 1958
296 316
296 870
296 1334
296 1606
296 1662
297 427
297 751
297 1087
297 1293
297 1454
297 1496
297 1791
297 1954
298 338
298 349
298 870
298 1727
299 303
299 571
299 895
299 988
299 1840
300 894
300 981
300 1150
300 1483
300 1761
301 521
301 889
301 911
301 1704
302 567
302 986
302 1001
302 1264
302 1461
302 1884
302 1963
302 1983
303 315
303 697
303 717
303 915
303 1165
303 1323
303 1566
303 1884
303 1889
304 1058
304 1214
305 385
305 819
305 821
305 1064
305 1492
305 1494
306 525
306 1455
306 1489
307 698
307 842
307 1390
307 1401
307 1704
307 1897
307 1966
308 585
308 1099
308 1371
308 1524
308 1788
309 387
309 1265
309 1478
309 1873
309 1946
310 1108
310 1197
310 1206
310 1365
310 1381
310 1708
310 1896
311 1284
311 1319
311 1493
311 1878
312 990
312 1512
312 1641
313 660
313 760
313 963
313 1129
313 1227
313 1720
313 1961
313 1991
314 678
314 773
315 418
315 796
315 1270
315 1784
315 1933
316 936
316 1596
316 1678
316 1883
316 1947
317 370
317 867
317 946
317 1139
317 1152
317 1430
317 1691
317 1700
317 1764
318 372
318 645
318 909
318 1284
318 1378
318 1539
318 1848
319 634
319 656
319 870
319 964
319 1271
319 1323
319 1985
320 1096
320 1222
320 1576
321 734
321 898
321 930
321 1100
321 1301
321 1322
321 1985
322 512
322 1214
322 1979
323 418
323 568
323 726
323 782
323 790
323 1025
323 1358
323 1674
324 359
324 450
324 570
324 1031
324 1099
324 1728
324 1800
325 522
325 1144
326 364
326 621
326 639
326 1358
326 1483
327 495
327 831
327 1208
327 1239
327 1694
327 1864
328 427
328 613
328 1118
329 698
329 793
329 1002
329 1157
329 1963
330 599
330 647
330 697
330 1464
330 1909
330 1952
331 608
331 621
331 749
331 834
331 1508
331 1555
332 498
332 590
332 847
332 1073
332 1075
332 1472
332 1610
332 1830
333 401
333 986
333 991
333 1415
333 1491
333 1671
333 1735
333 1746
334 511
334 841
334 1029
334 1390
334 1399
334 1570
334 1774
334 1971
335 693
335 1771
335 1943
336 1155
336 1163
336 1741
336 1812
337 364
337 370
337 374
337 1238
337 1983
338 1019
338 1318
338 1358
338 1365
338 1798
339 417
339 953
339 1130
339 1310
339 1529
339 1698
340 363
340 913
340 1049
340 1203
340 1288
340 1655
341 423
341 450
341 588
341 1637
341 1923
342 1655
342 1754
343 1266
343 1323
343 1543
344 712
344 754
344 807
344 1010
344 1049
344 1151
344 1368
344 1467
345 603
345 1955
346 527
346 1037
346 1284
346 1879
347 403
347 959
347 1541
348 483
348 761
348 969
348 1212
348 1466
348 1959
349 362
349 391
349 419
349 633
349 885
349 1646
349 1789
349 1893
350 416
350 571
350 763
350 1121
350 1883
351 1034
351 1087
351 1290
351 1551
351 1677
351 1878
352 781
352 1706
352 1770
352 1871
353 445
353 457
353 1734
354 932
354 1344
354 1675
354 1969
355 741
355 1928
356 495
356 502
356 606
356 710
356 809
356 987
356 1325
356 1548
357 1437
357 1485
358 488
358 532
358 647
358 1689
359 907
359 1482
359 1796
360 437
360 500
360 638
360 735
360 874
360 921
360 1968
361 405
361 917
361 1711
362 1352
363 622
363 773
363 832
363 884
363 994
363 1176
363 1375
363 1405
363 1536
364 405
364 638
364 816
364 900
364 944
364 1386
364 1625
364 1664
365 1658
365 1708
365 1757
366 943
366 1041
366 1048
366 1670
366 1785
366 1925
367 411
367 433
367 805
367 1262
367 1266
367 1447
368 714
368 814
368 839
368 1014
368 1606
368 1895
369 625
369 802
369 900
369 1307
369 1882
370 592
370 884
370 983
370 1691
370 1693
370 1825
371 558
371 648
371 1450
371 1487
371 1616
371 1836
371 1898
372 511
372 594
372 1805
372 1838
373 627
373 866
373 1304
373 1860
373 1892
374 859
374 1328
374 1496
374 1712
374 1811
374 1904
374 1913
374 1932
374 1935
375 498
375 594
375 741
375 1099
375 1142
375 1316
375 1719
375 1758
375 1868
375 1961
376 556
376 825
376 1043
376 1154
376 1380
376 1962
377 878
377 946
377 1042
377 1100
377 1826
378 506
378 646
378 1373
378 1623
379 1381
379 1531
379 1584
379 1814
380 958
380 993
380 1143
380 1381
380 1409
380 1751
380 1983
380 1998
381 459
381 841
381 1368
381 1379
381 1632
381 1727
381 1917
382 488
382 533
382 998
382 1230
382 1428
382 1871
383 756
383 1059
383 1124
383 1986
384 534
384 908
384 1037
384 1287
384 1832
385 496
385 667
385 912
385 1123
385 1377
385 1488
385 1666
385 1744
386 572
386 676
386 748
386 1432
387 424
387 889
387 1584
387 1905
388 591
388 712
388 749
388 977
388 1262
388 1883
389 1712
389 1815
389 1904
390 438
390 624
390 889
390 994
390 1267
390 1317
390 1602
390 1713
391 754
391 1133
391 1272
392 510
392 861
392 1449
392 1849
393 568
393 1152
393 1311
394 720
394 1001
394 1294
394 1887
394 1924
395 522
395 681
395 713
395 783
395 820
395 838
395 880
395 1043
395 1061
395 1407
395 1725
396 446
396 496
396 860
396 883
396 1057
397 481
397 691
397 754
397 1159
397 1486
397 1667
397 1856
397 1977
398 871
398 1203
398 1472
399 920
399 1753
399 1852
400 511
401 832
401 894
401 1152
401 1174
401 1239
401 1413
401 1636
401 1696
402 412
402 767
402 808
402 829
402 831
402 921
402 987
402 995
402 1193
402 1228
402 1557
403 558
403 1006
403 1384
403 1793
404 598
404 646
404 1436
404 1466
405 784
405 929
405 1071
405 1342
405 1500
405 1579
405 1670
405 1983
406 416
406 732
406 783
406 1000
406 1361
406 1864
407 468
407 675
407 689
407 1104
408 429
408 449
408 776
408 1560
408 1745
408 1992
409 1004
409 1304
409 1685
409 1786
410 1021
410 1217
410 1480
410 1482
410 1722
411 615
411 631
411 932
411 1259
411 1321
411 1392
411 1725
411 1954
412 580
412 697
412 769
412 864
412 1213
412 1352
412 1406
412 1468
412 1730
412 1861
413 832
413 1012
413 1471
413 1583
414 453
414 472
414 1364
414 1883
415 825
415 1366
415 1828
415 1879
416 1685
416 1818
417 437
417 497
417 583
417 1111
417 1584
417 1670
417 1952
417 1989
418 608
418 815
418 964
418 1065
418 1272
418 1340
418 1519
419 950
419 1099
419 1195
419 1335
420 468
420 827
420 1979
421 639
421 703
421 1661
421 1864
421 1976
422 664
422 774
422 903
422 1357
422 1920
423 458
423 1194
423 1333
423 1424
423 1550
423 1965
424 835
424 1228
424 1385
424 1604
424 1722
425 787
425 912
425 1107
425 1478
426 679
426 989
426 1363
426 1534
427 439
427 710
427 888
427 893
427 1293
427 1345
427 1472
427 1517
427 1664
428 529
428 550
428 854
428 962
428 1628
428 1950
428 1994
429 889
429 898
429 1128
429 1135
429 1190
429 1364
429 1767
429 1794
429 1895
430 1069
430 1227
430 1567
430 1638
430 1826
431 612
431 1474
431 1933
432 621
432 702
432 781
432 859
432 1039
432 1112
432 1562
433 624
433 1060
433 1353
433 1782
433 1913
434 1243
434 1709
435 805
435 1788
435 1921
435 1960
436 481
436 592
436 990
436 1036
436 1041
436 1170
436 1241
436 1853
436 1942
436 1971
437 442
437 481
437 1659
437 1837
437 1918
438 707
438 1781
438 1899
438 1947
439 456
439 472
439 730
439 843
439 979
439 1032
439 1406
440 1095
440 1209
440 1210
440 1246
440 1510
440 1845
440 1981
441 1363
441 1482
441 1806
441 1945
442 920
442 1533
442 1573
443 474
443 598
443 883
443 965
443 1151
443 1339
443 1931
444 661
444 925
444 1322
444 1567
444 1639
444 1889
444 1958
445 861
445 916
445 989
445 1714
445 1887
446 851
446 1359
446 1365
446 1471
446 1661
446 1808
447 896
447 1611
447 1617
448 489
448 684
448 858
448 1029
448 1204
448 1211
448 1352
449 588
449 711
449 739
449 742
449 834
449 1095
449 1524
449 1745
450 567
450 1030
451 632
451 956
451 1428
451 1486
452 882
452 1928
452 1982
453 598
453 963
453 1099
453 1463
453 1604
453 1784
453 1947
454 688
454 1200
454 1343
455 523
455 719
455 737
455 1387
455 1511
455 1517
455 1525
455 1677
455 1861
455 1879
455 1888
456 1040
456 1076
456 1251
456 1374
456 1445
456 1518
456 1692
456 1832
456 1955
457 580
457 1499
457 1583
457 1721
458 1303
458 1413
458 1909
459 909
459 1005
459 1362
459 1460
459 1836
460 835
460 1238
460 1484
460 1620
460 1703
460 1815
461 874
461 1503
461 1758
461 1772
462 480
462 704
462 1676
463 525
463 1164
463 1787
464 839
464 883
464 913
464 973
464 1661
464 1780
464 1924
464 1966
465 783
465 1770
466 526
466 839
466 912
466 969
466 1088
466 1137
466 1275
466 1308
466 1874
467 836
467 864
467 894
467 1267
467 1532
467 1688
467 1774
467 1877
468 523
468 797
468 1040
469 1039
469 1244
469 1510
469 1897
470 672
470 685
470 787
470 961
471 848
471 1153
471 1369
471 1654
472 1161
472 1228
472 1413
472 1843
472 1876
472 1887
472 1959
473 489
473 1247
473 1424
474 564
474 589
474 690
474 717
474 1456
474 1639
474 1642
474 1680
474 1794
474 1959
475 483
475 972
475 1560
476 841
476 964
476 1330
476 1536
476 1998
477 848
477 925
477 1040
477 1129
477 1587
478 503
478 509
478 920
478 1088
478 1128
478 1187
478 1319
478 1547
478 1559
478 1634
479 683
479 1218
479 1303
479 1994
480 659
480 794
480 850
480 1055
480 1984
481 621
481 881
481 898
481 1125
481 1496
481 1683
481 1802
481 1858
481 1970
482 1073
482 1632
483 551
483 649
483 849
483 879
483 922
483 954
483 1208
483 1456
483 1562
484 853
484 1135
484 1551
484 1557
485 632
485 719
485 1030
485 1486
485 1669
485 1687
485 1690
485 1817
486 812
486 1154
486 1157
487 512
487 653
487 936
487 1791
487 1792
487 1993
488 1284
488 1541
488 1822
489 530
489 795
489 1045
489 1051
489 1075
489 1113
489 1131
489 1138
489 1473
489 1702
490 1006
490 1391
490 1476
491 523
491 679
491 691
491 1112
491 1234
491 1443
491 1484
491 1610
491 1793
491 1825
492 574
492 987
492 1163
492 1555
492 1833
493 771
493 1061
493 1122
493 1186
494 635
494 681
494 1542
494 1812
495 657
495 707
495 1367
495 1528
495 1604
496 686
496 772
496 1007
496 1217
496 1956
497 512
497 717
497 1266
497 1390
497 1414
497 1832
498 654
498 758
498 867
498 1001
498 1227
498 1413
498 1546
498 1761
498 1918
499 838
499 996
499 1048
499 1142
499 1208
499 1300
499 1440
499 1468
499 1471
500 695
500 813
500 1422
500 1913
501 505
501 750
501 901
501 1127
501 1381
501 1912
501 1992
502 882
502 895
502 942
502 962
502 1125
502 1234
502 1244
503 560
503 719
503 997
503 1062
503 1111
503 1351
503 1943
504 534
504 546
504 859
504 986
504 1047
504 1173
504 1374
504 1847
505 521
505 1179
505 1181
505 1192
505 1243
505 1689
505 1712
506 739
506 752
506 824
506 863
506 1057
506 1256
506 1637
507 798
507 1310
507 1732
507 1932
508 1487
508 1611
508 1895
508 1902
508 1915
509 531
509 967
509 1239
509 1777
510 1278
510 1900
510 1938
511 614
511 623
511 1637
511 1804
512 676
512 781
512 989
512 1123
512 1980
513 1170
513 1233
513 1568
514 661
514 1424
514 1438
514 1804
515 666
515 1400
515 1407
515 1443
515 1507
515 1767
515 1808
515 1885
515 1915
516 551
516 1354
516 1360
516 1670
517 605
517 781
517 1092
517 1436
517 1869
518 587
518 721
518 724
518 1030
518 1083
518 1314
518 1452
518 1668
519 581
519 611
519 670
519 1092
519 1287
520 583
520 633
520 715
520 1018
521 945
521 963
521 1080
521 1098
521 1452
521 1568
522 658
522 819
522 1466
522 1537
522 1695
522 1936
523 706
523 885
523 1006
523 1699
523 1751
523 1757
524 724
524 877
524 1160
524 1167
524 1383
524 1929
525 903
525 1184
525 1195
525 1307
525 1465
525 1523
525 1616
525 1834
525 1884
526 668
526 945
526 1582
526 1586
526 1622
526 1797
526 1904
526 1962
527 632
527 673
527 707
527 880
527 1214
527 1701
528 972
528 1006
528 1129
528 1237
528 1299
528 1364
528 1710
529 551
529 623
529 812
529 882
529 889
529 916
530 644
530 1396
530 1408
530 1543
530 1697
530 1845
531 859
532 806
532 860
532 1008
532 1100
532 1238
532 1253
532 1953
533 546
533 738
533 1321
533 1834
534 945
534 1581
535 590
535 642
535 907
535 973
535 1207
535 1471
535 1707
536 976
536 1165
536 1403
536 1628
536 1795
537 980
537 1639
537 1663
538 633
538 908
538 1261
538 1760
539 1008
540 590
540 767
540 880
540 1358
541 548
541 808
541 1231
541 1495
542 933
542 1077
542 1413
543 674
543 1533
543 1636
543 1643
544 1114
544 1158
544 1343
544 1633
545 699
545 746
545 1189
545 1473
545 1732
545 1880
546 1508
546 1600
546 1987
547 1075
547 1443
547 1707
547 1896
547 1939
548 1324
548 1444
548 1711
548 1802
549 776
549 1069
549 1599
549 1660
549 1814
550 1067
550 1340
550 1851
551 762
551 922
551 1870
552 1480
552 1746
552 1844
553 719
553 867
553 1334
553 1658
553 1691
553 1732
553 1915
554 893
554 1044
554 1148
554 1379
554 1905
555 580
555 1399
555 1567
555 1907
556 1676
556 1921
557 736
557 1456
557 1462
557 1515
557 1549
557 1924
558 830
558 847
558 1364
558 1495
558 1550
559 1212
559 1326
559 1417
560 855
560 913
560 923
560 1934
561 1159
561 1513
561 1546
561 1563
561 1661
561 1979
562 671
562 847
562 1022
562 1052
562 1253
562 1354
562 1742
562 1752
562 1814
563 1109
563 1525
563 1728
563 1998
564 1505
565 886
565 1758
565 1991
566 727
566 1118
566 1599
566 1639
566 1658
566 1731
567 683
567 751
567 779
567 782
567 1066
567 1318
567 1410
567 1781
568 845
568 1309
568 1345
568 1589
569 1153
569 1776
569 1925
570 619
570 645
570 1014
570 1205
570 1329
570 1517
570 1693
570 1731
570 1763
570 1861
571 996
571 1425
571 1980
572 638
572 913
572 1213
572 1493
573 609
573 790
573 813
573 1673
573 1764
574 1032
574 1069
574 1090
574 1564
574 1579
574 1719
574 1911
575 728
575 826
575 1043
575 1464
575 1764
576 734
576 1079
576 1399
576 1535
576 1729
577 686
577 1053
577 1081
577 1084
577 1408
577 1566
577 1949
578 1071
578 1095
578 1978
579 753
579 887
579 929
579 1097
579 1383
579 1665
579 1999
580 820
580 1044
580 1364
580 1719
580 1875
581 650
581 794
581 944
581 1108
581 1193
581 1564
581 1763
582 961
582 962
582 972
582 1091
582 1231
583 610
583 1212
583 1284
583 1588
583 1625
584 719
584 1322
584 1683
584 1755
584 1933
585 704
585 927
585 946
585 1114
585 1118
585 1588
585 1679
586 628
586 742
586 935
586 960
587 657
587 997
587 1011
587 1628
588 973
588 1016
588 1536
589 732
589 816
589 1027
589 1079
589 1636
589 1781
590 1362
590 1458
590 1596
590 1687
590 1960
590 1969
591 851
591 971
591 1021
591 1169
591 1599
591 1601
591 1789
591 1927
591 1945
592 838
592 879
592 898
592 941
592 1309
592 1468
592 1676
593 675
593 758
593 797
593 1020
593 1376
593 1442
593 1556
594 715
594 795
594 1592
594 1597
595 633
595 746
595 1026
595 1097
595 1329
595 1819
596 1077
596 1397
596 1652
596 1707
596 1920
596 1942
597 1949
598 606
598 1230
598 1234
598 1399
599 794
599 1155
599 1198
599 1490
599 1697
599 1820
599 1853
600 1294
600 1488
600 1608
600 1969
601 1011
601 1082
601 1121
602 1548
602 1663
602 1755
602 1818
602 1959
603 678
603 960
603 1278
603 1281
603 1807
604 988
604 1264
604 1510
604 1888
605 1139
605 1904
605 1952
605 1988
606 777
606 1530
606 1646
606 1882
607 764
607 832
607 1570
607 1629
608 1192
608 1386
608 1449
608 1975
609 660
609 840
609 1693
609 1697
610 1613
611 775
611 1005
611 1025
611 1037
611 1198
611 1274
612 620
612 1277
612 1298
612 1601
613 642
613 758
613 1171
613 1965
614 679
615 824
615 932
615 1992
616 665
616 732
616 783
616 815
616 1600
616 1634
616 1890
617 1354
618 865
618 988
618 1693
618 1873
619 755
619 1482
619 1630
620 940
620 1593
620 1664
620 1875
621 1952
621 1960
622 755
622 1008
622 1343
622 1621
623 690
623 731
623 1105
623 1295
623 1424
623 1507
623 1983
624 789
624 865
624 1231
624 1325
624 1487
624 1552
624 1559
625 775
625 847
625 969
625 1064
625 1219
625 1474
625 1660
626 961
626 978
626 1174
626 1323
626 1695
626 1878
627 839
627 948
627 1083
627 1305
627 1875
628 628
628 931
628 1340
628 1458
628 1512
628 1639
628 1731
629 676
629 717
629 887
629 1093
629 1195
629 1208
630 679
630 1396
630 1453
630 1989
631 925
631 1046
631 1091
632 1245
632 1770
633 640
633 760
633 1102
633 1118
633 1596
633 1840
633 1999
634 821
634 877
634 1311
634 1569
634 1578
635 911
635 1471
635 1740
635 1754
636 659
636 880
636 922
636 962
636 1044
636 1110
636 1352
637 833
637 1134
637 1271
637 1814
637 1860
638 1099
638 1457
638 1671
638 1768
639 1338
639 1814
640 865
640 918
640 939
640 1005
640 1169
640 1828
640 1869
641 1653
641 1694
641 1824
641 1859
642 1503
644 658
644 834
644 1215
644 1347
644 1780
645 1023
645 1042
645 1070
645 1208
645 1216
645 1626
645 1881
645 1897
645 1933
646 831
646 1058
646 1514
646 1541
646 1859
646 1878
647 902
647 1190
647 1493
647 1904
648 675
648 689
648 814
648 888
648 1049
648 1783
649 661
649 726
649 853
649 1535
649 1575
650 783
650 884
650 1270
650 1613
650 1761
650 1829
650 1833
650 1890
651 1607
652 703
652 1445
652 1616
652 1751
652 1988
653 842
653 1075
653 1421
653 1680
654 861
654 989
654 1031
654 1156
654 1397
654 1460
654 1731
654 1867
654 1988
655 1044
655 1684
655 1712
655 1715
655 1916
656 787
656 1295
656 1622
657 894
657 992
657 1204
657 1593
657 1766
658 724
658 860
658 1508
658 1785
659 667
659 831
659 989
659 1071
659 1106
659 1215
659 1785
659 1796
660 1036
660 1580
661 682
661 691
661 827
661 1080
661 1183
661 1624
662 1086
662 1232
663 683
663 759
663 1697
664 676
664 1010
664 1397
665 727
665 1131
665 1206
665 1584
667 834
667 1119
667 1567
667 1688
668 1440
669 1089
669 1306
669 1710
669 1822
670 902
670 1043
670 1223
670 1951
671 689
671 1812
672 1254
672 1521
672 1939
673 748
673 986
673 1143
673 1609
673 1984
674 1346
674 1543
674 1790
675 1361
675 1463
676 1004
676 1444
676 1921
677 1184
677 1297
677 1542
677 1815
677 1943
678 703
678 1590
678 1799
678 1881
679 743
679 834
679 1167
679 1468
680 797
680 799
680 1398
681 798
681 1296
681 1378
682 967
682 1819
682 1963
683 688
683 694
683 948
683 1711
683 1718
683 1910
683 1985
684 1113
684 1148
684 1233
684 1354
684 1699
685 1212
685 1562
685 1580
685 1625
685 1934
686 750
686 1466
686 1523
687 976
687 1024
687 1651
687 1963
688 982
688 1043
688 1591
688 1845
688 1876
689 1039
689 1408
691 789
691 966
691 1172
691 1727
692 731
692 1194
692 1924
693 736
693 901
693 914
693 1363
693 1369
693 1609
693 1675
694 767
694 807
694 1508
694 1948
695 801
696 848
696 1068
696 1322
696 1375
696 1560
696 1636
696 1840
696 1865
696 1966
697 1330
697 1741
698 935
698 1176
699 1429
699 1444
699 1533
699 1642
700 1101
700 1122
700 1303
700 1534
701 912
701 1389
702 972
702 1203
702 1415
702 1914
703 781
703 1364
703 1414
703 1421
703 1620
703 1657
703 1900
704 991
704 1206
704 1477
704 1720
704 1825
705 794
705 1814
705 1979
706 1033
706 1082
706 1263
706 1454
706 1591
707 816
707 1015
707 1485
707 1564
707 1591
708 964
708 988
708 1018
708 1661
708 1996
709 725
709 740
709 1197
709 1964
710 985
710 1280
710 1918
710 1978
711 718
711 1021
711 1125
711 1322
711 1580
711 1818
711 1836
711 1911
712 817
712 825
712 1147
712 1762
713 764
713 880
714 1257
714 1307
714 1365
714 1619
715 877
715 935
715 1066
715 1121
715 1127
715 1163
715 1277
715 1585
715 1623
715 1895
716 1173
716 1489
716 1777
717 755
717 948
717 1000
717 1208
717 1453
717 1761
717 1985
718 946
718 1427
719 747
719 849
719 1182
719 1331
719 1818
720 736
720 821
720 941
720 974
720 1496
720 1770
721 1572
721 1960
722 784
722 868
722 1270
723 1348
723 1638
724 1136
724 1255
724 1471
724 1506
725 787
725 912
725 968
725 1091
725 1398
725 1826
725 1982
726 740
726 903
726 1029
726 1084
726 1327
726 1574
727 1022
727 1145
727 1285
727 1739
728 1130
729 909
729 1151
729 1857
729 1911
729 1964
730 774
730 1187
730 1470
730 1617
730 1919
731 935
731 1481
732 815
732 907
732 991
732 1157
732 1552
732 1708
732 1825
733 812
733 1429
733 1599
734 1047
734 1344
735 1097
735 1263
735 1451
735 1983
736 1247
737 795
737 866
737 928
737 1182
737 1251
738 784
738 1219
739 1101
739 1413
739 1525
739 1635
739 1746
739 1914
740 1972
741 905
741 1671
742 1082
742 1233
742 1318
743 1100
743 1175
743 1389
743 1834
743 1875
744 1001
744 1167
744 1264
744 1978
745 792
745 1393
745 1980
746 933
746 1321
746 1328
746 1776
746 1856
747 945
747 1184
747 1253
747 1353
747 1970
748 789
748 824
748 1024
748 1233
748 1305
749 778
749 928
749 1794
750 992
750 996
750 1525
750 1687
751 1276
751 1903
751 1923
752 969
752 1096
752 1228
752 1304
752 1497
752 1688
752 1919
753 811
753 1400
753 1492
753 1815
753 1957
754 802
754 981
754 1003
754 1052
754 1102
755 933
755 1497
755 1947
756 995
756 1449
756 1452
756 1495
756 1736
756 1824
756 1945
757 814
757 959
757 1213
757 1553
757 1695
758 1076
759 1398
759 1509
759 1606
759 1921
760 995
760 1341
761 901
761 1612
761 1830
761 1969
762 1048
762 1926
762 1942
763 774
763 1010
763 1376
763 1490
763 1513
763 1533
763 1551
763 1896
764 1205
764 1552
764 1685
765 950
765 987
765 1619
765 1815
765 1909
766 919
766 1881
766 1949
767 785
767 1120
767 1366
767 1722
768 992
768 1019
768 1103
769 834
769 1137
769 1479
769 1559
769 1636
769 1662
769 1744
769 1855
769 1937
770 1115
770 1194
770 1206
770 1578
770 1831
771 1357
771 1989
772 1097
772 1420
772 1741
773 781
773 1673
773 1715
773 1846
774 1145
774 1807
775 1525
775 1762
776 1160
776 1183
776 1188
776 1191
776 1524
777 1040
777 1616
777 1746
777 1829
777 1923
777 1993
778 1704
778 1823
778 1861
778 1923
778 1929
779 796
779 891
779 982
779 1374
780 922
780 1436
780 1522
780 1753
781 796
781 1634
782 940
782 1760
782 1799
782 1820
783 849
783 972
783 1325
783 1352
783 1866
784 1065
784 1299
785 938
785 1128
785 1332
785 1493
785 1955
786 822
786 1485
786 1570
786 1668
787 926
787 936
787 952
787 1178
787 1268
787 1734
788 821
788 1280
788 1292
788 1439
788 1466
788 1598
788 1730
789 1065
789 1091
789 1194
789 1489
789 1574
790 939
790 952
790 1014
790 1024
790 1244
790 1455
790 1515
790 1986
791 1258
792 1284
792 1303
792 1993
793 1215
793 1361
793 1768
793 1992
794 840
794 1396
795 1262
795 1308
795 1707
795 1725
795 1825
796 1189
796 1560
796 1637
797 845
797 1960
798 1411
798 1778
799 948
799 1669
799 1947
800 989
800 1223
800 1406
800 1505
800 1554
800 1849
800 1960
801 991
801 1130
801 1444
801 1529
801 1718
802 996
802 1073
802 1099
802 1208
802 1375
802 1452
802 1910
803 903
803 994
803 1252
803 1393
803 1946
804 1282
804 1440
804 1555
804 1792
805 1171
805 1299
805 1603
805 1640
805 1693
806 823
806 1043
806 1122
806 1734
806 1952
806 1981
807 842
807 1291
808 1110
808 1317
808 1562
808 1648
808 1886
809 1345
809 1575
809 1583
809 1744
809 1836
809 1856
810 887
810 992
810 1187
810 1258
810 1452
811 873
811 1030
811 1508
811 1682
811 1724
811 1943
812 1064
812 1141
812 1192
812 1463
812 1506
812 1542
812 1609
812 1991
813 906
813 969
813 1141
813 1534
813 1651
814 1653
815 925
815 1366
815 1533
815 1830
815 1943
816 864
816 1247
816 1331
816 1523
816 1924
817 1521
817 1579
817 1598
817 1715
817 1825
817 1971
818 840
819 1809
819 1950
820 998
820 1346
820 1776
820 1934
821 999
821 1039
821 1814
822 957
822 964
822 983
822 1226
822 1454
822 1572
823 1430
823 1561
823 1713
823 1875
823 1949
824 1412
824 1687
824 1873
825 1583
825 1749
826 934
826 998
826 1615
826 1663
827 961
827 1115
827 1692
827 1863
828 1134
828 1400
828 1420
828 1438
828 1682
828 1740
828 1776
828 1963
829 937
829 1812
830 899
830 1110
830 1133
830 1142
830 1779
830 1962
831 1029
831 1213
831 1543
831 1708
832 844
832 1311
833 974
833 1417
833 1422
834 923
834 1149
834 1639
834 1721
834 1799
834 1923
835 1443
836 851
836 1329
836 1574
836 1623
836 1714
836 1841
837 917
837 977
837 1315
838 973
838 998
838 1150
838 1271
838 1655
838 1690
838 1902
839 942
839 1059
839 1441
839 1616
839 1739
839 1894
840 1023
840 1460
840 1501
840 1965
840 1999
841 1767
841 1996
842 1041
842 1211
842 1274
842 1342
842 1564
842 1798
843 1074
844 1270
844 1277
844 1296
844 1314
844 1604
845 1082
845 1350
845 1617
845 1830
845 1911
846 1137
846 1723
846 1737
846 1917
847 1958
848 872
848 1257
849 926
849 984
849 1028
849 1319
849 1410
849 1411
849 1750
850 1068
850 1297
850 1440
850 1599
851 1436
851 1981
852 1080
852 1165
852 1239
852 1467
852 1575
852 1689
853 1051
853 1702
853 1776
853 1874
854 994
854 1764
855 875
855 901
855 1097
855 1734
856 1513
856 1746
856 1867
856 1944
857 1321
857 1482
857 1638
857 1780
857 1806
857 1843
857 1856
858 1220
858 1259
858 1265
858 1410
858 1775
859 936
859 1058
859 1322
859 1437
859 1554
859 1642
859 1678
859 1799
860 910
860 1132
860 1158
860 1373
860 1694
861 1044
861 1777
862 1235
862 1530
862 1706
863 1242
863 1737
864 1106
864 1145
864 1512
864 1996
865 1071
865 1637
865 1894
865 1954
866 866
866 1072
866 1646
866 1780
866 1806
867 1003
867 1144
867 1277
867 1341
867 1488
867 1495
867 1708
868 1202
868 1323
869 1218
869 1233
869 1375
869 1767
869 1800
869 1911
870 1015
870 1805
870 1810
870 1828
870 1845
871 896
871 932
871 1227
871 1263
871 1400
871 1625
871 1679
872 1552
872 1732
873 874
873 1370
873 1913
874 932
874 1277
874 1611
874 1908
874 1919
875 1507
875 1645
875 1880
876 1287
876 1729
876 1933
876 1994
877 882
877 1149
877 1155
877 1322
877 1854
877 1961
878 900
878 1187
878 1822
878 1863
878 1928
879 943
879 1317
879 1390
879 1627
879 1668
880 924
880 964
880 1161
880 1231
880 1924
881 978
882 1109
882 1119
883 902
883 1229
883 1353
883 1421
883 1440
883 1787
883 1796
883 1913
884 1256
884 1737
884 1809
885 1026
885 1101
885 1871
886 930
886 1175
886 1758
886 1842
887 1325
887 1336
887 1641
887 1642
887 1683
887 1763
887 1811
888 1146
888 1606
889 1299
889 1652
889 1710
889 1720
889 1855
890 907
890 1095
890 1126
890 1349
890 1781
891 909
891 937
891 940
891 1007
891 1531
891 1674
892 1374
892 1593
892 1633
892 1650
893 1236
893 1314
894 1232
894 1456
895 1159
896 1142
896 1173
897 1020
897 1786
898 916
898 1306
898 1424
898 1498
898 1818
899 900
900 1076
900 1563
900 1824
900 1929
901 943
901 1033
901 1188
901 1342
902 1680
902 1713
903 903
903 989
903 1711
903 1822
904 1248
904 1274
904 1546
904 1809
904 1821
905 910
905 1058
905 1165
905 1380
905 1638
905 1839
906 954
906 1025
906 1336
906 1422
906 1916
907 1087
907 1183
907 1280
907 1393
907 1778
908 1114
908 1263
908 1358
908 1441
910 1241
910 1799
911 1080
911 1252
911 1868
912 933
912 1067
912 1237
912 1347
912 1742
913 1214
913 1373
914 1618
914 1663
915 1032
915 1127
915 1289
915 1655
915 1750
916 1001
916 1005
916 1094
916 1795
917 1028
917 1872
918 984
918 1433
919 1383
919 1387
919 1466
919 1873
920 924
920 1180
920 1543
920 1652
920 1737
920 1802
921 1436
921 1755
921 1923
921 1964
922 948
922 1111
922 1413
922 1568
922 1948
923 1067
923 1624
923 1741
923 1863
923 1877
924 1161
924 1262
924 1364
924 1401
924 1822
925 1076
925 1301
925 1630
925 1823
925 1951
925 1999
926 1005
926 1720
926 1958
927 1758
927 1985
929 929
929 939
929 1333
929 1404
929 1422
930 1359
930 1375
930 1801
930 1859
931 931
931 1079
931 1110
931 1134
931 1150
931 1197
931 1235
931 1854
931 1925
931 1939
932 1085
932 1583
932 1901
932 1903
933 1067
933 1635
933 1659
933 1677
933 1928
934 1228
934 1453
934 1494
935 1008
935 1293
935 1809
935 1891
936 986
936 1175
936 1356
937 1126
937 1314
937 1493
937 1538
937 1736
938 1485
938 1732
938 1752
938 1808
938 1859
938 1966
939 1479
939 1621
939 1857
940 965
940 1075
940 1319
940 1870
941 959
941 1030
941 1514
941 1600
941 1789
942 1057
942 1145
942 1258
942 1385
942 1604
942 1916
943 952
943 1370
943 1626
943 1661
943 1802
944 1473
944 1604
944 1695
944 1886
944 1971
945 1280
945 1630
945 1682
946 1042
946 1768
946 1861
947 1484
948 1279
949 1168
949 1379
949 1573
950 1799
951 1621
951 1909
952 1563
952 1662
952 1689
952 1729
953 1611
953 1928
954 1871
955 1067
955 1196
955 1541
955 1816
956 965
956 1739
956 1870
957 1759
958 1091
958 1140
958 1567
958 1736
958 1805
959 1381
959 1683
959 1890
960 997
960 1102
960 1205
960 1278
960 1414
960 1524
960 1851
960 1922
960 1941
961 1149
961 1150
961 1287
961 1352
961 1393
961 1771
961 1793
961 1807
961 1856
961 1904
961 1944
962 1269
962 1331
962 1428
962 1859
962 1906
962 1991
963 1269
963 1508
963 1551
964 1104
964 1710
964 1748
965 1349
965 1778
965 1895
965 1952
966 1831
967 1171
967 1187
967 1242
968 1769
969 1126
969 1327
970 1789
970 1794
970 1819
973 1140
973 1469
973 1898
974 1064
974 1158
974 1956
974 1984
975 981
975 1156
975 1612
975 1813
975 1967
976 1994
977 1134
977 1247
977 1545
978 990
978 1003
978 1323
978 1808
980 1029
980 1034
980 1239
980 1403
980 1591
980 1668
981 1396
981 1804
982 1279
982 1754
982 1853
982 1924
983 1074
983 1242
983 1432
983 1484
983 1506
984 1912
985 1767
986 1149
986 1793
987 1922
988 1494
988 1579
988 1956
989 1014
989 1036
989 1244
989 1274
989 1640
990 1004
990 1069
990 1230
990 1921
990 1925
991 1003
991 1043
991 1245
991 1436
992 1070
992 1190
992 1822
993 1151
993 1662
994 1034
994 1289
994 1378
995 1411
995 1527
995 1813
995 1840
995 1985
996 1091
996 1480
996 1637
997 1324
997 1447
997 1570
997 1848
997 1880
998 1094
998 1340
998 1894
998 1952
998 1976
999 1041
999 1128
999 1300
999 1648
999 1790
1000 1111
1000 1283
1000 1651
1000 1934
1000 1952
1001 1038
1001 1424
1002 1095
1002 1312
1002 1698
1002 1723
1002 1869
1002 1895
1002 1992
1003 1457
1003 1612
1003 1818
1003 1918
1003 1931
1003 1963
1003 1977
1004 1601
1004 1692
1004 1766
1005 1158
1005 1250
1006 1386
1006 1707
1006 1833
1007 1464
1007 1795
1008 1031
1008 1067
1008 1074
1008 1081
1009 1661
1009 1799
1010 1287
1010 1465
1010 1519
1012 1059
1012 1230
1012 1579
1012 1712
1012 1803
1013 1269
1013 1606
1013 1653
1013 1865
1013 1999
1014 1207
1014 1257
1015 1066
1015 1172
1015 1316
1015 1336
1015 1369
1015 1602
1016 1056
1016 1136
1016 1353
1016 1596
1016 1958
1017 1067
1017 1228
1017 1232
1017 1624
1019 1287
1019 1359
1019 1417
1020 1097
1020 1473
1020 1514
1021 1473
1021 1670
1021 1878
1022 1134
1022 1152
1023 1094
1023 1843
1024 1064
1024 1125
1024 1324
1024 1558
1025 1738
1026 1604
1026 1895
1027 1104
1027 1129
1027 1163
1027 1196
1027 1272
1027 1346
1027 1380
1027 1636
1027 1680
1027 1699
1027 1907
1028 1247
1028 1249
1028 1542
1028 1865
1029 1967
1031 1980
1032 1200
1032 1245
1032 1384
1032 1395
1032 1872
1032 1954
1033 1686
1033 1700
1033 1803
1033 1820
1035 1858
1035 1886
1036 1159
1036 1166
1036 1360
1036 1525
1036 1554
1036 1606
1037 1076
1037 1316
1037 1346
1037 1765
1038 1396
1038 1586
1038 1933
1039 1202
1039 1303
1039 1487
1039 1879
1040 1352
1040 1454
1042 1322
1042 1393
1042 1609
1042 1660
1042 1866
1043 1344
1043 1364
1044 1186
1044 1261
1044 1486
1044 1824
1044 1885
1045 1186
1045 1227
1045 1368
1045 1444
1045 1740
1045 1917
1046 1629
1046 1678
1047 1454
1047 1521
1047 1823
1047 1892
1048 1143
1048 1185
1048 1209
1048 1549
1049 1977
1050 1110
1051 1305
1051 1324
1051 1618
1051 1702
1051 1737
1052 1284
1052 1323
1052 1329
1052 1833
1053 1124
1053 1240
1053 1442
1053 1497
1053 1538
1054 1965
1055 1537
1055 1682
1055 1904
1056 1472
1056 1720
1056 1970
1057 1185
1057 1305
1057 1496
1057 1802
1058 1581
1058 1641
1059 1136
1059 1189
1059 1520
1059 1601
1059 1716
1060 1254
1060 1524
1060 1675
1060 1832
1060 1840
1061 1203
1062 1108
1062 1196
1062 1375
1062 1602
1063 1312
1063 1411
1063 1841
1064 1266
1064 1740
1065 1282
1065 1559
1065 1683
1065 1692
1065 1749
1066 1264
1066 1428
1066 1491
1066 1586
1066 1596
1066 1623
1066 1695
1067 1367
1067 1451
1068 1976
1069 1127
1069 1561
1069 1707
1070 1507
1070 1664
1071 1099
1071 1682
1072 1474
1072 1712
1072 1729
1072 1967
1073 1478
1075 1206
1075 1434
1075 1441
1075 1485
1075 1807
1075 1911
1076 1134
1076 1222
1076 1255
1076 1445
1076 1872
1077 1172
1077 1432
1077 1917
1078 1083
1078 1391
1078 1431
1078 1651
1078 1815
1079 1350
1079 1657
1079 1743
1079 1958
1080 1108
1080 1500
1080 1729
1080 1896
1081 1571
1081 1808
1081 1848
1082 1125
1082 1735
1083 1920
1084 1193
1084 1707
1084 1739
1084 1810
1084 1945
1085 1165
1085 1201
1085 1240
1086 1424
1086 1463
1086 1635
1086 1731
1086 1777
1087 1210
1087 1250
1087 1447
1087 1577
1087 1837
1087 1963
1087 1978
1088 1411
1088 1728
1089 1260
1089 1695
1089 1851
1089 1872
1091 1868
1092 1113
1092 1694
1092 1905
1092 1915
1092 1935
1093 1374
1093 1377
1093 1483
1093 1636
1093 1825
1093 1878
1093 1975
1094 1205
1094 1317
1094 1968
1095 1362
1095 1469
1095 1501
1095 1657
1095 1762
1095 1982
1096 1141
1096 1430
1096 1444
1096 1665
1096 1680
1096 1809
1097 1126
1098 1159
1098 1504
1098 1636
1098 1746
1098 1845
1098 1956
1099 1216
1099 1371
1099 1529
1099 1760
1099 1872
1100 1413
1100 1549
1100 1912
1101 1168
1101 1486
1101 1519
1101 1523
1101 1693
1101 1982
1102 1147
1102 1481
1102 1612
1102 1710
1103 1775
1104 1493
1104 1517
1104 1903
1105 1986
1106 1305
1106 1319
1106 1399
1106 1479
1106 1705
1107 1211
1107 1529
1107 1766
1107 1965
1108 1548
1108 1700
1108 1890
1109 1187
1109 1464
1109 1703
1110 1423
1110 1484
1110 1594
1110 1598
1110 1955
1110 1981
1111 1255
1111 1875
1111 1904
1112 1206
1112 1278
1112 1283
1112 1824
1112 1928
1113 1628
1113 1665
1113 1939
1114 1338
1115 1785
1115 1851
1116 1248
1116 1338
1116 1641
1116 1904
1117 1161
1117 1217
1117 1616
1118 1741
1119 1147
1119 1936
1119 1994
1121 1346
1121 1763
1121 1896
1122 1467
1122 1970
1123 1156
1123 1173
1123 1603
1123 1760
1123 1783
1124 1602
1124 1730
1124 1908
1124 1943
1125 1596
1126 1153
1126 1428
1126 1819
1126 1854
1127 1181
1127 1222
1127 1253
1127 1663
1127 1672
1127 1740
1127 1843
1128 1508
1128 1696
1128 1798
1129 1172
1129 1403
1129 1829
1130 1225
1130 1457
1131 1313
1131 1376
1132 1365
1132 1981
1133 1961
1133 1991
1134 1714
1134 1806
1134 1993
1135 1390
1137 1253
1137 1368
1137 1533
1137 1563
1137 1778
1138 1287
1138 1598
1138 1746
1139 1143
1139 1289
1139 1330
1140 1342
1140 1542
1140 1732
1140 1896
1141 1427
1141 1978
1142 1161
1142 1244
1142 1472
1142 1493
1142 1887
1143 1160
1143 1571
1143 1650
1143 1759
1144 1443
1144 1460
1144 1912
1145 1183
1145 1198
1145 1237
1145 1360
1145 1621
1145 1855
1146 1162
1146 1231
1146 1788
1147 1250
1147 1603
1147 1668
1148 1893
1149 1195
1149 1359
1149 1664
1149 1683
1150 1731
1150 1794
1151 1802
1152 1462
1152 1990
1153 1311
1153 1411
1153 1472
1153 1639
1153 1768
1153 1802
1153 1905
1153 1972
1154 1436
1154 1480
1154 1641
1154 1917
1155 1364
1156 1555
1156 1691
1156 1878
1156 1943
1157 1881
1158 1440
1158 1749
1158 1895
1159 1505
1159 1997
1160 1809
1161 1338
1161 1922
1161 1931
1162 1777
1162 1841
1162 1894
1163 1858
1164 1232
1164 1445
1164 1656
1166 1467
1166 1504
1166 1715
1166 1748
1166 1761
1166 1977
1166 1988
1167 1828
1168 1197
1168 1654
1168 1747
1168 1995
1169 1753
1169 1866
1169 1867
1170 1304
1170 1443
1170 1516
1170 1526
1170 1629
1170 1868
1170 1884
1171 1396
1171 1554
1171 1952
1172 1194
1172 1412
1172 1451
1172 1579
1172 1751
1172 1827
1173 1242
1173 1268
1174 1464
1174 1618
1174 1683
1175 1284
1175 1719
1175 1770
1175 1982
1176 1263
1176 1435
1176 1890
1176 1919
1177 1905
1177 1939
1178 1239
1178 1324
1178 1750
1178 1963
1179 1189
1179 1248
1179 1425
1179 1436
1179 1466
1179 1509
1179 1569
1179 1726
1179 1879
1179 1990
1180 1552
1180 1719
1180 1747
1180 1750
1180 1976
1181 1449
1182 1195
1182 1481
1184 1287
1184 1910
1184 1983
1185 1714
1186 1262
1187 1613
1187 1663
1187 1745
1187 1811
1187 1840
1188 1318
1188 1554
1188 1665
1188 1734
1188 1783
1189 1197
1189 1294
1189 1617
1189 1980
1190 1524
1190 1669
1190 1962
1191 1355
1191 1383
1191 1451
1191 1458
1191 1858
1191 1885
1191 1992
1192 1310
1192 1409
1192 1533
1192 1692
1193 1402
1193 1543
1193 1858
1194 1199
1194 1502
1194 1665
1195 1402
1195 1583
1195 1713
1196 1274
1196 1565
1196 1802
1197 1584
1197 1909
1198 1338
1198 1351
1198 1461
1198 1525
1199 1917
1200 1293
1201 1724
1201 1740
1203 1650
1203 1904
1204 1909
1204 1933
1205 1213
1205 1562
1206 1740
1206 1770
1207 1418
1207 1535
1207 1562
1207 1615
1208 1296
1208 1402
1208 1837
1209 1501
1209 1771
1210 1435
1210 1688
1211 1258
1211 1363
1211 1613
1211 1662
1212 1250
1212 1303
1212 1535
1212 1569
1212 1878
1213 1357
1213 1371
1213 1849
1213 1935
1214 1399
1214 1765
1214 1804
1214 1865
1216 1842
1216 1884
1218 1585
1218 1907
1219 1357
1220 1350
1220 1403
1220 1705
1220 1896
1220 1967
1221 1261
1221 1470
1221 1682
1221 1784
1221 1811
1222 1635
1222 1770
1223 1399
1223 1713
1224 1678
1225 1328
1226 1233
1226 1492
1226 1646
1226 1980
1228 1327
1228 1532
1228 1774
1228 1847
1229 1536
1229 1969
1230 1611
1230 1975
1231 1434
1231 1452
1231 1587
1231 1712
1231 1772
1232 1572
1232 1576
1232 1771
1232 1842
1232 1996
1233 1883
1234 1980
1235 1446
1235 1570
1235 1708
1235 1751
1235 1910
1236 1956
1237 1624
1237 1721
1237 1770
1237 1776
1237 1798
1237 1801
1237 1830
1237 1893
1238 1277
1238 1311
1238 1653
1238 1682
1238 1781
1239 1314
1239 1334
1239 1618
1240 1411
1240 1463
1240 1759
1241 1542
1241 1825
1241 1905
1242 1297
1242 1318
1242 1580
1242 1791
1243 1724
1243 1963
1243 1978
1244 1257
1244 1355
1244 1550
1244 1868
1244 1974
1245 1911
1246 1854
1247 1356
1247 1614
1247 1655
1248 1337
1248 1599
1249 1558
1250 1686
1250 1892
1251 1460
1251 1683
1251 1857
1251 1868
1252 1283
1252 1631
1252 1638
1252 1786
1253 1366
1253 1509
1253 1533
1253 1596
1253 1697
1254 1326
1254 1377
1255 1431
1255 1763
1255 1768
1256 1276
1256 1751
1256 1784
1256 1847
1257 1768
1258 1679
1258 1841
1259 1304
1259 1572
1261 1314
1261 1449
1261 1967
1262 1487
1263 1769
1264 1473
1264 1518
1264 1615
1264 1863
1264 1877
1265 1385
1265 1968
1266 1322
1266 1573
1266 1686
1266 1701
1266 1729
1266 1767
1267 1369
1267 1397
1267 1517
1267 1928
1268 1304
1268 1720
1268 1724
1268 1779
1269 1333
1269 1463
1269 1537
1269 1552
1270 1429
1270 1715
1270 1972
1271 1603
1271 1715
1271 1722
1271 1777
1271 1832
1272 1415
1272 1460
1272 1637
1273 1586
1273 1725
1273 1761
1274 1329
1274 1552
1274 1777
1275 1568
1275 1591
1275 1815
1278 1741
1278 1853
1279 1287
1279 1686
1280 1405
1280 1533
1280 1649
1280 1852
1282 1435
1282 1464
1282 1967
1283 1615
1283 1791
1284 1298
1284 1899
1284 1972
1285 1901
1286 1906
1287 1321
1287 1509
1287 1613
1287 1854
1288 1478
1288 1537
1288 1993
1289 1589
1290 1827
1290 1954
1291 1344
1291 1621
1292 1471
1292 1850
1293 1899
1294 1452
1295 1837
1296 1756
1296 1880
1297 1882
1298 1528
1299 1312
1299 1561
1299 1567
1299 1814
1300 1680
1301 1907
1301 1923
1302 1476
1302 1563
1302 1768
1302 1897
1303 1323
1304 1365
1304 1531
1304 1570
1304 1647
1305 1376
1305 1758
1305 1889
1305 1892
1306 1393
1307 1874
1308 1558
1308 1959
1309 1407
1309 1678
1309 1806
1310 1723
1311 1849
1312 1395
1312 1399
1312 1404
1312 1416
1312 1464
1313 1419
1313 1537
1313 1682
1313 1770
1314 1706
1314 1862
1315 1519
1315 1644
1315 1964
1316 1457
1316 1524
1316 1600
1316 1738
1317 1557
1317 1602
1317 1980
1318 1620
1318 1707
1318 1971
1319 1391
1319 1732
1319 1992
1321 1728
1321 1872
1321 1935
1322 1336
1323 1339
1323 1747
1324 1352
1324 1752
1325 1329
1325 1492
1327 1615
1328 1399
1328 1428
1328 1525
1328 1957
1328 1984
1329 1507
1329 1597
1329 1850
1329 1860
1329 1994
1330 1520
1330 1625
1331 1851
1332 1456
1332 1566
1332 1611
1333 1580
1333 1604
1334 1643
1335 1465
1335 1504
1335 1563
1335 1823
1335 1857
1336 1596
1336 1722
1337 1620
1337 1667
1338 1428
1338 1821
1339 1359
1339 1769
1340 1625
1341 1600
1341 1669
1342 1746
1342 1865
1342 1981
1343 1821
1346 1409
1346 1589
1347 1516
1347 1719
1348 1561
1349 1683
1349 1783
1349 1791
1349 1872
1349 1957
1350 1392
1350 1402
1350 1851
1350 1859
1351 1459
1351 1631
1351 1811
1351 1831
1352 1411
1352 1591
1353 1360
1353 1426
1353 1558
1353 1699
1353 1801
1353 1822
1353 1835
1354 1410
1355 1863
1355 1886
1356 1403
1356 1945
1357 1380
1357 1873
1358 1633
1359 1376
1359 1438
1361 1680
1361 1754
1362 1496
1362 1536
1362 1566
1362 1631
1362 1721
1363 1446
1363 1464
1363 1511
1364 1381
1364 1420
1364 1632
1364 1665
1365 1503
1366 1735
1367 1448
1367 1682
1367 1836
1368 1900
1368 1910
1369 1625
1369 1960
1370 1420
1370 1478
1370 1686
1370 1705
1370 1792
1370 1919
1370 1995
1370 1998
1371 1767
1372 1652
1372 1668
1373 1407
1374 1582
1374 1991
1375 1717
1375 1774
1375 1894
1375 1957
1375 1978
1375 1984
1375 1990
1376 1486
1376 1865
1377 1593
1377 1671
1378 1872
1379 1430
1379 1965
1379 1967
1380 1525
1380 1579
1380 1653
1380 1853
1381 1837
1381 1842
1382 1627
1382 1635
1383 1632
1383 1766
1384 1583
1384 1858
1384 1882
1384 1920
1385 1594
1385 1787
1387 1627
1389 1924
1391 1538
1392 1520
1392 1794
1393 1423
1393 1675
1394 1860
1394 1999
1395 1613
1395 1727
1395 1759
1396 1460
1397 1450
1397 1573
1398 1629
1399 1614
1399 1697
1399 1825
1400 1931
1401 1571
1401 1709
1401 1750
1401 1862
1401 1914
1402 1599
1403 1555
1403 1704
1403 1998
1404 1815
1404 1827
1405 1781
1406 1497
1406 1590
1407 1473
1407 1796
1407 1915
1407 1983
1408 1982
1409 1478
1409 1634
1410 1731
1411 1963
1411 1976
1412 1465
1412 1558
1412 1703
1412 1711
1413 1910
1413 1959
1414 1426
1414 1673
1415 1635
1415 1664
1415 1820
1415 1897
1416 1429
1416 1992
1417 1513
1417 1977
1418 1727
1418 1827
1419 1499
1419 1991
1420 1456
1420 1457
1420 1838
1421 1531
1421 1611
1421 1701
1421 1711
1421 1860
1421 1967
1422 1646
1422 1896
1422 1970
1423 1715
1423 1938
1424 1750
1424 1813
1424 1992
1425 1495
1426 1932
1427 1551
1427 1564
1428 1481
1428 1688
1428 1852
1429 1474
1429 1556
1429 1648
1430 1645
1430 1997
1431 1802
1432 1495
1432 1759
1432 1786
1432 1887
1433 1951
1434 1968
1436 1836
1437 1968
1438 1613
1438 1635
1438 1975
1439 1638
1439 1733
1439 1878
1440 1832
1441 1888
1442 1556
1442 1645
1442 1823
1443 1527
1445 1456
1445 1845
1445 1887
1445 1911
1445 1959
1446 1724
1446 1923
1447 1663
1448 1482
1448 1594
1448 1670
1448 1870
1448 1982
1449 1570
1449 1641
1450 1639
1451 1613
1452 1559
1453 1570
1453 1709
1454 1558
1455 1859
1455 1905
1455 1977
1456 1682
1456 1727
1456 1925
1457 1518
1459 1928
1459 1932
1460 1921
1461 1537
1461 1669
1462 1729
1462 1837
1463 1484
1463 1639
1463 1789
1463 1953
1464 1532
1466 1547
1466 1977
1467 1489
1467 1553
1467 1673
1467 1718
1467 1936
1468 1596
1468 1733
1470 1537
1470 1868
1470 1989
1471 1612
1471 1819
1471 1986
1473 1759
1473 1911
1474 1637
1474 1664
1475 1689
1476 1816
1476 1841
1476 1945
1477 1974
1479 1551
1479 1930
1479 1976
1480 1605
1480 1699
1480 1721
1480 1919
1481 1928
1482 1797
1482 1870
1483 1651
1483 1838
1483 1848
1483 1938
1484 1582
1484 1734
1484 1738
1485 1780
1486 1855
1487 1899
1487 1976
1488 1851
1489 1546
1489 1815
1489 1978
1490 1775
1491 1730
1492 1771
1494 1622
1494 1790
1497 1776
1498 1585
1498 1956
1499 1782
1499 1823
1500 1603
1500 1739
1500 1924
1502 1543
1502 1856
1503 1547
1503 1919
1504 1846
1505 1563
1505 1857
1505 1960
1506 1545
1506 1681
1506 1685
1506 1901
1507 1581
1508 1715
1508 1806
1508 1818
1509 1570
1509 1583
1511 1564
1511 1870
1512 1722
1512 1895
1512 1968
1512 1992
1513 1838
1514 1713
1514 1716
1516 1679
1516 1941
1517 1878
1518 1608
1519 1556
1519 1643
1519 1661
1519 1703
1520 1925
1521 1533
1521 1756
1521 1935
1521 1975
1522 1591
1522 1878
1523 1554
1523 1636
1523 1713
1523 1739
1524 1572
1525 1774
1525 1863
1527 1968
1527 1970
1527 1978
1529 1737
1529 1793
1529 1910
1530 1717
1531 1584
1531 1611
1532 1962
1533 1709
1533 1991
1534 1539
1534 1713
1535 1964
1538 1861
1538 1866
1538 1898
1540 1598
1541 1554
1541 1713
1542 1683
1543 1546
1543 1592
1543 1731
1543 1893
1544 1692
1544 1791
1544 1850
1546 1993
1547 1650
1548 1697
1548 1920
1549 1591
1549 1853
1550 1988
1552 1933
1554 1565
1555 1903
1555 1995
1557 1632
1558 1643
1558 1935
1558 1975
1559 1656
1559 1718
1559 1804
1560 1649
1560 1739
1562 1694
1562 1728
1563 1748
1563 1966
1567 1744
1567 1853
1567 1959
1567 1968
1568 1776
1568 1904
1569 1853
1569 1894
1570 1752
1571 1833
1572 1838
1572 1942
1573 1962
1574 1579
1574 1621
1576 1736
1578 1585
1579 1774
1579 1906
1579 1996
1580 1590
1580 1639
1580 1807
1581 1792
1582 1938
1582 1967
1583 1595
1584 1776
1584 1872
1586 1650
1586 1855
1586 1887
1586 1901
1587 1703
1588 1694
1588 1765
1589 1876
1590 1823
1591 1996
1592 1861
1593 1662
1593 1729
1593 1809
1594 1606
1594 1640
1595 1730
1595 1820
1596 1991
1598 1633
1598 1952
1599 1599
1602 1875
1605 1817
1606 1758
1606 1839
1607 1629
1607 1876
1608 1785
1608 1940
1609 1729
1611 1862
1612 1667
1614 1703
1614 1764
1614 1907
1616 1753
1617 1659
1617 1813
1617 1871
1618 1752
1619 1693
1621 1856
1622 1926
1623 1636
1624 1680
1624 1705
1626 1652
1626 1841
1626 1938
1627 1653
1628 1628
1628 1744
1628 1795
1628 1872
1628 1885
1629 1770
1630 1727
1633 1717
1634 1998
1635 1789
1636 1665
1637 1749
1638 1891
1639 1834
1639 1879
1639 1910
1640 1735
1640 1750
1640 1934
1642 1921
1643 1721
1643 1804
1645 1975
1646 1661
1646 1677
1647 1647
1648 1757
1649 1755
1650 1690
1650 1727
1650 1828
1650 1961
1651 1817
1654 1786
1654 1909
1654 1938
1655 1896
1656 1976
1657 1837
1658 1732
1658 1896
1659 1975
1661 1826
1661 1888
1662 1737
1662 1762
1666 1797
1666 1974
1667 1755
1667 1919
1667 1981
1670 1937
1672 1831
1673 1727
1674 1684
1676 1727
1677 1721
1677 1758
1677 1894
1681 1775
1683 1741
1683 1865
1685 1700
1685 1909
1685 1928
1686 1696
1686 1728
1687 1924
1687 1949
1688 1691
1688 1715
1689 1740
1690 1909
1690 1971
1691 1707
1692 1978
1693 1973
1694 1791
1695 1727
1697 1800
1698 1932
1698 1950
1699 1800
1699 1942
1701 1704
1701 1766
1702 1861
1702 1862
1702 1879
1702 1896
1703 1930
1704 1943
1707 1892
1708 1874
1709 1713
1709 1733
1709 1824
1709 1969
1710 1979
1711 1953
1712 1972
1713 1720
1713 1728
1713 1758
1713 1848
1714 1916
1717 1813
1717 1897
1724 1821
1726 1878
1726 1955
1727 1755
1727 1889
1729 1857
1731 1901
1733 1765
1733 1855
1734 1819
1736 1850
1736 1918
1739 1777
1741 1871
1742 1792
1743 1954
1743 1972
1745 1802
1747 1937
1749 1752
1751 1765
1755 1897
1756 1861
1756 1875
1759 1864
1759 1888
1760 1779
1760 1845
1760 1937
1760 1941
1762 1954
1764 1859
1764 1880
1765 1858
1766 1924
1767 1943
1767 1985
1769 1897
1769 1901
1769 1924
1770 1958
1772 1779
1772 1807
1772 1810
1772 1819
1772 1938
1773 1879
1773 1903
1774 1981
1778 1838
1779 1867
1780 1942
1780 1985
1781 1914
1785 1878
1786 1803
1786 1931
1787 1850
1790 1989
1791 1836
1791 1917
1791 1963
1792 1856
1792 1860
1793 1865
1796 1957
1797 1919
1797 1925
1802 1969
1803 1880
1805 1917
1806 1862
1806 1945
1807 1926
1808 1815
1809 1940
1812 1892
1812 1975
1813 1887
1817 1848
1817 1926
1820 1972
1821 1958
1823 1826
1823 1978
1824 1967
1826 1991
1828 1937
1832 1832
1832 1967
1835 1890
1836 1882
1840 1981
1842 1885
1844 1988
1845 1863
1847 1987
1848 1899
1852 1862
1856 1885
1859 1945
1860 1985
1864 1987
1868 1901
1870 1901
1870 1902
1870 1970
1872 1877
1872 1967
1874 1950
1874 1989
1875 1964
1879 1999
1880 1982
1881 1948
1881 1994
1882 1920
1882 1955
1884 1937
1885 1956
1888 1926
1891 1910
1894 1913
1895 1898
1897 1986
1899 1950
1901 1921
1902 1912
1904 1965
1905 1998
1906 1917
1907 1955
1907 1985
1915 1961
1919 1963
1920 1992
1933 1971
1935 1944
1937 1964
1940 1965
1941 1972
1941 1996
1943 1961
1943 1962
1948 1978
1959 1982
1960 1961
1971 1983
1976 1997
1989 1997
