2000
0 685
0 700
0 1612
1 70
1 154
1 496
1 1220
1 1814
2 12
2 614
2 1064
2 1285
3 173
3 287
3 944
3 1052
3 1635
3 1766
4 192
4 402
4 450
4 495
4 747
4 1198
4 1853
5 611
5 1786
6 38
6 60
6 77
6 1388
7 840
7 1614
8 803
8 858
8 860
8 867
9 43
9 99
9 748
9 1636
10 88
10 402
10 678
10 778
10 1258
11 107
11 186
11 571
11 1386
11 1678
11 1829
12 235
12 343
12 471
12 794
13 639
13 682
13 1072
14 624
14 1334
15 1237
16 344
16 376
16 423
16 1864
16 1880
17 216
17 1824
17 1961
18 185
18 380
18 1673
18 1721
19 194
19 620
19 994
19 1163
19 1865
20 262
20 889
21 516
21 617
21 689
21 907
21 1673
21 1993
22 40
22 1364
22 1388
22 1873
23 95
23 294
23 364
23 475
23 926
23 1082
23 1359
24 400
24 429
24 986
24 1003
24 1580
24 1600
24 1824
25 797
25 987
25 1069
25 1812
26 35
26 929
26 1827
26 1923
26 1953
27 1077
27 1397
27 1944
28 1777
29 872
29 1924
30 696
30 984
30 1671
31 294
31 784
31 962
31 1418
32 459
32 1344
32 1824
33 484
33 605
33 803
33 1333
33 1358
33 1362
33 1703
34 90
34 776
34 889
34 1873
35 242
35 686
35 709
35 1719
36 153
36 764
36 797
36 800
36 865
36 1856
37 459
37 1603
38 45
38 918
38 1522
39 136
39 268
39 695
39 1513
41 293
41 387
41 1266
41 1767
42 243
42 254
42 1023
42 1230
42 1448
42 1741
43 604
43 883
43 897
43 1269
43 1587
43 1932
44 45
44 1153
44 1481
45 272
45 352
45 953
45 1161
45 1209
45 1515
46 125
46 370
46 901
46 991
46 1034
47 323
47 1275
48 134
48 321
48 1638
48 1661
48 1876
49 807
50 1350
51 1302
51 1973
52 781
52 896
52 1629
53 302
53 641
53 742
53 1569
53 1704
53 1732
53 1735
53 1754
53 1901
54 229
54 398
54 1221
54 1292
55 728
55 774
55 1521
56 650
56 721
56 1206
56 1289
57 199
57 513
57 798
57 1438
57 1521
58 880
58 1020
58 1444
58 1743
58 1842
59 288
59 1058
59 1191
59 1195
59 1352
59 1424
59 1510
60 1421
60 1481
60 1873
60 1934
61 1375
62 1433
62 1747
62 1808
63 305
63 322
63 1002
63 1011
63 1646
63 1715
64 1141
64 1345
65 916
65 951
65 1047
65 1053
65 1312
66 300
66 758
66 800
67 678
67 1048
68 243
68 1546
68 1850
68 1869
69 907
69 1581
69 1660
69 1733
70 674
70 1198
70 1233
70 1358
71 1664
71 1837
71 1925
71 1967
72 731
72 992
72 1762
73 1035
74 277
74 1182
74 1443
75 283
75 362
75 1796
76 288
76 1030
76 1483
76 1824
77 113
77 277
77 527
77 817
77 835
77 1298
78 476
78 708
78 1659
78 1946
79 267
79 559
79 1144
79 1894
80 970
80 1022
80 1585
80 1843
81 88
81 146
81 343
81 1500
81 1980
82 442
82 450
82 622
82 1123
82 1451
83 300
83 424
83 851
83 1500
83 1594
83 1734
84 515
84 543
84 953
85 556
85 1161
85 1497
85 1509
85 1529
85 1818
86 118
86 351
86 1689
86 1922
86 1924
87 836
88 172
88 519
88 981
89 1246
89 1703
90 563
90 1031
90 1356
91 615
91 883
91 1264
91 1287
91 1666
92 883
92 1271
92 1411
92 1585
92 1683
93 132
93 364
93 684
93 1276
93 1871
94 376
94 1273
94 1362
94 1526
95 212
95 1524
96 567
96 646
96 792
96 1349
96 1776
96 1894
96 1952
97 397
97 1130
97 1431
97 1440
97 1445
97 1581
98 133
98 544
98 649
98 1706
99 547
99 900
99 1303
99 1609
99 1790
99 1826
100 526
100 1356
100 1439
100 1627
100 1783
100 1878
101 648
101 1311
101 1546
101 1850
102 115
102 227
103 1881
104 1262
104 1300
104 1815
105 329
105 750
105 1645
106 159
106 186
106 268
106 399
106 896
106 1217
106 1284
106 1324
106 1563
108 1191
108 1316
109 1202
110 630
110 1672
111 244
111 816
111 1167
111 1615
111 1796
112 230
112 537
112 1933
113 218
113 425
113 865
113 1072
113 1154
114 184
114 284
114 292
114 442
114 1664
114 1842
115 142
115 1521
115 1973
116 184
116 472
116 484
116 1202
116 1879
117 832
117 950
117 1284
117 1686
118 181
118 617
118 680
118 1052
118 1677
119 297
119 761
119 1283
120 448
120 751
120 1020
120 1623
120 1674
121 1081
121 1209
121 1409
122 816
122 1204
122 1363
122 1533
122 1723
123 427
123 928
124 135
124 400
124 820
124 855
124 955
124 1271
124 1286
124 1336
125 539
125 744
125 757
126 596
126 1120
127 1421
127 1435
128 1288
128 1324
128 1563
128 1970
129 277
129 906
129 1974
130 316
130 1360
131 716
131 1487
132 468
132 1457
132 1896
132 1933
133 632
133 1794
133 1815
133 1890
134 981
134 1336
134 1547
134 1946
135 157
135 209
135 717
135 1872
136 411
136 510
136 1505
137 604
138 899
138 1206
138 1559
139 423
139 581
140 431
140 539
140 596
140 857
140 1117
140 1405
140 1650
140 1890
141 217
141 1276
142 377
142 519
142 961
142 963
142 1182
142 1419
142 1479
142 1899
143 1992
144 273
144 1013
144 1091
145 476
145 586
145 1083
146 324
146 1125
146 1702
146 1759
147 798
148 429
148 887
148 1278
149 409
149 537
149 1146
149 1384
149 1404
149 1676
151 308
151 1710
151 1890
152 274
152 711
152 1031
152 1269
152 1404
153 483
153 682
153 1171
153 1571
153 1738
154 248
154 535
154 1502
154 1737
155 377
155 517
155 704
155 855
156 435
156 1587
157 183
157 911
157 1038
157 1369
158 731
159 187
159 1053
159 1133
160 747
160 1420
160 1925
160 1939
161 592
161 700
161 892
161 1270
162 664
162 854
162 1433
163 196
163 1108
163 1255
163 1961
164 299
164 980
165 318
165 807
165 1110
165 1648
165 1667
166 272
166 353
166 1380
167 296
167 438
167 1652
167 1984
167 1992
168 1907
169 1297
170 325
170 1092
170 1128
170 1518
171 363
171 572
171 801
171 877
171 1717
171 1952
172 185
172 401
172 480
172 491
172 1093
172 1840
174 850
174 1144
174 1167
174 1225
174 1578
174 1594
175 400
175 1776
176 179
176 796
176 953
177 787
177 1471
178 837
178 1228
179 698
179 1156
179 1749
180 851
180 1376
180 1693
181 289
181 416
181 598
181 728
181 1241
182 635
182 706
182 986
182 1767
182 1994
183 337
183 813
183 1112
183 1716
184 640
185 1919
185 1947
186 797
186 890
186 937
186 1474
186 1727
186 1805
187 868
187 988
187 1114
187 1637
187 1979
188 284
188 573
188 592
188 857
188 1578
188 1677
189 508
189 778
189 784
189 983
190 416
190 604
190 638
191 925
192 437
192 690
192 1854
194 525
194 930
195 264
195 274
195 1126
196 289
196 321
196 1039
196 1128
196 1186
196 1476
196 1702
197 1292
197 1644
198 456
198 910
198 1225
198 1308
198 1370
198 1577
199 1362
199 1740
200 227
200 861
200 1288
200 1523
200 1775
201 476
201 1985
202 312
202 362
202 998
202 1255
202 1838
203 223
203 285
203 1154
204 1993
205 256
205 477
205 886
206 231
206 530
206 713
206 902
206 1177
206 1514
207 1185
208 656
208 1658
209 289
209 340
209 363
209 589
209 766
209 1557
210 289
210 892
210 904
211 1317
211 1460
211 1900
211 1955
212 1393
213 619
213 1180
213 1357
213 1776
213 1838
213 1919
214 582
214 877
214 983
214 1005
214 1486
214 1974
215 389
215 412
215 435
215 1063
215 1170
215 1809
216 897
216 1271
216 1288
216 1709
216 1908
217 371
217 497
217 543
217 1190
217 1210
217 1382
217 1801
218 392
218 710
218 1858
219 699
219 962
219 1099
219 1198
219 1277
220 926
221 470
221 941
221 1113
221 1397
221 1570
221 1657
221 1727
222 687
222 884
222 1369
223 281
223 508
223 684
223 902
223 1046
224 227
224 954
224 1215
224 1360
225 314
225 322
225 495
225 680
225 1694
226 414
226 487
226 1900
227 1432
228 819
228 989
228 1671
229 522
229 648
230 828
230 883
230 1765
230 1947
230 1984
231 1131
232 1017
232 1214
232 1664
232 1773
232 1800
233 936
233 1253
233 1834
234 728
234 1465
235 489
235 639
236 970
236 1370
236 1385
236 1669
236 1742
237 857
237 1282
237 1334
237 1526
238 881
238 1736
238 1754
239 487
239 953
240 805
240 927
240 1572
240 1680
240 1943
240 1947
241 663
241 941
241 1366
241 1617
241 1915
242 697
242 1455
242 1755
242 1803
242 1984
243 1386
245 530
245 762
245 1062
245 1697
245 1743
246 1252
246 1580
246 1722
246 1922
247 710
247 950
247 1946
248 304
248 432
249 1382
250 462
250 1041
250 1289
250 1417
250 1608
250 1666
251 383
251 865
251 1007
252 365
252 458
252 483
252 659
252 1346
252 1382
253 327
253 1330
253 1399
254 376
254 407
254 714
254 1651
254 1661
254 1707
254 1862
255 1549
255 1900
256 547
256 1747
256 1939
257 1733
258 731
258 1302
258 1443
259 336
259 1134
259 1210
260 438
260 532
260 654
260 1525
261 288
261 416
261 810
261 857
261 1401
261 1904
262 519
262 1060
262 1850
263 709
263 769
263 1183
263 1525
263 1554
263 1948
264 441
264 696
264 808
264 870
265 752
265 899
265 1353
266 1424
266 1945
267 1145
267 1202
268 903
268 966
268 1316
268 1700
268 1877
269 1203
269 1252
270 1483
271 679
271 1667
271 1808
272 880
272 1563
273 853
273 995
273 1142
273 1182
273 1283
273 1479
273 1710
273 1736
274 1309
274 1635
274 1958
275 426
275 939
276 1086
276 1189
276 1202
276 1608
276 1702
277 1522
277 1574
277 1603
278 692
278 702
278 827
278 867
278 1166
278 1479
278 1794
279 346
279 1659
279 1797
279 1947
280 726
280 1155
280 1603
281 415
281 1165
281 1271
282 303
282 504
282 617
282 1221
282 1274
283 897
283 1203
284 969
284 1030
284 1076
284 1429
285 430
285 841
286 1619
286 1976
287 845
287 1138
287 1996
288 380
288 939
289 312
289 486
289 676
289 1516
289 1801
290 355
290 516
290 1400
290 1826
291 605
291 779
292 588
292 1147
293 1394
293 1417
293 1720
293 1803
293 1965
294 316
294 1322
294 1737
295 356
295 683
295 1835
296 1261
297 459
297 579
297 704
297 808
297 1640
297 1978
298 1556
298 1825
299 845
299 910
300 415
300 522
300 648
300 674
300 1612
300 1686
300 1990
301 1074
301 1599
301 1614
301 1681
301 1884
302 498
302 580
302 887
302 949
302 1683
303 1658
303 1683
303 1754
304 704
304 949
304 1380
304 1746
305 658
305 1795
306 482
306 730
306 764
306 809
306 1060
306 1532
306 1807
307 499
307 946
307 1583
308 591
308 689
308 1227
308 1481
309 538
309 1471
310 1248
310 1635
311 890
311 932
311 1119
311 1612
311 1889
312 822
312 1518
312 1554
312 1777
312 1913
313 741
313 747
313 945
313 1109
313 1841
314 893
316 783
316 1229
316 1610
317 702
317 984
317 1422
318 446
318 796
318 798
318 825
318 863
318 1277
318 1363
318 1804
319 1405
319 1457
319 1490
320 564
320 1091
320 1561
321 1012
321 1341
321 1464
321 1476
321 1524
322 536
322 848
322 1968
323 608
323 638
323 1387
323 1429
323 1599
323 1772
324 433
324 739
324 1021
325 826
326 608
326 622
326 1256
326 1423
326 1426
326 1876
327 598
327 621
327 1135
327 1298
327 1800
328 1245
328 1270
328 1424
328 1924
329 740
329 755
329 981
329 986
330 937
331 1028
331 1050
331 1063
331 1878
331 1896
331 1941
332 1942
333 335
333 1448
333 1814
333 1860
333 1900
333 1993
334 625
334 1062
334 1492
335 427
335 1994
336 862
336 1127
336 1255
336 1552
337 572
337 1117
337 1474
337 1886
338 500
338 629
338 859
338 1797
338 1892
339 418
339 1268
339 1511
340 1012
340 1035
340 1322
340 1497
341 656
341 848
341 1122
341 1902
342 415
342 467
342 1640
343 1056
343 1761
343 1837
343 1887
344 518
344 671
344 940
344 1196
345 403
345 1376
345 1460
345 1568
348 828
348 924
348 1569
349 591
349 710
349 966
349 1169
349 1271
349 1481
350 616
350 729
350 770
350 1127
350 1661
350 1853
350 1902
350 1995
351 1651
352 712
352 752
352 762
352 1490
352 1693
352 1718
353 653
353 889
353 1987
354 1220
354 1240
355 1414
356 848
356 919
356 1326
357 1014
357 1518
357 1744
358 406
358 512
358 569
358 636
358 1554
358 1943
359 1142
359 1207
359 1646
360 477
360 1682
361 1069
361 1220
361 1739
362 448
362 823
363 1631
364 718
364 746
364 749
364 989
364 1000
364 1349
364 1484
365 989
365 1038
365 1134
365 1843
366 496
366 839
366 1041
366 1102
367 1299
367 1303
368 448
368 1618
369 555
369 1319
371 567
371 1321
371 1976
372 404
372 973
372 1426
372 1748
372 1946
373 576
373 1037
373 1249
373 1430
373 1684
374 882
374 1323
374 1327
375 659
375 1672
377 674
377 1265
377 1547
377 1744
377 1819
378 1457
379 1836
380 917
380 1418
381 489
381 1056
381 1146
381 1782
382 711
382 858
382 1360
382 1700
383 924
384 1839
385 757
385 968
385 1193
385 1450
386 429
386 902
386 985
386 1012
386 1802
387 935
387 1439
388 812
388 1530
389 590
390 1615
391 681
391 1211
391 1576
392 1562
392 1615
393 1450
393 1994
394 1198
394 1898
395 1039
395 1109
395 1341
396 470
396 1057
396 1273
396 1381
396 1746
397 658
397 994
397 1490
398 731
398 1726
399 1253
400 1554
400 1861
400 1881
401 1781
401 1825
401 1892
402 890
402 1090
402 1447
402 1641
403 722
403 1545
403 1772
403 1935
404 653
404 929
404 1637
404 1691
405 503
406 662
406 677
406 1713
408 1265
408 1947
409 1255
410 1052
411 605
411 706
411 1348
411 1755
412 429
412 523
412 547
412 1502
413 695
413 1313
413 1974
414 1785
414 1796
414 1801
414 1947
415 884
415 1419
415 1655
415 1686
416 1817
417 659
417 953
417 996
417 1050
417 1220
417 1420
417 1843
417 1863
418 858
418 966
418 1265
419 601
419 1030
419 1848
421 791
421 1279
421 1757
422 965
422 1254
423 541
423 784
423 1013
423 1305
423 1404
423 1655
423 1963
424 529
424 565
424 1220
424 1851
425 1432
425 1905
425 1948
425 1959
426 867
426 1171
426 1424
426 1547
426 1741
426 1793
426 1921
427 477
427 1078
427 1303
427 1603
428 982
428 1086
428 1239
428 1578
428 1941
429 720
429 1410
429 1740
429 1943
430 1079
431 1420
432 1328
432 1404
433 760
433 1259
433 1344
433 1764
434 564
434 1886
435 1002
435 1073
435 1568
435 1925
435 1942
436 1706
437 591
437 691
437 1212
437 1232
438 640
438 1360
438 1889
439 1449
439 1487
440 658
440 919
440 1052
440 1912
441 1232
441 1630
442 765
442 1715
443 754
443 1135
443 1343
443 1626
444 917
444 1390
445 1829
445 1954
446 1698
447 629
447 983
447 1054
447 1285
448 657
448 1025
448 1184
448 1289
449 681
449 1742
451 978
451 1146
451 1469
451 1907
452 1127
452 1197
452 1871
456 1773
456 1907
457 591
457 641
457 891
457 1607
457 1898
457 1940
458 1135
458 1960
459 1579
459 1708
460 685
460 1675
460 1881
461 1068
461 1441
461 1859
461 1922
462 825
462 967
463 921
463 1108
463 1653
463 1714
463 1831
464 569
464 800
465 660
465 732
466 1251
467 1248
468 739
468 922
468 1209
468 1708
468 1920
469 561
469 863
469 1567
469 1940
470 546
470 1808
471 567
471 592
471 1955
472 511
472 1899
472 1987
473 476
473 1642
473 1813
474 909
474 1066
474 1126
474 1696
474 1741
474 1863
475 610
475 951
475 1141
475 1654
475 1833
476 675
476 1163
476 1896
477 542
477 1522
478 500
478 1261
479 487
479 579
479 691
479 712
479 976
480 1445
481 670
481 732
481 1481
481 1881
482 1084
482 1103
482 1454
483 1273
483 1541
483 1761
484 943
484 1084
485 627
485 711
485 1446
485 1641
485 1960
486 616
486 1977
487 722
487 932
487 969
487 1595
487 1726
488 1136
488 1342
489 1217
490 620
491 702
491 1399
492 676
492 1414
492 1611
492 1781
493 735
493 801
493 815
493 1100
493 1190
493 1457
494 575
494 753
494 964
494 1021
494 1148
494 1376
495 610
495 941
495 945
495 1761
496 619
496 694
496 1095
496 1839
497 578
497 879
497 900
498 1766
499 1431
500 617
500 1806
501 648
501 701
501 745
501 1212
502 513
502 684
502 776
502 1210
502 1883
503 700
503 1348
504 666
504 707
504 989
504 1968
505 839
505 1099
505 1230
505 1342
505 1382
506 724
506 828
506 1633
506 1824
507 899
507 1325
507 1398
507 1441
507 1998
508 604
508 622
508 1348
508 1519
509 1253
510 906
510 1172
510 1258
511 643
511 830
511 1228
512 1367
512 1917
512 1927
513 1137
513 1475
513 1658
514 883
514 967
515 630
515 1012
515 1095
515 1139
515 1277
515 1682
516 1417
516 1426
517 597
517 1407
517 1689
518 1119
518 1518
519 869
519 1633
520 722
520 845
521 1165
521 1318
521 1362
521 1391
522 1120
522 1304
523 747
523 752
523 1141
523 1258
523 1404
524 1017
525 1156
526 957
526 1383
527 912
527 1009
527 1239
527 1331
527 1489
527 1785
527 1977
528 1086
529 546
529 864
529 1002
530 1619
531 547
531 1099
531 1915
532 1947
533 1253
533 1302
534 806
534 1437
535 681
535 1009
535 1166
536 714
536 925
536 1230
537 853
537 952
537 1378
537 1685
537 1890
539 547
539 1618
540 1143
540 1815
540 1854
541 1342
541 1502
542 857
542 1296
542 1358
542 1506
542 1637
542 1991
543 1007
543 1476
544 671
544 804
544 964
544 1112
544 1133
544 1396
545 626
545 913
545 1094
545 1103
545 1967
545 1969
546 806
546 872
546 1738
548 1399
548 1807
548 1932
548 1942
549 613
549 686
549 1235
549 1482
550 552
550 906
550 1417
550 1687
551 771
551 784
551 833
551 1521
552 670
552 1796
553 831
553 1608
553 1695
554 816
554 884
554 931
554 1095
554 1510
555 987
556 872
556 1234
556 1243
557 1735
558 1050
558 1289
558 1863
559 926
559 1122
559 1628
560 772
560 1372
560 1782
561 632
561 728
561 1792
562 689
562 1025
562 1353
562 1439
562 1569
563 686
563 999
563 1090
563 1988
564 770
564 842
564 1580
565 699
565 718
565 991
566 1319
566 1376
566 1742
569 676
569 784
569 1645
569 1857
570 671
570 1436
570 1783
571 1049
571 1114
571 1339
571 1766
572 694
572 1473
573 1768
573 1897
574 701
574 847
574 1468
575 1560
576 1368
576 1581
577 1860
578 1622
579 1041
581 983
582 1333
582 1483
582 1774
582 1931
582 1940
584 1045
584 1881
585 638
585 714
585 969
585 993
585 1075
585 1289
585 1389
587 735
587 899
587 1746
588 976
588 1400
588 1743
589 611
589 909
589 1385
590 696
590 1985
591 1716
592 769
592 1102
592 1286
592 1433
592 1980
593 748
593 1213
593 1308
593 1327
594 1022
594 1230
594 1363
594 1516
595 1460
595 1657
596 919
596 1437
596 1831
596 1973
598 1102
598 1399
598 1854
599 1494
600 1746
601 1478
601 1988
602 1281
602 1547
602 1685
603 1917
604 969
604 1426
605 1317
605 1510
605 1634
605 1857
606 1018
606 1361
606 1626
607 781
607 1706
608 795
608 989
609 614
609 982
609 1503
610 633
610 1949
611 1608
612 868
613 973
613 1070
613 1220
613 1358
613 1379
614 637
614 867
614 1272
614 1527
615 1382
617 1250
617 1404
617 1604
617 1682
618 1252
618 1576
620 1381
621 826
621 1132
621 1165
621 1788
621 1896
622 700
622 839
622 1512
622 1721
623 805
623 1575
625 1013
625 1044
625 1604
625 1882
625 1900
625 1915
626 1170
626 1990
627 825
629 1850
631 1567
631 1840
632 972
632 1386
632 1516
632 1563
633 836
634 846
634 1611
635 967
635 1218
635 1310
635 1806
636 1776
637 1323
637 1546
638 1184
638 1295
639 1225
640 1875
641 681
641 1116
641 1758
641 1862
642 774
642 1680
643 1266
643 1271
643 1569
643 1577
644 742
644 812
644 954
644 1090
644 1463
645 771
645 1623
645 1887
647 1007
648 708
648 834
648 1333
648 1993
649 889
649 1019
649 1168
649 1589
649 1988
650 654
650 760
650 1570
651 1164
651 1252
651 1330
651 1576
651 1753
652 1054
652 1251
653 1199
654 741
654 1045
654 1613
654 1690
655 826
655 936
655 957
655 1009
655 1203
655 1657
655 1844
656 1269
656 1474
656 1524
657 786
657 1317
657 1588
657 1791
658 1689
658 1715
659 1465
660 755
660 1824
661 755
661 1683
661 1729
662 741
662 1133
663 818
663 881
664 892
664 1979
665 762
665 1371
665 1514
666 1446
667 1532
668 1069
668 1602
668 1842
669 893
670 832
670 1026
670 1111
670 1409
670 1995
671 1051
672 991
672 1172
672 1332
672 1409
672 1590
673 1057
673 1633
674 808
674 1278
674 1442
674 1784
674 1879
675 1128
675 1401
675 1594
676 1434
676 1448
676 1556
676 1570
678 1397
678 1594
679 804
680 1236
681 1888
682 1024
682 1409
683 1488
683 1534
684 726
684 1194
685 991
686 1462
687 705
687 1234
688 826
689 886
689 1540
690 1625
690 1646
691 872
691 1323
691 1817
691 1882
692 1454
693 1108
693 1670
693 1784
694 739
694 1515
694 1549
694 1620
695 790
695 814
695 1537
695 1661
696 864
696 1140
696 1306
696 1431
697 1167
697 1200
697 1396
697 1444
697 1918
698 878
698 1184
698 1227
699 753
699 775
699 1048
700 1438
701 1467
701 1643
701 1661
702 1086
702 1729
703 1492
704 1810
705 981
706 1528
706 1751
706 1947
707 829
707 1304
708 727
708 971
708 1109
709 975
709 1179
710 1388
710 1565
710 1659
710 1852
711 1070
711 1603
712 909
712 1665
712 1669
713 932
713 1182
713 1501
713 1998
714 1015
714 1516
714 1895
714 1951
716 803
716 1002
716 1197
716 1535
717 864
718 1146
718 1439
718 1870
720 1182
720 1463
720 1570
721 757
721 1561
721 1657
722 752
722 1445
723 1966
724 1675
725 952
726 1511
726 1575
726 1648
726 1978
727 736
727 1096
727 1178
727 1495
728 1177
728 1588
728 1717
728 1759
728 1870
729 1203
730 1002
730 1987
731 762
733 923
733 957
734 1991
735 1005
735 1119
735 1538
735 1947
736 908
736 995
736 1137
736 1561
737 1257
737 1647
738 866
738 934
738 1668
738 1698
738 1794
738 1966
739 1279
739 1950
740 1617
740 1658
741 1386
741 1398
741 1425
742 962
742 1443
742 1583
742 1621
742 1869
743 1599
744 1349
745 886
745 958
745 1351
745 1543
746 1490
747 1089
747 1197
747 1366
747 1431
747 1523
748 1324
748 1539
749 1455
750 1575
751 1048
751 1311
751 1618
752 818
752 887
752 1677
754 1101
754 1703
755 786
755 1607
756 760
756 1406
757 1084
759 847
759 1300
759 1519
760 873
760 1270
760 1496
761 925
761 1495
762 1027
762 1515
762 1998
763 917
763 1852
764 965
764 1418
764 1804
764 1818
765 766
765 1806
765 1967
766 797
766 948
766 1301
766 1775
766 1870
767 1087
767 1299
768 833
768 1930
769 829
769 968
769 1839
769 1995
770 874
770 1358
770 1492
770 1495
771 1138
771 1321
771 1996
772 978
773 907
773 1361
773 1498
773 1599
773 1780
774 1810
775 1111
775 1172
775 1496
775 1528
776 939
777 864
777 1057
777 1385
778 1638
779 1097
779 1886
780 1007
780 1016
780 1389
780 1884
781 998
781 1067
781 1214
781 1531
781 1934
782 995
782 1559
782 1963
783 974
783 1114
784 989
784 1152
784 1875
785 805
785 1577
785 1812
786 941
786 1990
787 1726
788 876
788 1515
788 1604
789 872
789 923
789 1292
789 1464
789 1585
790 1172
790 1354
790 1623
791 1233
792 1072
792 1157
792 1162
792 1290
792 1485
792 1790
793 1367
793 1531
793 1753
794 959
794 1135
794 1854
794 1886
795 1240
796 1827
797 1714
797 1896
798 1027
798 1296
799 1902
800 1895
800 1951
801 987
802 930
803 837
803 1843
804 1370
805 922
805 1231
805 1422
805 1679
806 1758
807 1307
808 1433
808 1939
809 1157
809 1347
809 1594
809 1736
810 1973
811 1004
811 1178
811 1205
812 1327
812 1931
813 1100
813 1781
814 1487
815 1005
815 1932
816 927
816 987
816 1643
816 1680
817 843
817 1022
817 1106
817 1482
817 1528
818 1675
820 1617
821 1286
822 1375
822 1590
823 1760
823 1856
823 1967
825 881
826 1188
826 1290
826 1628
827 1600
827 1609
828 1058
828 1243
828 1837
829 1420
829 1581
829 1746
830 1149
830 1386
831 1117
831 1396
831 1822
831 1958
832 1650
833 1438
833 1704
834 928
834 1005
834 1603
834 1874
835 1740
835 1906
836 1073
836 1297
837 1932
838 1871
839 1478
841 887
841 1674
841 1891
842 1361
843 1108
843 1807
844 1562
845 956
845 1001
845 1338
845 1998
846 1627
846 1655
846 1658
847 1074
847 1148
847 1368
847 1597
848 1659
849 866
849 1364
851 1695
851 1703
852 1428
853 906
853 1041
855 1885
856 1162
856 1428
856 1576
857 1174
857 1385
858 960
858 1115
858 1234
858 1872
859 940
860 1726
861 959
861 1111
861 1252
861 1297
862 1446
863 1702
864 1416
864 1681
865 1166
866 1317
867 1050
867 1453
868 877
868 1156
869 1574
869 1932
870 1621
870 1981
870 1999
871 993
871 1528
871 1535
871 1622
871 1684
871 1840
872 900
872 1136
872 1670
873 976
873 1287
873 1355
874 974
874 1169
874 1622
875 1063
875 1457
875 1630
876 1154
876 1433
877 1484
878 1583
879 1280
879 1345
879 1553
879 1814
880 1091
880 1310
880 1766
881 925
881 964
881 1310
881 1969
881 1985
882 1969
883 1230
884 914
884 943
884 1699
885 1095
886 917
886 1590
888 1044
889 1347
891 998
891 1310
891 1509
891 1574
891 1585
892 1122
892 1939
893 1098
893 1159
893 1248
893 1901
894 1267
894 1513
894 1723
894 1935
895 1913
896 1095
896 1336
896 1466
896 1632
897 1388
898 1524
898 1598
898 1850
899 972
900 1015
900 1372
900 1596
900 1604
900 1990
901 1070
901 1283
901 1380
902 1807
903 1787
904 1158
904 1170
904 1331
905 1291
906 1790
907 1004
907 1330
907 1373
908 1251
908 1624
908 1695
909 1216
909 1497
909 1955
910 1050
910 1261
911 1565
912 1235
912 1387
912 1717
913 1791
915 1126
915 1661
917 1295
918 1619
919 1130
920 980
920 1251
920 1440
920 1938
921 1976
922 1207
922 1851
923 1307
923 1342
925 1054
925 1492
926 1428
926 1800
926 1953
927 1047
927 1069
927 1077
927 1352
927 1808
927 1893
928 1917
929 1109
929 1243
929 1430
929 1644
930 1105
931 1349
931 1660
931 1807
934 1497
934 1533
935 1370
935 1504
935 1618
936 1059
936 1253
936 1341
936 1545
936 1831
937 1203
938 1395
939 1295
940 1107
940 1586
941 1235
941 1840
942 1541
942 1554
943 1468
944 1071
944 1302
944 1733
945 1502
946 1106
946 1837
947 1443
948 1243
948 1279
948 1332
949 1340
949 1833
950 1273
951 994
951 1110
951 1288
952 1135
952 1537
952 1953
952 1964
953 1751
953 1826
955 1813
955 1884
956 1131
956 1289
956 1875
956 1949
959 1289
960 1198
960 1494
962 1480
963 1592
963 1828
964 1129
964 1320
964 1588
964 1657
964 1844
965 1606
965 1747
966 1771
966 1906
967 1756
968 1430
969 1047
970 1360
970 1602
970 1936
971 1538
973 1810
973 1868
976 1326
976 1795
977 1197
978 1359
978 1382
978 1999
980 1393
980 1427
981 1342
982 1595
983 1344
983 1775
983 1923
984 1398
986 1384
987 1101
987 1907
988 1740
989 1013
989 1045
989 1475
990 1538
991 1232
991 1670
992 1298
993 1046
993 1499
994 1130
994 1828
995 1165
995 1270
995 1405
996 1139
996 1324
996 1624
996 1849
997 1186
997 1877
998 1219
998 1420
998 1513
998 1888
999 1117
1000 1798
1001 1002
1001 1115
1001 1715
1001 1874
1002 1226
1002 1522
1002 1574
1002 1835
1002 1965
1003 1266
1003 1275
1003 1500
1004 1956
1005 1126
1005 1315
1006 1071
1006 1240
1006 1423
1006 1564
1007 1118
1007 1715
1008 1726
1008 1886
1008 1960
1011 1264
1011 1772
1012 1483
1012 1584
1013 1044
1013 1686
1014 1642
1014 1665
1015 1828
1017 1833
1019 1193
1020 1066
1020 1211
1020 1607
1021 1613
1021 1810
1023 1839
1024 1967
1025 1208
1025 1807
1025 1974
1026 1207
1026 1829
1026 1937
1028 1140
1029 1383
1029 1992
1031 1155
1031 1246
1031 1539
1032 1524
1032 1528
1033 1216
1033 1283
1033 1416
1034 1105
1034 1185
1035 1130
1035 1192
1035 1220
1035 1279
1035 1339
1035 1640
1035 1979
1036 1228
1036 1245
1037 1430
1037 1766
1037 1865
1037 1985
1038 1047
1038 1411
1038 1544
1038 1694
1038 1975
1039 1487
1040 1646
1041 1047
1041 1956
1044 1482
1045 1348
1046 1275
1047 1281
1048 1125
1049 1564
1049 1678
1050 1254
1050 1343
1051 1819
1052 1280
1052 1481
1052 1929
1053 1153
1053 1376
1053 1938
1054 1822
1054 1859
1055 1357
1055 1412
1056 1159
1056 1367
1056 1665
1056 1791
1057 1062
1057 1266
1057 1824
1058 1139
1058 1682
1060 1223
1060 1374
1060 1857
1061 1147
1061 1493
1061 1508
1062 1875
1063 1263
1063 1273
1063 1755
1063 1795
1064 1495
1067 1089
1068 1207
1068 1773
1069 1970
1070 1248
1071 1147
1071 1348
1072 1469
1073 1133
1073 1434
1073 1741
1073 1742
1074 1602
1074 1785
1074 1843
1074 1902
1075 1383
1075 1871
1077 1611
1077 1953
1078 1715
1079 1536
1080 1091
1080 1229
1080 1484
1080 1756
1080 1869
1081 1323
1081 1986
1081 1997
1082 1504
1083 1344
1083 1729
1083 1836
1087 1093
1087 1206
1087 1527
1088 1399
1089 1963
1090 1883
1092 1816
1092 1938
1093 1544
1093 1758
1093 1938
1093 1979
1094 1342
1095 1154
1095 1682
1095 1812
1095 1859
1097 1660
1097 1692
1098 1372
1098 1741
1099 1631
1100 1314
1101 1628
1101 1851
1101 1945
1102 1298
1102 1938
1103 1644
1105 1541
1106 1784
1107 1495
1108 1188
1108 1522
1108 1747
1109 1252
1109 1924
1109 1928
1110 1147
1111 1242
1111 1452
1112 1404
1112 1569
1112 1583
1112 1782
1112 1945
1112 1967
1113 1323
1114 1521
1114 1931
1117 1757
1117 1967
1118 1373
1119 1330
1119 1440
1121 1200
1121 1320
1121 1977
1123 1795
1124 1575
1125 1274
1125 1487
1127 1382
1127 1885
1128 1352
1128 1589
1128 1622
1128 1651
1129 1516
1130 1184
1130 1792
1131 1466
1131 1861
1131 1910
1133 1446
1134 1443
1134 1629
1135 1784
1135 1846
1136 1138
1137 1568
1137 1575
1137 1670
1137 1804
1138 1198
1138 1674
1139 1144
1139 1475
1140 1863
1141 1683
1142 1499
1144 1176
1145 1329
1145 1884
1146 1457
1147 1362
1147 1461
1147 1512
1147 1672
1147 1954
1148 1388
1149 1599
1150 1533
1151 1426
1151 1849
1152 1701
1153 1455
1154 1167
1154 1624
1155 1658
1156 1333
1157 1288
1157 1711
1157 1857
1158 1197
1158 1227
1158 1597
1158 1956
1159 1520
1159 1637
1160 1495
1160 1820
1160 1914
1162 1276
1162 1290
1162 1679
1163 1498
1163 1903
1164 1278
1164 1392
1164 1564
1165 1786
1166 1395
1167 1902
1169 1538
1171 1205
1171 1417
1171 1695
1172 1473
1172 1760
1172 1882
1173 1579
1173 1676
1174 1180
1174 1186
1174 1231
1174 1867
1176 1226
1176 1460
1177 1663
1177 1669
1178 1620
1178 1628
1179 1601
1181 1187
1181 1391
1181 1522
1181 1751
1181 1769
1182 1651
1182 1873
1183 1621
1183 1659
1184 1413
1184 1484
1184 1799
1185 1686
1188 1564
1188 1934
1190 1310
1190 1834
1191 1422
1191 1462
1191 1674
1192 1355
1193 1624
1194 1578
1194 1740
1194 1869
1195 1323
1195 1704
1195 1939
1196 1196
1196 1381
1197 1247
1198 1956
1199 1200
1199 1625
1199 1719
1202 1490
1202 1542
1202 1796
1204 1574
1205 1302
1205 1633
1206 1562
1206 1833
1206 1853
1207 1320
1207 1349
1207 1766
1207 1933
1208 1306
1208 1695
1208 1871
1209 1684
1211 1374
1213 1589
1214 1379
1214 1847
1214 1962
1215 1441
1215 1728
1216 1454
1216 1927
1217 1348
1217 1694
1219 1814
1219 1855
1221 1410
1223 1330
1225 1494
1226 1268
1226 1907
1227 1498
1229 1232
1229 1373
1230 1292
1231 1631
1232 1493
1232 1525
1232 1934
1233 1377
1233 1564
1233 1750
1233 1865
1235 1627
1235 1669
1236 1805
1236 1880
1238 1364
1239 1277
1240 1341
1241 1633
1242 1724
1243 1276
1243 1772
1243 1988
1244 1576
1245 1476
1247 1306
1247 1592
1248 1472
1249 1279
1249 1399
1249 1634
1250 1668
1250 1849
1250 1932
1251 1864
1252 1811
1255 1541
1257 1283
1257 1325
1257 1926
1257 1946
1259 1303
1260 1384
1260 1735
1260 1838
1261 1261
1261 1316
1261 1956
1262 1729
1263 1370
1263 1529
1265 1570
1266 1838
1266 1935
1267 1478
1267 1944
1268 1815
1270 1938
1270 1944
1271 1349
1271 1588
1272 1578
1274 1462
1275 1505
1275 1629
1275 1928
1276 1471
1276 1982
1278 1351
1278 1609
1279 1526
1279 1968
1280 1453
1280 1734
1280 1806
1280 1875
1281 1393
1281 1740
1283 1348
1284 1471
1285 1410
1286 1915
1288 1447
1288 1829
1289 1542
1289 1789
1291 1811
1291 1821
1294 1942
1295 1905
1299 1665
1299 1837
1299 1998
1300 1435
1300 1972
1301 1686
1302 1328
1303 1319
1306 1430
1306 1671
1307 1865
1308 1925
1309 1563
1311 1667
1313 1318
1313 1914
1314 1528
1314 1624
1314 1929
1315 1346
1315 1967
1317 1444
1318 1909
1320 1709
1320 1799
1321 1739
1322 1672
1324 1697
1325 1657
1326 1378
1329 1501
1329 1820
1330 1571
1331 1863
1332 1382
1332 1739
1332 1845
1333 1790
1334 1348
1334 1510
1334 1838
1334 1910
1335 1706
1336 1792
1336 1846
1337 1827
1337 1917
1338 1631
1339 1617
1340 1411
1340 1486
1340 1622
1340 1679
1341 1430
1341 1562
1341 1762
1341 1923
1342 1410
1342 1684
1342 1975
1343 1415
1343 1905
1344 1607
1344 1742
1344 1805
1344 1827
1349 1358
1350 1355
1352 1558
1353 1567
1354 1391
1356 1687
1357 1560
1358 1946
1359 1712
1362 1618
1363 1545
1363 1609
1363 1748
1364 1838
1365 1734
1366 1570
1367 1571
1368 1827
1369 1421
1369 1780
1370 1375
1370 1676
1371 1795
1374 1778
1375 1830
1376 1622
1378 1519
1378 1691
1378 1712
1378 1830
1379 1569
1379 1762
1380 1719
1381 1957
1381 1988
1385 1974
1386 1476
1387 1658
1389 1443
1389 1665
1389 1806
1390 1734
1394 1927
1395 1741
1396 1634
1396 1895
1397 1587
1397 1602
1397 1830
1397 1847
1398 1926
1400 1857
1400 1966
1401 1647
1402 1416
1403 1743
1403 1845
1404 1554
1405 1784
1406 1966
1408 1517
1408 1988
1411 1427
1411 1497
1411 1537
1412 1782
1413 1449
1413 1558
1413 1626
1413 1753
1414 1464
1414 1514
1414 1567
1415 1569
1415 1852
1417 1602
1417 1606
1417 1911
1418 1636
1419 1660
1419 1905
1420 1888
1421 1591
1422 1718
1422 1798
1425 1511
1427 1651
1429 1532
1429 1725
1429 1927
1429 1949
1430 1868
1430 1870
1432 1436
1432 1525
1433 1542
1433 1829
1434 1443
1434 1691
1436 1462
1437 1596
1438 1542
1438 1913
1439 1764
1440 1753
1441 1988
1442 1829
1443 1477
1444 1488
1446 1535
1446 1553
1447 1697
1448 1729
1448 1979
1450 1475
1450 1795
1453 1569
1455 1890
1456 1556
1458 1656
1458 1710
1459 1706
1459 1938
1462 1546
1462 1690
1463 1573
1463 1883
1464 1794
1464 1985
1465 1929
1466 1693
1469 1933
1470 1516
1471 1479
1472 1577
1472 1938
1473 1492
1473 1852
1474 1601
1474 1642
1478 1620
1479 1684
1483 1755
1484 1723
1485 1707
1486 1981
1488 1967
1489 1518
1489 1526
1489 1955
1490 1793
1490 1819
1490 1893
1491 1496
1491 1579
1491 1614
1491 1835
1492 1542
1492 1594
1492 1923
1492 1982
1495 1644
1497 1828
1498 1644
1498 1706
1499 1942
1503 1819
1505 1605
1505 1993
1506 1721
1506 1731
1507 1648
1507 1694
1510 1646
1513 1763
1514 1735
1514 1818
1516 1749
1516 1894
1517 1576
1518 1753
1518 1842
1519 1758
1520 1763
1521 1601
1524 1616
1524 1733
1524 1820
1525 1734
1525 1887
1526 1850
1526 1868
1527 1845
1528 1796
1530 1539
1530 1842
1531 1885
1532 1848
1533 1694
1533 1963
1534 1656
1534 1948
1536 1768
1537 1753
1538 1706
1538 1899
1539 1564
1539 1883
1540 1765
1540 1781
1541 1804
1542 1822
1544 1874
1546 1983
1547 1764
1550 1764
1551 1934
1551 1968
1552 1646
1552 1749
1552 1892
1554 1880
1556 1603
1556 1779
1558 1726
1559 1676
1560 1714
1560 1834
1563 1892
1564 1846
1564 1958
1566 1896
1569 1624
1569 1998
1570 1832
1570 1951
1574 1581
1577 1834
1578 1704
1579 1975
1581 1937
1582 1752
1582 1950
1584 1721
1584 1997
1585 1906
1587 1901
1588 1949
1590 1744
1590 1782
1591 1640
1599 1934
1599 1984
1600 1805
1606 1675
1606 1733
1609 1943
1612 1625
1613 1715
1613 1955
1614 1774
1615 1656
1615 1907
1616 1807
1616 1896
1618 1654
1618 1732
1620 1735
1620 1737
1620 1877
1622 1846
1624 1778
1625 1691
1626 1794
1626 1877
1626 1896
1628 1860
1629 1812
1630 1771
1633 1877
1634 1647
1635 1975
1636 1693
1641 1659
1642 1716
1644 1899
1645 1908
1645 1971
1649 1862
1650 1699
1650 1702
1652 1943
1652 1963
1653 1698
1656 1736
1657 1883
1660 1756
1660 1818
1665 1669
1665 1681
1665 1878
1666 1899
1669 1713
1671 1733
1675 1810
1676 1679
1679 1720
1680 1681
1680 1912
1682 1841
1684 1825
1684 1978
1685 1801
1687 1698
1687 1905
1688 1840
1690 1885
1691 1695
1693 1739
1697 1762
1697 1815
1697 1838
1697 1967
1698 1844
1699 1868
1700 1842
1701 1709
1702 1946
1703 1886
1704 1875
1705 1917
1707 1722
1711 1761
1715 1874
1716 1718
1717 1781
1720 1728
1721 1961
1722 1992
1723 1922
1726 1736
1726 1983
1729 1801
1734 1815
1734 1855
1736 1797
1738 1986
1742 1768
1742 1981
1746 1870
1749 1799
1754 1838
1759 1799
1761 1969
1764 1800
1764 1959
1767 1926
1771 1849
1773 1951
1775 1904
1777 1891
1778 1831
1778 1925
1780 1923
1781 1938
1782 1961
1785 1819
1785 1896
1787 1814
1789 1930
1790 1953
1793 1828
1794 1927
1795 1798
1796 1997
1800 1908
1804 1978
1806 1980
1807 1977
1810 1896
1826 1972
1834 1855
1837 1986
1838 1957
1840 1981
1852 1860
1852 1886
1859 1894
1862 1996
1866 1875
1866 1921
1868 1893
1874 1979
1875 1922
1881 1983
1886 1893
1886 1950
1890 1988
1895 1940
1898 1966
1899 1905
1899 1909
1902 1956
1906 1974
1908 1952
1922 1963
1927 1962
1938 1992
1946 1949
1955 1989
1961 1979
1972 1997
