2000
0 497
0 1312
0 1846
1 340
1 430
1 472
1 1266
1 1884
2 163
2 965
2 1065
2 1083
2 1689
3 211
3 459
3 705
3 1080
3 1242
3 1316
3 1473
3 1744
4 179
4 1447
4 1458
5 1353
5 1798
6 172
6 640
6 1098
6 1334
6 1379
6 1386
6 1984
7 16
7 612
7 613
7 670
7 721
7 972
8 415
8 1184
8 1479
9 476
9 504
9 507
9 801
9 1036
9 1534
10 1276
10 1520
10 1987
11 740
11 759
11 977
11 1370
11 1940
12 75
12 1315
12 1365
12 1963
13 130
13 406
13 455
13 872
13 1442
13 1736
13 1885
14 773
14 975
14 1595
14 1868
15 988
16 465
16 1149
16 1200
16 1294
16 1445
16 1582
17 397
17 573
17 1466
17 1760
17 1958
18 621
18 756
18 1125
18 1269
18 1566
19 48
19 257
19 303
19 312
19 316
19 391
19 488
19 679
19 905
19 1005
19 1409
19 1861
20 406
20 1284
20 1893
21 235
21 251
21 646
22 707
22 916
22 1186
23 268
23 573
23 1201
23 1545
23 1865
23 1914
24 507
24 658
24 826
24 966
24 977
25 116
25 1020
25 1180
25 1423
25 1495
25 1641
26 751
26 1076
26 1750
26 1968
27 263
27 368
27 677
27 822
28 222
28 847
28 1461
29 87
29 347
29 382
29 1273
29 1451
29 1595
30 228
30 240
30 881
30 999
30 1900
30 1948
31 198
31 449
31 739
31 1157
31 1402
32 277
32 479
32 820
32 1184
32 1263
32 1425
32 1506
32 1901
33 196
33 236
33 1247
33 1868
34 446
34 479
34 953
34 1455
34 1500
35 202
35 364
35 449
35 701
35 1710
36 315
36 775
36 894
36 1921
37 1434
37 1738
37 1755
38 635
38 716
38 1642
39 444
39 698
39 913
39 1293
39 1502
39 1758
40 499
40 665
40 1526
41 235
41 381
41 854
41 870
41 905
41 1476
41 1749
42 203
42 331
42 393
42 1096
42 1290
42 1376
42 1433
42 1479
42 1717
42 1915
43 103
43 526
43 902
44 410
44 883
44 1633
44 1868
45 163
45 217
45 529
45 673
45 1088
45 1328
46 280
46 414
46 530
46 622
46 686
46 1052
46 1486
46 1540
47 317
47 389
47 471
47 767
47 812
47 1968
48 642
48 1093
48 1196
48 1214
48 1471
48 1503
48 1581
48 1736
49 105
49 303
49 960
49 1754
49 1798
50 522
50 574
50 654
51 342
51 393
52 1595
52 1620
52 1746
53 526
53 782
53 1435
53 1737
54 231
54 826
54 951
54 1249
54 1886
54 1949
55 373
55 504
55 976
56 157
56 396
56 789
56 1359
56 1549
56 1598
56 1786
57 234
57 424
57 682
57 690
57 1013
57 1046
57 1172
57 1890
57 1981
58 500
58 669
58 1223
58 1398
58 1726
59 540
59 739
59 863
59 1333
60 75
60 377
60 755
60 1281
60 1356
60 1428
60 1433
60 1497
60 1966
61 87
61 88
61 265
61 1440
62 233
62 526
62 582
62 612
62 624
62 1779
63 501
63 578
63 894
63 910
63 1866
64 605
64 973
64 1169
64 1366
64 1549
64 1894
65 1020
65 1050
65 1338
65 1375
65 1415
65 1956
66 328
66 633
66 709
66 1505
66 1901
67 909
67 1245
67 1385
67 1640
67 1981
68 519
68 619
68 873
68 889
68 1296
68 1454
68 1575
68 1785
69 676
69 1238
69 1355
70 155
70 381
70 807
70 1636
71 286
71 514
71 709
71 820
71 854
71 1088
71 1788
72 307
72 327
72 747
72 799
72 805
72 1509
72 1523
72 1657
72 1988
73 1113
73 1181
73 1410
73 1754
73 1867
74 150
74 231
74 715
74 800
74 1370
74 1372
74 1580
74 1591
75 188
75 331
75 725
75 1078
75 1542
75 1672
75 1799
76 961
76 1959
76 1969
77 194
77 312
77 649
77 1093
77 1420
77 1539
77 1688
77 1807
77 1952
78 599
78 803
78 1179
78 1264
78 1374
79 313
79 1119
80 511
80 628
80 808
80 1736
80 1759
80 1893
81 182
81 271
81 524
81 796
81 1008
81 1180
81 1601
81 1965
82 125
82 198
82 773
82 1688
82 1747
83 206
83 313
83 816
83 1063
83 1297
83 1698
83 1890
83 1935
84 305
84 637
84 673
84 1001
84 1078
84 1174
84 1235
84 1296
84 1617
84 1990
85 259
85 742
85 891
86 163
86 394
86 829
87 118
87 325
87 590
87 805
87 939
87 999
88 1381
88 1679
88 1774
89 114
89 217
89 278
89 699
89 1244
89 1356
89 1600
90 128
90 424
90 1053
91 101
91 411
91 1095
92 180
92 618
92 1709
93 1094
93 1257
93 1292
93 1783
94 230
94 347
94 1126
94 1382
95 1034
95 1961
96 199
96 444
96 632
96 852
96 1115
97 296
97 768
97 917
97 1174
97 1353
97 1390
97 1407
97 1478
97 1619
99 128
99 264
99 350
99 1634
99 1755
100 443
100 561
100 636
100 1179
100 1439
100 1644
100 1685
100 1693
100 1943
101 124
101 753
101 1897
101 1919
102 643
102 949
102 1375
102 1685
103 803
104 180
104 1581
104 1619
104 1627
104 1744
104 1838
104 1934
105 322
105 333
105 387
105 714
105 1319
105 1569
106 935
106 1138
106 1963
106 1980
106 1988
107 246
107 727
107 1831
107 1887
108 853
108 1132
108 1222
108 1431
108 1825
109 389
109 551
109 719
110 380
110 533
110 714
110 804
110 1407
111 307
111 316
111 478
111 987
111 1133
111 1604
111 1818
111 1942
112 696
112 708
112 780
112 1041
112 1068
112 1485
112 1719
112 1930
113 295
113 962
113 1688
114 321
114 591
114 796
114 856
114 879
114 923
114 1231
115 485
115 1021
115 1108
115 1442
115 1570
115 1792
116 138
116 175
116 381
116 459
116 638
116 928
116 940
116 1062
116 1460
116 1840
117 568
117 895
117 1250
117 1979
118 122
118 397
118 958
118 1047
118 1160
118 1245
118 1543
118 1907
119 340
119 431
119 676
119 899
119 1449
119 1537
119 1802
120 526
120 1666
121 602
121 869
121 1089
121 1122
121 1298
121 1449
121 1539
122 157
122 456
122 686
122 886
122 1077
122 1267
123 213
123 389
123 392
123 415
124 553
124 592
124 1315
125 469
125 615
125 982
125 1134
125 1266
125 1352
125 1612
125 1711
125 1729
126 316
126 658
126 892
126 1231
127 614
127 1471
127 1685
128 804
128 979
129 613
129 875
129 1693
129 1717
130 168
130 755
130 1146
130 1181
130 1702
130 1769
131 830
131 988
131 1227
132 617
132 774
132 1207
132 1878
133 572
133 610
134 472
134 1170
134 1437
134 1714
134 1993
135 293
135 942
135 1422
135 1658
136 232
136 309
136 662
136 685
136 1534
136 1687
137 711
137 1410
137 1756
137 1898
138 1066
138 1552
138 1811
138 1925
139 742
139 1001
139 1170
139 1620
140 242
140 497
140 585
140 600
140 961
140 1458
141 205
141 227
141 252
141 462
141 1740
142 220
142 936
142 1491
143 275
143 585
144 146
144 187
144 328
144 549
144 570
144 686
144 1244
144 1454
144 1539
145 353
145 371
145 416
145 517
145 804
145 1245
145 1357
145 1619
145 1682
145 1946
146 182
146 826
146 1226
147 513
147 603
147 778
147 924
147 1230
148 203
148 377
148 551
148 1157
148 1215
148 1222
148 1407
148 1613
148 1630
149 303
149 568
149 658
149 944
149 1116
149 1720
149 1846
149 1954
150 295
150 309
150 559
150 926
150 971
150 1592
151 344
151 346
151 638
151 660
151 774
151 1328
151 1396
152 186
152 219
152 468
152 1098
152 1668
153 394
153 1156
153 1709
153 1894
154 335
154 872
154 1033
154 1113
154 1266
154 1382
155 837
155 967
155 1748
155 1965
156 173
156 389
156 638
156 859
156 1268
156 1327
156 1612
156 1682
157 484
157 596
157 626
157 1349
157 1507
157 1803
157 1917
158 381
158 635
158 1445
158 1685
158 1851
158 1965
159 339
159 675
159 722
159 1027
159 1566
160 278
160 935
160 963
160 1816
161 304
161 328
161 399
161 1152
161 1720
161 1966
162 441
162 809
162 844
162 1115
162 1210
163 1279
163 1352
164 736
164 1158
164 1408
164 1571
165 227
165 295
165 495
165 665
165 1347
165 1926
165 1991
166 389
166 1000
166 1230
166 1463
166 1674
166 1884
167 270
167 582
167 619
167 711
167 763
167 832
167 1061
167 1177
167 1537
168 608
168 1189
168 1784
168 1991
169 548
169 649
169 1371
169 1478
169 1498
169 1650
169 1955
170 567
170 927
170 1036
170 1384
170 1402
170 1682
170 1944
170 1976
170 1977
171 172
171 1193
171 1443
171 1489
171 1519
171 1818
171 1860
171 1900
172 397
172 873
172 960
172 1061
172 1126
172 1177
172 1515
173 919
173 1251
173 1319
173 1400
173 1641
173 1642
174 405
174 667
175 443
175 553
175 1111
175 1152
175 1210
175 1587
176 202
176 251
176 635
176 914
176 1086
176 1321
176 1640
177 1127
177 1146
177 1359
178 194
178 226
178 687
178 912
178 1986
179 312
179 324
179 401
179 862
179 1060
180 245
180 293
180 809
180 1239
180 1241
180 1352
180 1353
180 1857
181 1058
181 1452
181 1606
181 1719
181 1919
181 1955
182 338
182 589
182 645
182 663
182 1175
182 1709
182 1761
183 718
183 986
183 1385
183 1727
184 503
184 594
184 651
184 1133
184 1368
184 1768
185 355
185 1386
185 1898
185 1950
186 286
186 334
186 1254
186 1970
187 853
187 1077
187 1598
188 787
188 826
188 1399
188 1908
189 419
189 475
189 761
189 772
189 842
189 1501
189 1638
189 1715
189 1995
190 267
190 563
190 815
190 942
191 607
191 816
191 934
191 1370
191 1581
191 1639
192 281
192 339
192 393
192 520
192 1030
192 1391
192 1837
193 543
193 1257
193 1374
193 1414
193 1791
194 651
194 729
194 1241
196 252
196 698
196 798
196 1686
196 1830
197 780
197 1433
197 1579
197 1609
197 1715
198 472
198 1669
198 1721
198 1987
199 502
199 956
200 224
200 225
200 1063
200 1091
200 1195
201 232
201 1566
201 1990
202 372
202 653
202 1278
202 1295
202 1469
202 1536
202 1896
203 1117
203 1519
203 1701
203 1819
204 621
204 626
204 657
204 1669
205 904
205 1000
205 1477
205 1849
205 1922
206 549
206 1045
206 1282
206 1439
206 1948
207 1150
207 1514
207 1568
207 1919
208 631
208 717
208 1183
208 1258
208 1281
208 1733
208 1849
209 617
210 236
210 258
210 367
210 1176
210 1258
210 1326
210 1345
210 1435
211 324
211 1129
211 1181
211 1604
212 1380
212 1548
212 1572
212 1620
213 544
213 791
213 1016
213 1536
213 1683
214 1509
214 1877
215 423
215 580
215 656
215 1036
215 1237
216 462
216 488
216 608
216 775
216 858
216 1412
216 1797
216 1898
217 233
217 307
217 460
217 746
217 815
217 1075
217 1603
217 1637
218 292
218 1073
218 1819
218 1986
219 757
219 785
219 788
219 869
219 1260
219 1367
219 1939
220 395
220 497
220 1741
220 1915
221 705
221 1782
222 901
222 1391
222 1502
222 1695
222 1906
223 427
223 447
223 524
223 590
224 470
224 584
224 975
224 1649
224 1676
224 1806
225 375
225 1223
226 438
226 530
226 672
226 823
226 1118
226 1173
226 1178
226 1400
226 1768
227 228
227 286
227 485
227 956
227 1577
228 722
228 747
228 1471
228 1909
228 1961
229 476
229 845
229 1160
229 1204
230 514
230 1480
230 1925
230 1972
231 256
231 1137
231 1473
231 1539
231 1650
232 258
232 386
232 663
232 902
232 978
232 1093
232 1809
233 253
233 294
233 1295
233 1365
233 1624
233 1784
234 504
234 533
234 556
234 803
234 1104
234 1703
235 279
235 1464
235 1904
236 1020
236 1031
236 1748
237 369
237 1405
237 1620
237 1719
237 1740
237 1828
237 1965
238 449
238 1462
238 1741
239 1764
239 1851
240 361
240 606
240 677
240 836
240 1735
240 1862
241 288
241 985
241 1163
241 1652
242 1084
243 683
243 703
243 1054
243 1110
243 1931
243 1947
244 514
244 555
244 569
244 1180
244 1352
244 1804
245 257
245 298
245 417
245 440
245 1070
245 1514
245 1851
246 494
246 621
246 1179
247 757
247 807
247 994
247 1490
247 1530
247 1572
248 812
248 1532
248 1550
248 1743
249 293
249 842
249 908
249 1178
249 1305
250 1178
250 1779
250 1870
250 1996
251 454
251 780
251 863
251 1058
251 1410
252 351
252 402
252 630
252 1578
253 456
253 1114
253 1308
253 1848
254 463
254 836
254 1765
254 1832
255 346
255 456
255 468
255 734
255 744
255 873
255 970
255 1382
255 1938
256 316
257 575
257 1109
257 1242
257 1770
257 1979
257 1995
258 434
258 459
258 703
258 1032
258 1188
258 1271
258 1468
258 1478
258 1526
259 348
259 703
259 1115
259 1389
260 767
260 916
260 1068
260 1333
260 1870
260 1951
261 284
261 460
261 642
261 1066
261 1092
261 1395
261 1530
261 1909
262 370
262 713
262 866
262 1641
263 392
263 502
263 1105
263 1446
263 1604
264 404
264 459
264 729
264 779
264 923
264 1676
264 1702
264 1771
265 1024
265 1238
265 1491
266 1028
267 1621
267 1744
268 696
268 1051
268 1170
268 1314
268 1507
268 1569
269 467
269 479
269 948
270 322
270 327
270 576
270 614
270 790
270 1774
271 770
271 875
271 990
271 1268
271 1743
271 1906
272 489
272 624
272 1494
272 1513
272 1600
272 1724
272 1811
272 1893
273 570
273 819
273 1278
273 1295
274 435
274 942
274 1587
274 1729
275 576
275 1679
275 1732
275 1800
276 397
276 500
276 720
276 1532
276 1666
276 1727
277 1611
277 1960
278 791
278 1551
278 1685
279 347
279 489
279 512
279 905
279 943
279 1025
279 1524
279 1616
280 1403
280 1723
280 1765
280 1849
280 1882
281 511
281 826
281 1788
282 310
282 564
282 1540
282 1601
282 1836
283 1274
283 1579
284 544
284 611
284 1240
284 1827
285 604
285 880
285 965
285 1321
285 1373
285 1492
285 1940
286 710
286 972
286 1063
287 333
287 460
287 1494
288 429
288 846
288 1018
288 1563
288 1687
289 885
289 967
289 1032
289 1109
289 1825
290 409
291 630
291 800
291 997
291 1175
291 1687
291 1793
292 632
292 915
292 1120
292 1232
292 1534
292 1560
292 1566
292 1620
293 297
293 608
293 623
293 786
293 991
293 1652
293 1687
293 1779
293 1865
293 1958
294 458
294 904
294 939
294 1024
294 1108
294 1272
294 1705
295 416
295 450
295 507
295 935
295 1261
295 1516
295 1623
295 1764
296 301
296 392
296 543
296 544
296 632
296 638
296 1657
297 629
297 815
297 1112
297 1144
297 1187
297 1216
297 1246
297 1605
298 969
298 1053
298 1177
298 1471
298 1945
299 968
299 1000
299 1197
300 821
300 1287
300 1451
300 1815
301 1026
301 1686
301 1701
301 1719
302 408
302 440
302 460
302 1698
302 1837
303 475
303 843
303 861
303 1130
303 1278
303 1349
303 1432
303 1659
303 1873
303 1916
303 1978
304 919
304 1272
304 1793
304 1984
305 381
305 523
305 656
305 968
305 1256
306 357
306 399
306 1095
306 1967
307 1017
307 1418
307 1489
307 1560
307 1613
307 1897
308 680
308 1769
309 827
309 976
309 1397
309 1409
309 1444
309 1829
310 468
310 497
310 543
310 574
310 1096
310 1857
310 1903
310 1914
310 1959
311 515
311 583
311 593
311 779
311 860
311 1262
311 1642
311 1783
311 1798
311 1833
311 1872
312 353
312 579
312 1498
313 579
313 1270
313 1287
313 1299
313 1391
313 1838
313 1983
313 1999
314 342
314 1947
315 558
315 798
315 1205
315 1254
315 1301
315 1380
315 1885
316 512
316 878
316 1747
316 1772
316 1811
316 1889
316 1994
317 967
317 1555
317 1598
318 797
318 1639
318 1658
318 1730
318 1967
319 399
319 408
319 449
319 729
319 767
319 1653
320 554
320 709
320 805
320 996
320 1423
320 1836
321 1046
321 1675
321 1815
321 1862
322 322
322 857
322 1350
322 1616
323 338
323 743
323 1998
324 463
324 489
324 1182
325 456
325 686
325 749
326 329
326 1065
326 1114
326 1633
327 582
327 587
327 951
327 952
327 1034
327 1519
327 1991
328 436
328 962
328 1483
328 1800
329 1380
329 1702
329 1838
329 1863
330 626
330 702
330 1730
330 1775
331 1035
331 1130
331 1357
332 404
332 560
332 1112
332 1357
332 1504
333 1727
334 706
334 1239
334 1483
334 1548
334 1730
334 1827
335 870
335 937
335 1205
335 1906
335 1907
336 1825
336 1848
337 701
337 1475
338 353
338 446
338 569
338 573
338 1221
338 1237
338 1572
338 1714
339 902
339 1034
340 606
340 632
340 712
340 1251
340 1342
340 1821
340 1827
341 1854
342 1293
342 1313
342 1394
342 1527
343 649
343 944
343 950
343 1274
343 1912
343 1930
344 787
344 897
344 1087
344 1410
344 1478
344 1657
344 1725
344 1730
345 451
345 634
345 1217
345 1446
345 1490
345 1645
345 1865
346 1298
347 657
347 1477
348 445
348 509
348 854
348 1164
348 1215
348 1394
348 1462
348 1722
348 1746
349 953
349 1076
349 1404
349 1667
349 1705
349 1805
349 1897
350 642
350 893
350 1387
350 1449
350 1749
351 452
351 522
351 952
351 1274
351 1583
351 1823
351 1900
352 572
352 639
352 947
352 1068
352 1896
352 1943
353 736
353 1596
354 495
354 740
354 1578
355 561
355 1011
356 1301
356 1538
356 1581
356 1605
357 521
357 695
357 869
357 1060
357 1085
358 735
358 820
358 1073
359 766
359 981
359 1201
359 1406
359 1684
359 1923
360 784
360 817
360 1069
360 1078
360 1111
360 1203
360 1262
360 1419
361 689
361 757
361 1204
361 1433
361 1886
361 1979
362 1158
362 1290
362 1851
363 1066
363 1359
363 1384
363 1488
364 523
364 1066
364 1408
364 1429
364 1456
364 1778
365 772
365 1478
365 1542
366 411
366 482
366 796
366 801
366 847
366 1361
366 1910
366 1974
367 545
367 1071
367 1639
367 1865
368 798
368 1093
368 1207
368 1547
368 1585
368 1866
369 752
369 942
369 1983
370 599
370 932
370 982
370 1099
370 1300
370 1595
370 1643
370 1960
371 587
371 859
371 1795
371 1915
373 431
373 538
373 652
373 1354
373 1420
373 1591
373 1684
373 1785
373 1918
375 607
375 1284
375 1420
375 1815
376 452
376 504
376 1795
377 455
377 484
377 501
377 736
377 747
377 892
377 1976
378 435
378 517
378 887
378 1155
378 1581
378 1814
379 950
379 1420
379 1539
379 1755
379 1783
379 1812
379 1883
379 1904
380 466
380 920
380 1147
381 936
381 1078
382 760
382 1190
382 1380
382 1834
382 1896
383 489
383 557
383 892
383 989
384 1743
385 395
385 413
385 1095
385 1112
385 1465
385 1561
385 1646
385 1669
386 997
386 1028
386 1688
386 1901
387 945
387 1375
387 1396
388 392
388 685
388 690
388 1016
389 565
389 762
389 1517
389 1522
389 1705
390 1263
390 1532
390 1621
390 1911
391 509
391 1883
392 402
392 1030
392 1852
393 1155
393 1934
394 1203
394 1553
394 1728
395 582
395 1229
395 1500
395 1697
395 1762
395 1857
395 1916
396 957
396 958
397 808
397 812
397 1100
397 1267
398 527
398 755
398 790
398 861
398 1218
398 1653
398 1657
398 1737
398 1900
399 847
399 1075
399 1161
399 1231
400 487
400 1463
400 1845
401 1884
402 665
402 678
402 849
403 497
403 621
403 1378
403 1403
403 1515
403 1601
403 1801
404 687
404 957
404 1980
405 1044
405 1153
405 1682
405 1877
406 797
406 803
406 1388
406 1836
407 1139
407 1723
408 470
408 486
408 813
408 1252
408 1520
408 1830
408 1973
409 848
409 1249
409 1585
409 1676
410 929
410 1801
411 1190
411 1684
412 966
412 1676
412 1855
413 579
413 1232
413 1378
413 1669
414 551
414 709
414 889
415 1063
415 1242
415 1436
415 1707
415 1854
416 868
416 888
416 1679
416 1796
417 468
417 604
417 890
417 1106
417 1292
417 1510
417 1612
417 1795
418 550
418 632
418 1112
418 1425
418 1441
419 510
419 601
419 751
419 1194
419 1260
419 1505
419 1576
419 1602
419 1733
419 1941
419 1967
420 990
420 1510
420 1628
420 1662
420 1788
420 1948
421 631
421 969
421 1365
421 1551
421 1554
421 1611
421 1745
421 1798
422 1035
422 1105
422 1821
423 439
423 749
423 1632
423 1648
424 519
424 582
424 921
424 1166
424 1639
424 1934
424 1942
425 1213
425 1544
425 1746
425 1767
425 1996
426 1499
426 1713
427 612
427 1026
428 645
428 676
428 1129
428 1680
429 530
429 1582
430 482
430 521
430 654
430 774
430 793
430 819
430 1600
431 697
431 1007
431 1765
432 548
432 824
433 482
433 1077
433 1634
434 639
434 783
434 870
434 1631
435 813
435 1601
435 1869
435 1982
436 548
436 827
436 1057
436 1484
436 1693
437 454
437 1403
438 1244
438 1248
438 1919
439 613
439 1245
439 1421
439 1616
440 467
440 803
440 896
440 1377
440 1436
440 1482
440 1899
441 894
441 1006
441 1236
441 1490
441 1717
441 1876
442 1745
442 1879
442 1957
443 659
443 1906
444 909
444 1093
444 1818
444 1826
445 1026
445 1946
446 467
446 490
446 927
446 1205
446 1547
447 644
447 1732
447 1734
447 1974
448 718
448 1672
448 1773
449 634
449 1356
449 1840
450 903
450 965
450 1682
451 980
451 1121
451 1278
451 1382
452 642
452 926
452 1708
452 1944
453 766
453 1632
453 1909
454 930
454 1582
454 1675
455 704
455 709
455 1044
455 1649
456 728
457 721
457 845
457 1176
457 1410
457 1798
457 1892
458 1873
459 558
459 1073
459 1364
459 1374
459 1572
459 1591
459 1617
459 1638
459 1822
460 1578
460 1756
461 481
461 569
461 693
461 871
461 933
461 1136
461 1681
461 1721
462 1011
462 1020
462 1284
462 1310
462 1361
462 1674
462 1734
462 1852
463 557
463 580
463 1434
464 565
464 740
464 800
464 976
464 1326
464 1745
464 1974
465 481
465 839
465 927
465 1900
466 766
466 903
466 981
466 1299
467 626
467 1455
468 668
468 825
468 1423
469 1631
470 579
470 788
470 901
470 1086
470 1186
470 1229
470 1248
470 1322
471 572
471 803
472 1096
472 1732
473 823
473 1234
474 953
474 1210
474 1276
474 1385
474 1565
474 1699
474 1779
475 1011
476 485
476 499
476 609
476 615
476 1378
476 1492
476 1713
476 1917
477 595
477 797
477 1167
477 1341
477 1494
477 1503
477 1530
477 1672
478 1207
478 1269
478 1420
478 1476
479 1125
479 1328
479 1970
480 634
480 914
480 1382
480 1405
480 1566
480 1782
480 1791
481 807
481 931
481 1033
482 819
482 885
482 1042
482 1407
482 1478
482 1743
483 494
483 588
483 1013
484 744
484 854
484 1349
485 534
486 631
486 779
486 843
486 1159
486 1519
486 1561
486 1979
487 525
487 1394
487 1922
488 837
488 933
488 1280
488 1289
488 1418
488 1837
488 1905
489 1507
489 1617
490 527
490 608
490 980
490 1231
490 1960
491 642
491 770
491 903
491 1563
492 650
492 652
492 954
492 1345
492 1652
492 1873
493 727
493 1064
493 1361
493 1791
493 1958
494 577
494 1018
494 1227
494 1528
494 1896
495 553
495 761
495 1886
497 758
497 1350
498 643
498 1514
498 1953
499 1431
500 523
500 539
500 1482
501 1852
502 925
502 1565
502 1855
503 1148
503 1467
504 985
504 1164
504 1269
505 1709
506 1854
506 1894
507 656
508 1195
508 1679
508 1942
508 1959
509 1018
509 1240
509 1963
510 532
510 800
510 968
510 1203
510 1951
511 516
511 586
511 892
511 1192
511 1224
511 1320
511 1442
511 1463
511 1671
511 1693
512 602
512 1093
512 1226
512 1480
512 1533
513 657
513 1321
513 1875
514 608
514 765
514 1445
514 1674
514 1818
515 692
515 1231
515 1309
515 1427
515 1577
515 1977
515 1989
516 962
516 1207
516 1374
516 1925
517 623
517 837
517 1182
517 1318
517 1607
517 1746
518 1064
518 1161
519 812
519 871
519 1165
519 1405
519 1522
519 1933
520 627
520 882
520 1587
520 1599
521 545
521 680
521 684
521 712
521 947
521 1015
521 1709
522 797
522 1043
522 1220
522 1248
522 1858
522 1885
523 676
523 1401
523 1409
524 1016
524 1228
524 1241
524 1954
525 1316
526 772
526 1155
527 804
527 1287
527 1398
527 1690
527 1978
527 1989
528 570
528 613
528 864
528 1114
528 1548
528 1644
528 1942
529 1061
529 1158
529 1762
529 1888
530 695
530 1372
530 1437
531 689
531 852
531 1554
531 1967
531 1983
532 953
532 1036
532 1060
532 1136
532 1271
532 1805
532 1857
532 1886
533 798
533 1021
533 1032
533 1314
534 537
534 755
534 1344
534 1514
534 1559
534 1686
534 1721
535 1175
535 1197
535 1835
535 1899
537 650
537 655
537 780
537 866
537 886
537 1381
538 1768
538 1860
539 627
539 791
540 1198
540 1909
540 1956
540 1957
541 838
541 1722
542 1237
542 1429
542 1636
542 1663
542 1686
542 1786
542 1823
543 1224
543 1297
543 1351
543 1695
543 1890
544 657
544 929
544 1207
544 1323
545 659
545 1026
545 1144
546 547
546 552
546 1132
546 1500
546 1881
548 656
548 1134
548 1212
548 1479
548 1514
548 1667
548 1912
549 763
549 1056
549 1211
549 1371
549 1470
549 1698
549 1884
549 1886
550 588
550 801
550 1557
550 1851
550 1858
551 650
551 664
551 854
551 1362
551 1534
552 814
552 1679
552 1754
553 1535
553 1787
554 566
554 813
554 1005
554 1224
554 1241
554 1638
555 1161
555 1307
555 1399
555 1648
555 1788
556 1427
556 1558
557 896
557 1787
558 1071
558 1273
558 1327
558 1475
558 1605
558 1690
559 903
559 1490
559 1562
559 1878
560 1233
560 1315
560 1394
560 1717
560 1796
561 580
561 1242
561 1319
562 605
562 621
562 1199
562 1249
562 1785
563 1272
563 1331
564 833
564 1327
564 1769
565 789
565 1097
566 722
566 767
566 936
566 1026
566 1477
566 1569
566 1807
566 1953
567 674
567 754
567 788
567 1221
567 1404
567 1406
567 1820
567 1988
568 822
569 902
569 1015
569 1078
569 1511
569 1575
569 1750
570 781
570 786
570 790
570 1064
570 1139
570 1157
570 1475
571 1089
571 1944
572 592
572 686
572 1072
572 1363
572 1401
572 1805
573 676
573 940
573 1023
573 1165
573 1391
573 1530
573 1725
574 903
574 1146
574 1219
574 1548
574 1667
575 637
575 790
575 1003
575 1141
575 1917
576 643
576 672
576 963
576 1359
577 1446
577 1691
578 875
578 1449
578 1549
578 1709
579 617
579 849
579 853
579 1857
580 727
580 878
580 920
581 751
581 1150
581 1263
581 1603
581 1605
582 783
582 1576
583 886
583 1481
583 1491
583 1544
583 1611
583 1709
583 1798
584 630
584 1003
584 1296
584 1314
584 1463
584 1753
585 774
585 1094
585 1926
585 1996
586 851
586 950
586 1139
586 1187
586 1384
587 679
587 1179
587 1309
587 1603
587 1914
588 608
588 807
588 811
588 1516
588 1607
588 1847
588 1915
589 1061
589 1415
589 1637
590 968
590 1371
590 1757
590 1784
590 1953
591 854
591 928
591 1333
591 1456
591 1592
592 1074
592 1092
592 1248
592 1292
592 1379
593 1063
593 1150
593 1281
593 1304
594 1209
594 1499
594 1740
595 676
595 933
595 1011
595 1388
596 727
597 651
597 1202
597 1588
597 1623
597 1903
597 1914
598 1038
598 1285
598 1600
598 1867
599 755
599 769
599 1719
599 1817
599 1921
600 1169
600 1510
600 1935
601 983
601 1850
602 1218
602 1693
602 1694
602 1722
602 1725
603 704
603 781
603 937
603 1910
604 853
604 1346
605 789
605 1686
606 848
606 1101
606 1190
606 1463
606 1549
607 901
607 968
607 1680
608 1430
608 1621
608 1874
609 777
609 905
609 1185
609 1869
610 1281
610 1374
610 1431
610 1884
611 641
611 941
611 1397
611 1955
612 739
612 859
612 947
612 989
612 1173
612 1525
612 1817
612 1885
613 978
613 1356
613 1386
613 1428
613 1477
613 1742
613 1823
614 654
614 903
614 963
614 968
614 1080
614 1578
614 1606
614 1650
615 1829
615 1837
615 1862
616 764
616 1358
616 1740
616 1803
617 972
618 839
618 1104
618 1376
618 1615
618 1678
618 1727
619 681
619 704
619 1018
619 1738
619 1761
620 833
620 1037
620 1419
620 1842
621 709
621 835
621 1024
621 1435
622 997
622 1233
622 1313
622 1655
623 628
623 795
623 1155
623 1634
623 1825
624 752
624 821
624 858
624 1058
624 1059
624 1111
624 1862
624 1906
624 1984
625 759
625 819
625 1085
625 1910
626 657
626 806
626 1005
626 1389
626 1957
626 1980
627 671
627 1164
627 1861
628 675
628 1195
628 1469
628 1680
628 1684
629 663
629 817
629 1313
629 1937
630 725
630 876
630 912
630 968
631 653
631 972
631 1047
631 1602
632 858
632 899
632 1751
633 832
633 893
633 1273
633 1385
633 1640
634 890
634 1491
634 1818
635 1450
635 1675
636 1249
636 1873
636 1996
637 1486
638 1229
638 1231
638 1268
638 1975
639 1317
639 1543
639 1896
640 919
640 1645
641 940
641 1446
641 1741
642 1058
642 1471
642 1525
643 1674
643 1818
644 897
644 1088
644 1858
644 1961
645 771
645 1882
646 853
646 1171
646 1372
646 1442
646 1510
647 652
647 894
647 1113
647 1194
647 1467
647 1944
648 672
648 1105
648 1404
648 1436
648 1491
648 1517
648 1562
648 1806
649 1541
649 1582
649 1949
649 1953
650 722
650 1299
650 1302
650 1346
650 1523
650 1652
650 1939
651 997
651 1798
652 686
652 732
652 1464
654 1371
654 1382
654 1846
655 926
655 1947
657 748
657 791
657 1359
657 1860
658 882
658 1392
658 1479
659 924
659 1278
659 1290
659 1574
660 1736
660 1860
661 1285
662 1948
663 729
663 921
663 932
663 1034
663 1043
663 1113
663 1260
663 1499
663 1873
663 1886
663 1986
664 674
664 851
664 1114
664 1327
664 1669
665 881
665 1059
665 1935
666 1076
666 1862
666 1987
667 1232
667 1501
667 1631
667 1682
667 1752
668 1238
668 1783
668 1883
668 1955
669 1190
669 1437
669 1442
669 1587
669 1775
670 749
670 1300
670 1663
670 1726
670 1803
671 691
671 881
671 1578
671 1704
671 1723
672 1201
672 1245
672 1314
672 1475
672 1528
673 1102
673 1776
673 1883
674 1443
674 1528
675 865
675 1319
675 1418
676 937
676 1677
677 1163
677 1585
677 1612
678 898
678 907
678 970
678 1477
679 695
679 1020
680 795
680 844
680 1473
680 1494
680 1776
680 1987
681 1665
682 1359
682 1394
682 1626
682 1711
683 726
683 867
683 1418
684 1273
684 1737
686 774
687 689
687 1479
687 1518
688 697
688 1107
688 1164
688 1174
688 1688
689 915
690 888
690 923
690 1029
690 1078
690 1264
691 1198
691 1206
691 1537
691 1700
691 1795
692 810
692 887
692 1030
692 1500
692 1520
692 1765
693 1113
693 1566
694 758
694 759
694 795
694 903
694 957
694 1462
694 1593
695 808
695 1396
695 1465
696 914
696 1088
696 1295
696 1306
696 1360
696 1754
696 1846
696 1995
698 847
698 1217
698 1370
698 1828
698 1847
699 1554
700 1692
701 1178
702 847
702 1570
703 981
703 1331
703 1775
703 1986
704 801
704 1047
704 1293
704 1482
704 1654
705 992
705 1112
705 1379
705 1864
705 1975
706 740
706 1047
706 1628
706 1941
707 752
707 1254
707 1466
708 726
708 978
708 1247
709 1040
709 1044
709 1460
709 1516
709 1813
710 717
710 1175
711 1039
711 1105
711 1632
713 881
713 1024
713 1048
713 1831
713 1846
713 1949
714 912
714 1307
714 1816
715 1653
716 821
716 850
716 932
716 1245
716 1888
717 1568
717 1754
718 723
718 772
718 811
718 1800
718 1971
719 764
719 1102
719 1453
719 1862
720 731
720 770
720 1230
721 805
721 816
721 885
721 1840
722 1539
722 1655
723 880
723 957
723 1097
723 1394
723 1611
723 1816
723 1915
723 1958
724 1281
724 1786
725 1807
725 1838
726 737
726 787
726 848
726 955
726 1112
726 1320
726 1926
727 799
727 816
727 1155
728 981
728 1297
728 1607
728 1736
729 1065
729 1959
730 774
730 818
730 1057
730 1615
730 1770
730 1950
731 1237
731 1571
731 1955
732 781
732 920
732 1180
732 1623
732 1692
733 1272
733 1358
733 1461
733 1881
734 1043
734 1295
734 1656
734 1908
735 749
735 955
735 1180
735 1360
735 1715
736 825
736 986
736 1231
736 1581
736 1698
736 1774
736 1860
737 987
737 1358
737 1566
737 1617
737 1715
738 1256
738 1580
738 1811
738 1894
738 1950
740 833
740 1067
740 1379
740 1540
741 1663
741 1961
742 1037
742 1102
742 1162
742 1330
742 1369
742 1385
742 1471
743 873
743 890
743 1354
743 1538
743 1873
744 1293
744 1684
744 1966
745 1242
746 1179
746 1346
746 1547
747 1110
749 1417
749 1859
750 890
750 1765
751 1421
751 1456
751 1464
751 1763
751 1946
751 1947
752 1232
752 1313
753 1112
753 1400
753 1531
754 888
754 892
754 1504
754 1678
755 801
755 1439
755 1809
755 1946
756 1135
756 1173
756 1175
756 1454
757 1343
757 1581
757 1638
757 1763
757 1868
758 1074
758 1569
758 1745
759 899
759 1104
759 1964
760 1966
762 1582
762 1642
763 944
763 957
763 1054
763 1380
763 1669
764 927
764 1155
764 1790
764 1973
765 1103
765 1326
765 1564
765 1629
765 1918
766 839
766 924
766 1043
766 1343
766 1587
766 1762
766 1859
766 1930
767 776
767 1378
767 1488
768 1132
768 1823
769 1051
769 1282
769 1495
769 1864
770 1185
770 1442
770 1766
771 1546
771 1765
771 1805
772 900
772 1242
772 1659
772 1786
773 1054
773 1083
773 1656
773 1852
774 816
774 961
774 987
775 1211
775 1719
777 1030
777 1213
777 1612
777 1655
777 1677
777 1879
778 922
778 1228
778 1340
778 1513
778 1555
778 1641
778 1648
778 1919
779 956
779 1144
779 1154
779 1343
779 1553
779 1783
780 902
780 1415
781 824
781 935
781 1308
781 1487
781 1488
781 1536
781 1688
781 1767
781 1885
782 1131
782 1177
782 1413
782 1571
782 1669
784 851
784 918
784 1023
784 1063
784 1276
784 1338
784 1513
784 1545
784 1700
784 1835
785 802
785 1927
785 1983
786 1428
786 1720
787 1090
787 1198
787 1983
788 1355
789 807
789 1409
789 1904
790 1088
790 1530
790 1930
791 997
791 1157
791 1373
791 1379
791 1549
791 1810
791 1855
792 1476
793 1709
793 1746
793 1810
793 1913
794 932
794 1116
794 1462
794 1989
795 819
795 1191
795 1359
795 1509
796 1235
796 1274
796 1745
797 917
797 1757
798 870
798 1552
798 1743
799 1399
800 909
800 1466
800 1472
800 1679
800 1742
800 1762
801 1101
801 1115
801 1877
802 836
802 955
802 1269
802 1367
802 1486
802 1534
803 979
804 1822
805 1439
806 1279
806 1428
806 1571
806 1923
807 1484
807 1676
808 1269
808 1357
808 1839
808 1876
809 1029
809 1251
809 1309
809 1320
809 1477
809 1914
809 1938
810 1056
810 1060
810 1110
810 1306
810 1436
810 1831
810 1857
811 1391
811 1437
811 1523
811 1905
811 1959
812 1107
812 1698
813 1858
814 832
814 943
815 1026
816 835
816 1010
816 1591
816 1700
816 1835
816 1928
817 1197
817 1397
818 1085
819 1296
819 1421
819 1680
820 1384
821 1159
821 1364
821 1872
821 1954
822 1044
822 1232
822 1534
822 1922
823 1043
823 1289
823 1466
823 1646
823 1937
824 1186
824 1229
824 1523
824 1860
825 1106
825 1135
825 1239
825 1372
825 1729
825 1825
825 1955
826 916
826 1613
827 1359
827 1653
827 1834
827 1903
827 1951
827 1992
828 1091
828 1331
828 1620
829 1197
829 1454
830 861
830 1266
830 1393
830 1550
830 1702
830 1776
830 1961
831 1253
831 1535
831 1543
831 1622
831 1723
831 1939
831 1946
832 1043
832 1531
832 1574
832 1738
832 1906
833 932
833 1180
833 1529
833 1575
833 1854
834 850
834 1708
834 1785
835 917
835 1059
835 1191
835 1424
835 1877
836 1018
836 1142
836 1526
836 1722
836 1861
837 1324
837 1442
837 1517
838 992
838 1147
839 1160
839 1510
840 1374
840 1428
842 856
842 1256
842 1434
842 1603
843 1423
843 1943
844 1098
844 1127
844 1282
844 1779
845 845
845 1081
845 1097
846 1185
847 853
847 1850
849 1130
849 1153
849 1280
849 1361
849 1754
850 911
850 960
850 1405
850 1624
850 1649
850 1660
850 1708
851 1405
851 1478
851 1647
851 1803
852 983
852 1154
852 1502
852 1629
852 1680
852 1682
852 1687
852 1826
852 1964
853 933
853 1024
853 1075
853 1115
853 1503
853 1538
853 1704
853 1754
854 961
855 1183
855 1964
856 1254
856 1387
856 1471
856 1504
856 1952
856 1987
857 926
857 1255
858 1198
858 1536
858 1653
859 877
859 917
859 1223
859 1224
860 1236
861 1087
861 1236
861 1729
862 1241
862 1689
863 935
863 977
863 1302
863 1699
863 1888
863 1933
863 1937
864 1150
864 1178
864 1637
865 1011
865 1749
866 891
866 1903
867 1221
868 870
868 979
868 1294
868 1585
869 910
869 925
869 965
869 1462
869 1483
869 1558
870 1616
870 1975
871 979
871 1030
871 1920
872 918
872 1686
873 1032
874 1389
874 1446
874 1534
874 1845
875 1357
875 1411
876 1079
876 1744
876 1953
877 1603
877 1818
877 1931
878 920
878 1137
878 1163
878 1924
879 1060
879 1911
879 1981
879 1988
880 887
880 1120
880 1862
880 1956
881 1106
881 1380
881 1549
881 1656
882 1620
882 1649
882 1862
883 1007
883 1659
883 1739
883 1851
884 1034
884 1433
884 1682
884 1843
885 1044
885 1269
885 1427
886 1035
886 1084
887 1738
887 1985
888 999
889 1377
890 1101
890 1491
891 904
891 1025
891 1279
891 1861
892 1024
892 1822
892 1956
893 971
893 981
893 1306
893 1316
893 1919
895 919
895 1214
895 1369
895 1846
897 1057
897 1153
898 1035
898 1153
898 1410
898 1688
898 1736
898 1740
898 1855
898 1986
899 1024
899 1264
899 1566
899 1928
899 1953
899 1993
900 1319
900 1607
901 1022
901 1165
901 1515
902 1248
902 1785
903 1399
903 1665
903 1700
904 1576
905 905
905 1057
905 1642
905 1807
906 1166
906 1766
906 1977
907 1547
907 1872
907 1944
908 1018
908 1475
908 1876
910 1410
910 1583
910 1658
910 1700
910 1714
911 1182
911 1380
911 1805
911 1993
912 938
912 1129
913 1067
913 1361
913 1426
913 1654
914 1298
914 1848
915 1674
915 1841
916 1224
916 1694
916 1863
916 1917
916 1961
917 1256
917 1288
918 1416
918 1781
919 1355
919 1615
919 1698
919 1740
920 1287
920 1289
920 1721
921 1047
921 1077
921 1114
921 1838
921 1940
922 1079
922 1363
922 1858
923 1134
923 1327
923 1521
923 1874
924 1820
925 1313
925 1481
926 1122
926 1381
927 1036
927 1316
928 1015
928 1047
928 1148
928 1971
929 1087
929 1924
930 1080
930 1548
931 939
931 1750
932 1001
932 1236
932 1390
932 1777
932 1778
932 1816
933 1712
934 1514
934 1799
935 1256
935 1748
936 1829
937 965
937 984
937 1088
937 1598
937 1636
938 1108
938 1882
939 1000
939 1294
939 1512
940 1362
940 1376
940 1807
941 1665
942 1079
943 1230
943 1458
943 1501
943 1884
944 1080
944 1153
944 1967
944 1980
945 1197
945 1230
945 1402
945 1558
945 1672
945 1770
946 1059
947 1064
947 1116
947 1807
948 1063
948 1285
948 1511
948 1545
949 1146
949 1161
949 1744
950 1166
950 1370
950 1460
950 1758
951 1265
951 1647
952 1095
952 1798
952 1853
953 1118
953 1231
953 1502
953 1658
954 1076
955 1020
955 1324
956 1583
956 1940
956 1967
957 1014
957 1295
957 1347
957 1496
957 1510
957 1666
957 1685
958 1263
958 1838
959 1223
959 1909
959 1990
960 1092
960 1643
961 1168
961 1677
961 1903
962 1158
962 1509
962 1757
962 1903
962 1993
963 1234
964 1009
964 1259
964 1291
964 1742
965 1398
965 1421
965 1474
965 1643
965 1697
965 1960
966 1024
966 1591
966 1637
967 1037
967 1217
967 1317
967 1536
967 1686
967 1698
967 1951
968 1091
968 1516
968 1744
969 1376
969 1420
970 1333
970 1700
970 1721
970 1751
970 1866
971 1110
971 1245
971 1599
972 1541
972 1769
972 1803
972 1843
973 1301
974 1578
974 1890
975 975
975 1033
975 1178
975 1370
976 1046
976 1558
977 1210
977 1551
977 1830
978 1124
978 1160
979 1082
979 1413
979 1618
979 1654
980 1220
980 1531
980 1879
981 1642
981 1714
981 1724
982 1003
982 1020
982 1248
982 1375
983 1968
984 1413
984 1438
984 1822
984 1834
985 1081
985 1173
985 1289
985 1448
985 1463
986 1046
986 1259
986 1557
986 1663
986 1675
986 1851
986 1949
986 1954
987 1301
987 1973
988 1791
988 1836
989 1524
989 1912
989 1916
990 1255
990 1673
991 1522
991 1624
991 1953
992 1040
992 1044
992 1216
992 1341
992 1549
992 1776
992 1857
993 1501
994 1413
994 1523
994 1535
994 1897
995 1202
995 1266
995 1738
996 1081
996 1316
996 1443
996 1459
996 1611
997 1330
997 1894
997 1970
998 1103
998 1242
998 1862
998 1894
999 1189
999 1190
1000 1397
1000 1763
1001 1218
1002 1171
1002 1190
1002 1279
1002 1884
1003 1154
1003 1404
1003 1804
1004 1147
1004 1945
1004 1948
1005 1213
1005 1234
1005 1638
1006 1042
1006 1146
1006 1489
1007 1096
1007 1249
1007 1653
1008 1301
1008 1467
1009 1210
1009 1515
1009 1701
1009 1891
1010 1108
1010 1229
1010 1667
1011 1023
1011 1334
1011 1348
1011 1480
1011 1693
1011 1927
1011 1964
1013 1271
1013 1824
1014 1347
1014 1389
1014 1979
1015 1762
1015 1831
1016 1122
1016 1932
1017 1416
1018 1080
1019 1407
1019 1418
1020 1304
1020 1331
1021 1719
1022 1713
1022 1793
1022 1953
1023 1091
1023 1237
1023 1545
1024 1395
1024 1419
1024 1588
1024 1962
1026 1123
1026 1416
1026 1672
1027 1309
1027 1947
1028 1270
1028 1352
1028 1773
1029 1336
1029 1588
1029 1795
1029 1869
1030 1285
1030 1507
1030 1958
1031 1981
1032 1539
1032 1592
1033 1833
1034 1074
1034 1218
1034 1484
1034 1674
1034 1825
1035 1164
1035 1334
1035 1839
1036 1074
1036 1252
1036 1313
1036 1368
1036 1465
1036 1828
1036 1954
1040 1347
1040 1575
1040 1705
1041 1981
1041 1997
1043 1113
1043 1334
1044 1477
1045 1252
1045 1264
1045 1340
1045 1348
1046 1715
1046 1847
1047 1642
1048 1466
1048 1572
1048 1748
1048 1897
1049 1331
1049 1794
1049 1965
1050 1556
1050 1991
1051 1084
1051 1483
1051 1647
1051 1851
1052 1191
1053 1622
1053 1802
1055 1663
1055 1670
1056 1179
1056 1259
1056 1852
1057 1129
1057 1186
1057 1230
1058 1095
1058 1787
1058 1834
1059 1949
1060 1148
1060 1228
1060 1637
1060 1901
1061 1169
1061 1277
1061 1552
1062 1166
1062 1451
1062 1798
1064 1642
1065 1234
1065 1430
1065 1784
1065 1841
1065 1996
1066 1114
1066 1267
1066 1404
1066 1522
1066 1911
1067 1072
1067 1350
1067 1716
1067 1966
1068 1541
1068 1716
1069 1710
1069 1874
1069 1990
1070 1446
1070 1917
1071 1206
1071 1436
1071 1700
1071 1828
1071 1955
1072 1476
1072 1485
1072 1647
1072 1675
1072 1851
1073 1111
1073 1390
1074 1179
1074 1405
1074 1594
1074 1838
1075 1387
1075 1413
1075 1479
1076 1711
1076 1740
1076 1856
1077 1567
1078 1395
1078 1764
1078 1931
1079 1756
1079 1979
1080 1138
1080 1341
1080 1408
1080 1701
1080 1965
1082 1908
1082 1998
1083 1263
1083 1947
1084 1323
1084 1986
1085 1144
1085 1852
1085 1875
1086 1299
1086 1665
1086 1693
1087 1993
1088 1413
1088 1920
1088 1939
1089 1361
1089 1428
1090 1176
1090 1398
1090 1624
1091 1260
1091 1274
1091 1514
1091 1534
1091 1916
1091 1931
1092 1360
1093 1321
1094 1313
1094 1987
1095 1477
1096 1112
1096 1254
1097 1502
1097 1944
1098 1156
1098 1261
1098 1381
1099 1701
1100 1222
1100 1347
1100 1548
1100 1798
1102 1278
1102 1470
1102 1964
1103 1768
1103 1812
1104 1320
1105 1259
1105 1279
1105 1299
1106 1145
1106 1723
1106 1866
1107 1406
1107 1580
1108 1128
1108 1611
1109 1496
1109 1646
1109 1784
1110 1515
1111 1212
1111 1624
1111 1894
1112 1290
1113 1506
1113 1664
1113 1693
1113 1840
1113 1996
1114 1745
1115 1533
1115 1810
1115 1862
1115 1931
1116 1563
1116 1976
1117 1729
1118 1296
1118 1540
1118 1859
1118 1970
1118 1993
1119 1187
1119 1390
1119 1583
1120 1457
1120 1539
1120 1654
1121 1197
1121 1326
1121 1713
1121 1896
1122 1288
1122 1344
1123 1214
1123 1412
1123 1659
1123 1687
1123 1972
1123 1978
1124 1222
1124 1612
1124 1652
1124 1718
1125 1407
1125 1550
1125 1695
1125 1949
1126 1343
1126 1705
1126 1733
1127 1177
1127 1480
1127 1539
1127 1718
1128 1256
1128 1289
1128 1385
1128 1434
1128 1617
1128 1917
1129 1266
1129 1342
1129 1465
1129 1520
1130 1438
1131 1260
1131 1388
1131 1597
1131 1692
1132 1209
1133 1192
1133 1411
1134 1489
1135 1618
1136 1706
1137 1338
1137 1726
1138 1194
1138 1311
1138 1388
1139 1230
1139 1238
1139 1488
1139 1546
1140 1434
1140 1550
1140 1607
1140 1765
1140 1976
1142 1250
1142 1419
1142 1768
1142 1844
1142 1882
1142 1902
1143 1475
1143 1752
1143 1779
1144 1443
1144 1885
1145 1193
1145 1287
1145 1682
1145 1825
1146 1389
1146 1417
1146 1420
1146 1540
1147 1204
1147 1856
1148 1478
1148 1519
1149 1634
1149 1934
1150 1165
1150 1285
1150 1289
1150 1332
1150 1681
1150 1746
1151 1191
1151 1625
1151 1682
1151 1989
1152 1687
1152 1760
1153 1321
1153 1446
1153 1677
1153 1941
1154 1557
1154 1665
1155 1291
1155 1733
1155 1736
1155 1981
1156 1466
1156 1989
1157 1384
1157 1499
1157 1509
1157 1560
1158 1865
1159 1472
1159 1767
1160 1201
1160 1447
1160 1661
1160 1907
1161 1226
1161 1348
1161 1418
1161 1525
1161 1674
1161 1692
1162 1215
1163 1206
1163 1255
1163 1970
1163 1974
1164 1473
1164 1688
1165 1782
1166 1240
1166 1294
1166 1637
1167 1469
1167 1778
1167 1982
1168 1823
1169 1273
1169 1351
1169 1412
1170 1814
1171 1392
1171 1874
1171 1936
1172 1534
1174 1286
1174 1782
1175 1590
1175 1738
1175 1857
1176 1722
1177 1425
1177 1843
1177 1883
1178 1631
1180 1382
1180 1747
1181 1268
1181 1296
1181 1299
1181 1661
1181 1718
1181 1790
1182 1306
1182 1478
1182 1522
1183 1411
1183 1714
1184 1276
1185 1500
1185 1696
1186 1787
1186 1904
1187 1658
1187 1971
1188 1204
1188 1393
1188 1800
1189 1254
1189 1384
1189 1578
1189 1666
1189 1680
1189 1869
1190 1365
1190 1518
1190 1938
1191 1487
1191 1501
1191 1655
1192 1764
1192 1853
1193 1683
1193 1900
1193 1972
1194 1366
1194 1852
1195 1266
1195 1712
1195 1935
1195 1949
1196 1330
1196 1406
1196 1906
1197 1572
1197 1663
1197 1961
1198 1303
1198 1748
1198 1978
1199 1251
1199 1443
1199 1895
1200 1865
1200 1910
1201 1726
1203 1221
1203 1295
1204 1629
1205 1232
1205 1741
1205 1839
1206 1736
1206 1896
1207 1322
1208 1789
1208 1973
1208 1986
1209 1475
1209 1978
1210 1313
1210 1937
1211 1542
1211 1661
1211 1678
1211 1964
1211 1998
1212 1649
1212 1983
1213 1276
1213 1451
1213 1474
1213 1670
1213 1761
1215 1853
1216 1474
1217 1233
1217 1402
1218 1240
1218 1481
1218 1537
1218 1979
1219 1303
1219 1715
1220 1224
1220 1362
1221 1230
1221 1670
1221 1770
1221 1850
1221 1934
1221 1975
1222 1398
1222 1483
1222 1502
1223 1384
1223 1455
1223 1570
1224 1645
1225 1885
1226 1331
1226 1393
1226 1665
1226 1982
1227 1510
1227 1703
1227 1750
1227 1907
1228 1519
1228 1867
1229 1278
1229 1716
1229 1904
1231 1946
1232 1403
1232 1589
1232 1662
1233 1607
1233 1932
1234 1579
1234 1681
1234 1786
1235 1487
1235 1512
1235 1605
1236 1974
1237 1790
1237 1852
1237 1854
1237 1993
1238 1324
1238 1538
1238 1888
1239 1505
1239 1922
1240 1337
1240 1632
1240 1838
1241 1637
1241 1867
1242 1749
1243 1460
1244 1291
1244 1875
1245 1262
1245 1390
1245 1615
1245 1648
1245 1952
1245 1982
1246 1860
1247 1548
1247 1617
1247 1647
1247 1873
1247 1887
1247 1959
1248 1350
1248 1421
1248 1430
1248 1869
1249 1469
1249 1955
1250 1694
1251 1330
1251 1672
1251 1773
1251 1898
1252 1456
1254 1384
1254 1799
1255 1907
1256 1292
1257 1846
1260 1653
1262 1495
1262 1622
1262 1807
1263 1494
1263 1833
1264 1294
1264 1600
1265 1428
1265 1704
1265 1923
1266 1388
1266 1695
1267 1708
1268 1384
1268 1726
1269 1273
1269 1277
1269 1687
1270 1464
1270 1478
1271 1676
1271 1859
1272 1468
1272 1910
1272 1997
1273 1542
1273 1543
1273 1588
1274 1327
1274 1768
1274 1771
1275 1572
1275 1605
1275 1662
1276 1622
1276 1631
1277 1690
1277 1764
1278 1306
1279 1289
1279 1832
1280 1381
1280 1504
1280 1748
1280 1810
1281 1419
1281 1477
1281 1783
1283 1315
1283 1453
1284 1437
1284 1510
1284 1587
1285 1287
1286 1621
1288 1365
1288 1535
1288 1679
1288 1696
1289 1302
1289 1548
1289 1599
1289 1846
1289 1913
1290 1483
1291 1379
1291 1413
1291 1881
1292 1328
1292 1690
1292 1691
1292 1946
1293 1480
1293 1590
1294 1850
1294 1852
1295 1630
1295 1766
1295 1853
1296 1305
1296 1619
1296 1916
1298 1319
1298 1749
1298 1836
1299 1342
1299 1593
1299 1771
1299 1785
1300 1356
1300 1409
1301 1632
1301 1717
1302 1927
1303 1303
1303 1980
1304 1783
1305 1308
1306 1498
1307 1491
1307 1764
1307 1848
1307 1934
1308 1320
1309 1525
1309 1622
1309 1717
1311 1502
1312 1611
1312 1695
1312 1952
1312 1981
1313 1645
1316 1682
1316 1745
1316 1832
1316 1914
1317 1339
1317 1621
1317 1634
1318 1638
1319 1503
1319 1651
1319 1728
1320 1949
1321 1498
1322 1519
1322 1987
1322 1994
1323 1813
1323 1827
1323 1962
1324 1571
1324 1785
1324 1960
1326 1487
1326 1679
1326 1883
1326 1910
1326 1941
1327 1328
1327 1819
1328 1348
1328 1929
1329 1929
1331 1345
1331 1361
1331 1582
1331 1790
1332 1962
1333 1523
1333 1988
1334 1395
1336 1491
1337 1572
1338 1424
1339 1366
1339 1466
1341 1354
1341 1813
1343 1932
1344 1572
1345 1601
1345 1675
1345 1691
1345 1750
1345 1898
1345 1949
1345 1993
1348 1597
1349 1978
1350 1718
1350 1821
1350 1842
1350 1876
1351 1406
1352 1947
1353 1909
1355 1873
1356 1600
1356 1664
1356 1942
1357 1701
1357 1924
1358 1810
1359 1393
1359 1663
1362 1470
1362 1606
1362 1793
1362 1893
1362 1979
1363 1373
1363 1964
1364 1443
1364 1490
1365 1989
1366 1531
1366 1730
1367 1761
1367 1828
1367 1896
1368 1635
1369 1449
1369 1693
1370 1553
1370 1626
1370 1777
1371 1593
1371 1763
1371 1967
1372 1552
1372 1740
1374 1512
1375 1568
1375 1668
1375 1938
1376 1397
1376 1941
1378 1394
1378 1525
1378 1674
1378 1856
1378 1867
1378 1961
1379 1447
1379 1977
1380 1503
1380 1739
1380 1843
1382 1957
1383 1950
1384 1505
1384 1743
1386 1521
1386 1523
1386 1749
1386 1907
1387 1724
1387 1949
1388 1781
1388 1876
1389 1667
1389 1913
1390 1595
1390 1647
1390 1796
1390 1991
1391 1607
1392 1751
1392 1950
1393 1861
1393 1877
1393 1959
1393 1963
1395 1541
1395 1704
1395 1882
1395 1974
1396 1559
1396 1592
1396 1680
1396 1729
1397 1587
1397 1658
1397 1788
1397 1977
1398 1538
1400 1509
1401 1756
1401 1803
1401 1861
1404 1938
1407 1792
1408 1826
1410 1453
1410 1667
1411 1471
1411 1650
1411 1683
1413 1556
1414 1449
1414 1895
1415 1602
1415 1853
1416 1626
1416 1831
1417 1779
1418 1564
1419 1726
1420 1473
1420 1541
1420 1548
1421 1675
1421 1778
1421 1883
1422 1694
1423 1575
1423 1926
1426 1818
1427 1722
1427 1902
1428 1429
1428 1839
1428 1853
1430 1746
1431 1704
1432 1561
1432 1937
1433 1872
1433 1929
1434 1438
1436 1590
1436 1626
1436 1662
1436 1800
1438 1462
1438 1499
1438 1514
1438 1653
1438 1656
1438 1843
1438 1983
1440 1829
1441 1781
1441 1825
1442 1660
1443 1453
1444 1687
1444 1698
1444 1871
1445 1742
1446 1458
1446 1770
1446 1931
1446 1991
1447 1509
1447 1510
1447 1828
1447 1914
1448 1778
1451 1809
1452 1616
1452 1684
1452 1698
1452 1768
1453 1488
1454 1680
1454 1926
1455 1492
1455 1676
1455 1706
1455 1870
1458 1614
1459 1541
1459 1626
1459 1955
1460 1468
1461 1616
1462 1600
1462 1728
1463 1496
1463 1631
1463 1776
1465 1509
1465 1692
1466 1528
1467 1573
1467 1643
1467 1814
1468 1785
1470 1977
1471 1662
1471 1875
1472 1525
1472 1576
1472 1703
1473 1989
1474 1679
1475 1651
1475 1760
1475 1835
1476 1930
1477 1935
1478 1613
1478 1680
1478 1739
1479 1634
1479 1840
1480 1607
1480 1694
1481 1945
1481 1959
1482 1770
1482 1814
1482 1831
1483 1632
1484 1499
1484 1544
1487 1498
1487 1860
1488 1686
1488 1806
1488 1808
1489 1865
1489 1916
1489 1955
1490 1610
1490 1746
1491 1494
1491 1915
1492 1562
1493 1984
1494 1589
1495 1711
1495 1752
1495 1822
1496 1743
1496 1812
1497 1761
1498 1534
1498 1867
1501 1668
1504 1736
1504 1750
1504 1788
1505 1958
1506 1623
1507 1722
1508 1587
1508 1804
1511 1573
1512 1550
1512 1572
1512 1606
1512 1893
1512 1970
1513 1551
1513 1895
1514 1619
1514 1874
1514 1920
1514 1941
1515 1613
1515 1888
1516 1573
1516 1598
1517 1578
1517 1656
1517 1927
1517 1992
1521 1608
1521 1764
1521 1802
1522 1530
1522 1942
1525 1981
1526 1700
1526 1868
1526 1916
1527 1720
1528 1993
1529 1720
1529 1839
1529 1981
1529 1993
1530 1594
1530 1755
1530 1800
1531 1780
1531 1915
1533 1867
1534 1664
1534 1713
1541 1575
1541 1612
1541 1826
1542 1821
1543 1895
1543 1906
1544 1792
1544 1854
1545 1864
1545 1955
1548 1720
1548 1941
1549 1618
1549 1986
1551 1593
1551 1893
1553 1778
1553 1811
1553 1820
1553 1866
1554 1780
1554 1892
1555 1959
1555 1993
1557 1860
1557 1891
1562 1660
1568 1686
1568 1927
1568 1969
1569 1716
1569 1809
1569 1838
1569 1895
1569 1913
1570 1854
1571 1580
1571 1846
1572 1711
1573 1818
1573 1941
1574 1756
1574 1774
1574 1826
1574 1860
1577 1902
1578 1718
1578 1970
1579 1680
1580 1663
1580 1669
1581 1624
1582 1670
1582 1832
1582 1870
1583 1810
1583 1868
1584 1781
1585 1824
1585 1932
1585 1959
1585 1999
1588 1892
1589 1845
1589 1879
1590 1743
1591 1985
1592 1862
1594 1760
1594 1848
1594 1872
1596 1610
1596 1841
1597 1618
1597 1815
1599 1827
1601 1652
1602 1675
1603 1833
1604 1644
1604 1822
1604 1963
1605 1974
1606 1924
1607 1797
1607 1881
1609 1704
1610 1800
1611 1998
1612 1746
1612 1779
1612 1899
1613 1794
1613 1855
1614 1750
1614 1812
1614 1849
1614 1959
1616 1768
1616 1786
1617 1621
1617 1774
1618 1816
1618 1946
1619 1775
1619 1876
1619 1960
1620 1656
1622 1706
1623 1631
1623 1935
1625 1627
1625 1840
1625 1969
1626 1715
1629 1711
1629 1714
1629 1863
1630 1698
1631 1942
1633 1948
1634 1709
1634 1730
1634 1769
1634 1850
1634 1998
1635 1651
1635 1812
1638 1885
1638 1982
1639 1653
1639 1702
1641 1686
1642 1863
1643 1837
1643 1892
1644 1797
1644 1814
1646 1683
1646 1966
1650 1693
1650 1836
1650 1904
1652 1836
1654 1734
1655 1829
1656 1940
1657 1663
1661 1752
1661 1963
1662 1829
1662 1942
1663 1850
1664 1919
1667 1670
1667 1990
1668 1715
1668 1807
1669 1699
1670 1731
1672 1798
1674 1730
1674 1997
1678 1912
1679 1720
1680 1978
1681 1760
1682 1950
1684 1715
1684 1952
1685 1751
1686 1927
1687 1868
1687 1938
1689 1946
1692 1775
1692 1832
1692 1964
1693 1795
1695 1960
1696 1842
1699 1955
1703 1834
1705 1817
1705 1837
1706 1797
1708 1874
1709 1723
1709 1952
1710 1886
1713 1807
1715 1766
1716 1998
1717 1765
1717 1873
1720 1788
1720 1835
1721 1895
1722 1890
1724 1808
1725 1906
1726 1933
1726 1974
1728 1799
1729 1967
1730 1912
1731 1765
1732 1755
1733 1813
1733 1857
1734 1838
1735 1749
1737 1750
1737 1853
1737 1974
1739 1787
1740 1816
1742 1867
1745 1756
1745 1889
1745 1893
1747 1802
1750 1753
1750 1787
1754 1950
1755 1772
1755 1774
1756 1930
1758 1954
1759 1823
1760 1838
1761 1817
1761 1893
1762 1773
1762 1956
1763 1789
1765 1939
1765 1993
1770 1816
1774 1926
1775 1789
1775 1840
1776 1840
1776 1979
1780 1924
1782 1879
1783 1783
1783 1922
1784 1821
1785 1942
1785 1954
1786 1913
1787 1840
1787 1944
1794 1918
1795 1859
1799 1919
1801 1822
1802 1881
1803 1912
1804 1887
1804 1922
1807 1952
1812 1920
1813 1949
1815 1989
1821 1876
1822 1938
1823 1859
1825 1950
1826 1936
1828 1929
1829 1835
1829 1881
1829 1970
1831 1990
1833 1956
1841 1872
1843 1967
1845 1913
1845 1973
1848 1977
1850 1908
1853 1914
1856 1957
1856 1992
1860 1863
1861 1874
1863 1909
1866 1888
1866 1929
1869 1893
1873 1999
1875 1955
1875 1968
1876 1962
1877 1965
1878 1988
1893 1975
1894 1952
1899 1917
1906 1964
1914 1977
1915 1955
1915 1960
1919 1979
1921 1922
1930 1993
1931 1967
1939 1949
1940 1947
1951 1967
1956 1988
1956 1999
1957 1965
1962 1970
