2000
0 140
1 1860
2 1191
6 19
7 58
7 594
10 1748
13 1122
14 290
15 139
15 488
16 1455
18 449
19 474
19 680
20 776
20 1721
21 721
22 1670
24 1329
25 214
31 1030
33 1375
35 1782
36 475
36 1074
37 461
38 1369
41 889
42 743
44 395
44 1217
46 1678
48 597
48 979
48 1732
49 1512
50 89
51 1940
52 1464
54 946
55 1491
56 1934
57 682
57 969
59 530
60 615
60 1358
62 667
63 960
65 1190
67 1742
68 138
68 843
69 1390
70 1079
71 1228
72 1645
74 892
75 1069
76 1302
77 1856
80 330
89 89
89 1827
91 239
92 1685
99 997
99 1044
107 911
108 779
109 1843
114 283
115 1296
120 615
121 1669
122 656
123 1042
126 1894
128 718
130 751
131 1844
136 1912
140 1818
141 1173
142 625
143 161
143 1660
145 1586
146 1526
149 150
152 1439
152 1848
154 1399
155 764
155 1304
156 434
158 1425
158 1603
159 362
159 1171
164 1577
166 218
170 290
173 325
174 1492
175 1948
176 772
177 387
177 800
177 1135
181 837
182 234
183 1922
184 1003
186 1136
186 1438
186 1999
188 1197
190 678
191 1020
191 1193
193 1107
194 1143
196 1575
196 1879
197 698
198 652
205 1308
205 1359
208 1951
210 1093
210 1787
213 1521
214 533
216 216
216 1522
217 1776
218 1862
219 818
221 272
224 1869
227 476
227 1523
229 725
229 1233
230 280
230 991
232 902
232 1614
233 320
233 1527
234 1763
238 1545
238 1597
241 1455
242 1708
244 400
244 1452
244 1671
244 1727
250 525
253 1188
256 934
256 1578
257 1495
258 263
260 1709
261 340
263 1827
264 1011
264 1140
266 859
271 1077
274 1699
274 1916
277 1892
278 990
278 1634
278 1688
280 1489
281 296
282 473
283 380
284 1082
285 1521
285 1826
289 1343
291 481
292 395
292 905
294 1287
294 1362
295 434
296 505
296 1323
297 1044
299 1393
299 1454
299 1800
300 1902
305 1764
307 1814
308 876
309 1622
309 1986
310 363
313 560
314 410
316 1456
317 723
321 1034
322 1032
325 1193
331 445
331 1142
331 1964
334 1314
337 1543
340 822
343 1034
344 1890
349 1636
353 1653
355 468
359 1356
360 944
361 1990
362 462
363 467
363 915
363 1386
364 1787
366 973
368 804
368 1131
370 505
373 521
373 688
373 798
375 1925
376 706
378 1687
380 431
380 1256
380 1780
381 898
382 441
382 703
384 1664
385 497
390 1326
392 478
395 1135
395 1484
398 813
399 654
400 1405
401 575
401 1711
402 940
402 1221
403 1937
405 854
408 1533
411 537
417 1949
420 1619
421 436
423 1515
425 1887
429 921
430 647
430 1711
433 1953
434 472
434 793
435 735
438 1786
441 1979
445 624
454 1499
457 665
459 492
459 737
459 1106
463 702
464 1165
464 1259
467 1137
467 1245
467 1287
473 1351
473 1720
473 1945
478 1255
479 1434
480 1003
487 1726
489 1766
493 981
494 745
495 1234
495 1466
499 1679
500 1690
502 979
504 790
504 968
505 741
505 1351
507 1820
508 595
509 1441
511 785
511 1858
512 674
512 1781
517 1127
517 1607
518 1082
521 1698
528 1913
531 603
533 1333
535 1122
537 1261
541 1649
542 724
542 1248
542 1341
543 1718
545 572
546 1228
547 1505
548 1089
552 1734
560 1979
564 1606
565 1397
568 1335
571 1087
572 1281
572 1732
574 1381
581 1968
583 1029
586 1091
586 1142
589 669
589 1875
598 980
599 1892
601 1384
608 1994
610 1135
610 1698
612 1122
614 989
615 992
615 1298
617 1506
621 841
622 1554
625 759
626 712
628 1105
633 859
634 760
638 1579
640 771
640 1125
641 1635
644 980
648 1132
649 1090
650 1852
652 670
652 1230
653 775
653 1074
655 785
656 1309
663 669
665 1243
667 1170
668 740
669 1269
674 1142
680 893
680 1326
681 889
681 1001
681 1274
681 1770
686 1923
687 1856
689 1927
690 816
691 1560
694 799
695 703
696 1850
699 1643
700 809
703 1953
704 1548
705 1256
706 1019
708 1793
709 1052
709 1830
716 1549
717 871
719 887
722 974
722 1259
733 1155
734 1472
736 1989
744 1285
747 1083
750 1149
753 1501
753 1756
754 1634
756 1592
769 1462
769 1996
771 1025
775 1101
777 965
777 1895
779 893
780 950
786 1446
787 1824
791 1940
793 1908
799 864
801 1169
805 1847
812 1469
823 1996
825 1707
831 1376
833 1584
837 933
838 1164
840 913
841 1150
842 1587
843 1005
851 1201
852 1382
853 1751
862 1440
862 1694
865 1358
866 1359
887 1499
889 1226
890 1551
893 1356
896 1897
898 1585
902 1058
902 1685
904 1244
908 1638
912 1890
914 1389
914 1642
919 1817
920 1423
922 1246
923 1211
926 1499
927 1157
928 1786
930 1198
931 1197
936 969
937 1387
937 1497
940 1348
950 1149
950 1319
951 1819
971 1914
972 1166
972 1924
973 1976
977 1683
983 1486
984 1223
992 1499
1007 1862
1011 1401
1020 1668
1027 1174
1029 1508
1038 1214
1039 1520
1045 1991
1055 1473
1063 1306
1067 1184
1074 1182
1083 1846
1086 1264
1090 1523
1094 1644
1095 1811
1095 1983
1096 1356
1097 1634
1099 1504
1104 1797
1104 1843
1105 1778
1105 1858
1106 1879
1109 1415
1111 1616
1118 1572
1123 1569
1129 1832
1136 1394
1138 1443
1143 1601
1148 1949
1154 1983
1156 1849
1156 1869
1159 1659
1170 1268
1170 1327
1171 1857
1181 1416
1183 1772
1185 1678
1191 1286
1192 1861
1197 1259
1198 1667
1201 1500
1203 1974
1212 1465
1216 1747
1222 1228
1223 1450
1234 1884
1237 1554
1243 1509
1245 1860
1246 1979
1247 1378
1251 1556
1264 1398
1264 1989
1267 1853
1273 1521
1276 1777
1276 1923
1279 1992
1287 1463
1289 1639
1294 1550
1294 1751
1295 1956
1298 1485
1301 1683
1304 1600
1306 1579
1316 1949
1316 1990
1317 1516
1334 1414
1340 1662
1348 1471
1351 1371
1351 1493
1353 1588
1357 1731
1363 1536
1369 1732
1380 1792
1383 1850
1390 1407
1391 1561
1395 1895
1409 1535
1431 1796
1439 1934
1441 1867
1446 1755
1457 1979
1465 1715
1471 1972
1473 1611
1488 1651
1496 1671
1497 1991
1508 1927
1519 1799
1527 1828
1528 1613
1531 1695
1533 1835
1534 1682
1541 1888
1546 1721
1551 1587
1582 1598
1582 1988
1591 1948
1592 1633
1593 1697
1594 1697
1596 1690
1597 1613
1621 1927
1627 1772
1630 1901
1638 1774
1650 1759
1655 1848
1656 1909
1661 1726
1680 1841
1690 1906
1707 1731
1707 1945
1709 1876
1716 1830
1720 1886
1727 1969
1743 1822
1748 1791
1759 1769
1812 1876
1825 1891
1827 1990
1867 1895
1926 1972
