2000
0 256
0 506
0 513
0 1266
0 1717
0 1765
0 1833
0 1943
2 1840
3 22
3 68
3 1096
3 1158
3 1168
4 1034
4 1874
5 494
5 1732
6 13
6 454
6 886
6 1026
6 1042
6 1285
6 1381
6 1772
6 1873
7 1006
7 1029
7 1097
7 1141
8 1515
8 1794
9 1124
9 1479
9 1816
10 451
10 1667
11 1096
11 1558
11 1602
11 1752
12 606
13 54
13 578
15 577
15 1359
16 140
16 1428
16 1942
17 136
17 1516
17 1654
17 1950
18 202
18 873
18 1116
18 1266
18 1275
18 1852
19 210
19 895
20 261
20 286
20 500
20 810
20 1672
21 852
22 87
22 1303
22 1396
23 662
23 874
23 1103
23 1122
23 1719
23 1914
24 338
24 736
24 1151
24 1793
25 832
25 1494
25 1782
26 685
26 1933
27 239
27 844
27 1514
27 1851
29 798
30 65
30 349
30 1250
31 251
31 723
31 1109
31 1795
32 1557
33 672
34 698
34 1203
34 1956
35 1128
35 1238
36 366
36 922
36 934
36 1266
37 287
37 439
37 740
37 1054
37 1655
37 1956
37 1990
38 241
38 551
38 652
38 1197
38 1603
39 273
40 129
40 414
41 100
41 1168
41 1736
41 1845
42 288
42 335
42 1064
42 1340
42 1897
43 111
43 139
43 894
43 1233
44 332
44 1120
44 1882
44 1938
45 1258
46 1556
46 1666
46 1932
47 84
47 277
47 411
47 479
48 1049
49 137
49 179
49 314
49 448
49 950
49 1199
49 1622
50 653
50 661
50 1696
51 1586
52 820
52 842
52 859
52 1096
52 1910
52 1966
52 1977
53 437
53 1141
53 1163
53 1356
53 1699
54 292
54 328
54 443
54 704
55 999
55 1347
55 1477
55 1777
56 869
56 1026
56 1236
57 151
57 380
57 1057
58 1034
58 1275
58 1921
59 1714
60 183
60 725
60 952
61 267
61 578
61 913
62 212
62 263
62 1192
63 401
63 1152
63 1329
63 1502
63 1544
63 1891
64 186
64 1368
64 1484
64 1823
65 659
65 947
65 1407
65 1778
66 881
66 1690
68 98
68 469
68 1142
68 1187
69 105
70 245
70 887
70 1383
70 1431
71 165
71 694
71 723
71 1021
71 1136
72 519
72 596
72 874
72 1030
72 1268
72 1766
73 221
73 1940
73 1998
73 1999
74 1332
74 1349
74 1683
74 1761
75 83
75 322
75 440
75 1094
76 105
76 202
76 825
77 199
77 208
77 330
77 582
77 1372
77 1614
77 1956
78 489
78 1184
78 1607
79 155
79 238
79 1131
79 1238
79 1762
80 103
80 958
80 1042
80 1355
81 1451
81 1922
82 377
83 859
83 983
83 1335
83 1595
84 348
84 376
84 1230
84 1831
85 1211
85 1496
85 1766
85 1828
86 332
86 664
86 1176
86 1863
87 1499
87 1691
88 802
88 953
88 1063
89 361
89 539
89 669
89 756
89 893
89 1629
90 701
90 1476
90 1542
90 1583
91 276
91 584
91 678
91 1624
91 1798
92 812
93 380
93 634
93 640
93 822
93 884
93 1750
94 863
94 1468
96 317
96 567
96 1248
96 1388
96 1959
98 990
98 1027
99 217
99 361
99 605
99 781
100 304
100 363
100 1535
100 1548
100 1928
101 769
102 297
102 989
102 1002
103 157
103 361
103 828
103 1595
103 1787
103 1881
104 164
104 1165
104 1600
105 576
106 442
106 644
106 1048
106 1295
108 238
108 824
108 1364
109 990
109 1949
110 1027
110 1468
111 138
111 544
111 1103
111 1245
111 1997
112 565
113 441
113 1570
113 1690
114 176
114 411
114 735
114 963
114 1282
115 899
115 1636
116 596
116 1924
117 1590
117 1598
118 722
118 745
118 753
118 1404
119 1436
120 287
120 708
120 1357
120 1397
121 458
121 565
121 1052
122 1681
122 1818
123 518
124 205
124 303
124 1253
124 1272
124 1403
125 927
125 1047
126 620
126 1386
126 1990
127 1673
127 1789
127 1866
127 1960
128 753
129 287
129 479
129 671
130 422
130 1041
131 206
131 1011
131 1626
132 347
132 1066
133 392
134 390
134 678
134 750
134 1664
134 1704
135 221
135 261
135 516
135 878
135 1513
135 1629
136 874
136 997
137 705
137 937
137 1560
138 165
138 793
138 898
138 949
138 1915
139 411
139 650
139 889
139 1620
140 1198
140 1447
141 1063
141 1304
141 1411
141 1948
142 162
142 185
142 397
142 422
142 1004
142 1582
143 616
143 654
143 661
143 733
143 957
144 242
144 860
144 1121
145 350
145 486
145 795
145 1111
145 1147
146 1339
147 198
147 531
147 785
147 1690
148 300
149 769
149 1246
150 293
150 607
150 1325
150 1569
150 1632
151 487
151 927
151 958
151 1518
151 1896
152 720
152 762
152 1672
153 615
153 983
153 1745
153 1798
154 1738
155 374
155 719
155 1626
156 813
156 1332
156 1410
156 1658
156 1728
157 1383
157 1537
157 1538
158 928
158 1346
158 1782
159 524
159 1259
159 1307
159 1389
160 222
160 513
160 1719
160 1760
161 559
161 1262
161 1287
161 1446
162 884
162 886
162 949
162 1018
162 1335
163 1698
164 1008
164 1042
164 1762
164 1983
165 184
165 541
165 728
165 1358
166 527
166 865
166 1034
166 1234
166 1342
166 1528
167 180
167 802
167 843
167 1482
168 1491
169 331
169 1210
169 1548
169 1562
170 202
171 329
171 343
171 985
172 218
172 369
172 575
172 1575
172 1812
173 1215
173 1710
174 680
175 986
175 1638
176 942
176 1546
176 1877
177 700
177 834
177 956
177 1902
178 302
178 1590
178 1686
179 648
179 1057
179 1482
180 271
180 928
180 1474
180 1785
181 575
181 765
181 853
181 1037
182 803
182 827
182 925
183 1170
183 1784
183 1984
184 285
184 605
184 1146
185 843
185 989
185 1593
185 1925
187 630
188 541
188 563
188 651
188 1235
188 1468
189 265
189 432
190 275
190 924
191 1364
191 1579
191 1857
192 603
192 755
192 962
192 1780
192 1812
193 293
193 597
193 946
193 1319
193 1831
193 1900
194 228
194 372
194 1570
195 605
195 929
195 1058
195 1211
195 1527
196 206
196 222
196 753
196 1547
196 1646
196 1651
196 1881
197 401
197 546
197 548
197 696
197 761
197 1169
197 1963
198 525
198 673
198 705
198 724
198 1410
199 526
199 1055
199 1264
199 1588
199 1590
200 605
200 1648
201 265
201 749
201 859
202 331
202 1365
202 1959
203 350
203 1294
203 1874
203 1933
204 403
204 978
206 519
206 1173
206 1962
207 242
207 1460
207 1809
208 529
208 1669
208 1760
208 1808
209 864
209 1830
210 440
210 1442
210 1482
211 365
211 1545
212 971
213 1641
214 484
214 1289
214 1472
214 1511
216 227
216 656
216 726
216 871
216 996
217 503
217 629
217 1069
217 1586
218 357
218 376
218 859
218 925
218 1310
218 1637
219 888
219 1027
221 309
221 1512
223 884
223 1141
224 577
224 750
224 1988
225 464
225 645
225 815
225 1452
226 1118
226 1687
227 415
227 673
227 675
227 693
227 787
227 798
228 260
228 1302
228 1478
228 1574
229 579
229 1075
229 1412
229 1470
229 1841
230 529
230 565
230 802
230 983
230 1713
230 1768
231 544
231 941
231 1127
232 434
232 463
232 951
233 307
233 392
233 1005
233 1052
233 1305
233 1464
233 1930
234 788
234 1372
235 440
235 1104
235 1337
235 1510
235 1550
236 457
236 1059
236 1369
236 1569
237 624
237 1012
237 1244
238 1866
239 578
239 1297
239 1525
240 1251
240 1346
240 1486
241 288
241 579
241 1583
242 545
242 1376
242 1537
243 755
244 338
244 1373
245 405
246 896
247 634
247 667
247 1175
247 1417
248 648
248 998
248 1907
249 342
249 772
249 1188
249 1914
250 808
250 1906
251 1034
251 1760
252 1579
253 1528
254 490
254 538
254 852
254 997
256 345
256 847
256 1188
256 1777
256 1919
257 322
257 1436
257 1986
258 1385
258 1757
260 789
260 1006
260 1256
260 1741
261 1567
262 461
262 738
262 799
262 1653
263 943
263 1522
263 1959
264 681
264 781
264 1276
264 1431
264 1532
266 479
266 593
266 933
266 959
266 1436
266 1810
266 1811
267 509
268 498
268 860
268 1118
269 1164
269 1925
271 692
271 1193
271 1708
272 389
273 930
273 1559
273 1569
273 1721
274 288
274 1588
274 1674
275 738
275 1620
275 1622
275 1742
276 818
276 975
276 993
276 1016
276 1183
276 1737
277 692
277 758
277 1774
278 681
278 1517
279 771
280 1340
280 1620
280 1843
281 373
281 456
281 508
281 971
281 1158
281 1713
282 984
282 1160
282 1509
283 627
283 898
283 1874
284 366
284 1589
284 1716
285 527
285 1882
286 1401
286 1860
287 809
287 908
287 1393
287 1417
288 374
288 624
288 1034
288 1051
288 1358
289 312
289 1032
290 370
290 1914
291 1211
291 1258
291 1903
292 631
292 923
292 983
292 1938
293 451
293 687
293 806
293 1084
293 1842
294 566
294 782
294 1262
294 1307
294 1391
294 1693
294 1760
294 1865
294 1973
295 452
295 782
295 806
295 1607
296 642
297 777
297 834
297 1608
297 1735
297 1952
298 326
299 381
299 1290
299 1433
299 1576
300 1417
300 1993
301 790
301 1611
301 1636
301 1911
302 675
302 1662
302 1952
303 1084
304 1906
305 562
305 1560
306 376
306 556
307 529
307 1338
307 1472
307 1509
308 657
308 1023
308 1174
309 986
309 1764
309 1895
310 676
310 1427
310 1447
311 700
311 1187
312 462
312 783
312 976
312 1251
312 1879
312 1997
313 344
313 997
313 1187
313 1679
314 711
314 1167
315 1078
315 1996
317 572
318 871
318 1276
318 1464
319 328
319 400
319 1232
319 1711
320 406
320 944
320 1110
320 1549
320 1670
320 1771
322 443
322 763
322 834
322 1970
323 1417
324 716
324 973
324 1548
324 1598
324 1930
325 940
325 1461
325 1545
325 1642
326 1417
326 1495
327 901
327 969
327 1352
327 1452
329 335
330 424
330 967
330 1017
330 1569
331 1011
331 1119
331 1204
331 1349
331 1478
331 1727
332 1972
333 733
333 786
333 1832
334 853
334 1113
334 1310
335 406
335 961
335 1079
335 1424
335 1926
335 1968
336 1208
336 1563
337 383
337 431
338 1608
338 1659
338 1694
338 1729
339 505
339 1397
339 1614
339 1757
339 1877
340 551
340 699
341 826
341 1267
341 1941
342 1334
343 543
343 948
343 1030
343 1874
344 592
344 937
344 1124
344 1187
344 1448
344 1486
344 1651
344 1894
345 533
345 1155
345 1649
346 907
346 1344
347 1047
347 1482
348 1123
348 1193
349 1349
350 490
350 741
350 763
350 1802
350 1813
352 738
352 1103
352 1293
352 1915
353 1308
353 1512
353 1774
353 1838
355 497
355 1829
356 747
356 1990
357 976
357 1421
358 651
358 903
358 1462
358 1680
358 1700
358 1802
359 1458
360 691
360 1041
360 1441
360 1909
361 787
361 1886
362 430
362 1337
362 1614
362 1677
363 520
363 678
363 1383
364 770
364 1312
364 1456
365 768
365 945
365 1197
366 901
367 503
367 558
367 1307
367 1595
367 1648
369 726
369 911
369 1751
370 374
371 646
371 764
371 1562
374 448
374 1488
375 462
375 463
375 1615
375 1666
375 1774
377 422
377 778
377 787
377 890
377 1468
377 1951
378 595
378 615
378 1586
378 1610
379 1002
379 1178
379 1333
380 1014
380 1563
380 1720
380 1801
380 1914
381 1227
382 849
382 1496
383 415
383 1740
384 386
384 470
384 929
384 1479
384 1564
385 633
385 1486
385 1772
386 1211
388 514
388 670
388 801
388 878
388 1819
388 1854
389 1015
389 1331
389 1803
389 1835
390 1310
391 597
391 1018
392 970
392 1630
393 544
394 855
394 982
395 980
395 1397
395 1823
396 465
396 552
396 1879
397 532
397 1696
397 1763
397 1848
398 518
398 639
398 903
399 760
399 1534
399 1998
400 1662
400 1920
401 492
401 907
401 923
401 1333
402 854
402 982
402 1026
402 1063
403 605
403 891
403 1013
403 1188
403 1283
404 1154
404 1509
405 1577
405 1586
406 546
406 646
406 1872
407 578
407 1102
407 1545
407 1706
407 1985
408 635
408 1142
409 941
409 1713
410 553
410 1229
411 1153
411 1185
411 1304
412 718
412 1002
412 1127
412 1717
412 1970
413 831
413 934
415 859
416 631
416 1633
417 1448
417 1957
418 521
418 1125
418 1239
418 1332
419 613
419 992
420 797
420 1209
421 1094
421 1383
421 1977
422 744
422 1135
422 1923
423 819
423 1975
424 1316
424 1458
424 1713
425 868
425 1367
425 1628
425 1723
425 1773
426 860
427 497
428 1436
429 1854
430 1316
430 1462
431 613
431 1087
431 1105
431 1232
431 1772
431 1833
432 692
432 1440
433 772
433 1187
433 1332
434 1868
435 568
435 1455
435 1572
437 697
437 1313
437 1806
438 904
438 954
438 1262
438 1580
439 531
439 586
439 730
439 1136
440 1990
441 494
441 562
441 751
441 932
441 1464
442 1439
443 954
443 1436
443 1748
444 490
444 1951
445 1610
446 564
446 1317
446 1319
446 1578
447 740
447 935
447 1328
447 1552
447 1740
447 1811
449 825
449 1921
450 691
450 840
450 1693
451 1845
452 457
452 807
452 1230
452 1664
452 1728
452 1851
453 1510
453 1552
453 1858
454 844
454 1161
455 1182
455 1541
456 620
456 627
456 1451
457 749
457 1092
457 1887
457 1936
458 788
458 1198
458 1318
459 543
459 813
459 819
460 580
460 700
460 777
460 1223
460 1396
461 644
462 557
462 837
462 1578
463 992
463 1038
463 1214
463 1719
464 739
464 887
464 1485
464 1802
464 1872
464 1922
464 1929
465 699
465 1394
465 1625
466 1034
466 1116
466 1263
466 1846
467 1048
467 1154
467 1322
468 923
468 967
468 1496
469 572
469 1008
469 1192
469 1272
469 1429
470 1475
471 775
471 819
471 880
471 1179
471 1626
472 820
472 880
472 1388
472 1513
473 1175
473 1471
473 1883
473 1948
474 941
474 1047
474 1277
474 1858
475 1090
475 1356
475 1365
475 1384
476 784
476 818
476 1452
477 1022
477 1678
477 1837
477 1989
478 558
478 1577
478 1709
479 951
479 1392
479 1981
481 694
482 1019
482 1595
484 550
484 586
485 823
485 979
485 1006
485 1317
485 1335
485 1459
485 1470
485 1831
486 537
487 981
487 1159
488 733
488 1162
488 1403
489 599
489 1070
490 724
490 1199
490 1753
491 524
491 1023
492 750
492 1333
493 949
493 1650
494 1567
494 1705
495 925
496 563
496 1268
496 1587
497 719
497 835
497 1835
498 585
498 1056
499 1296
499 1403
499 1442
499 1663
500 701
500 1053
500 1711
500 1910
501 1055
502 854
502 952
502 954
502 1263
502 1268
502 1424
503 779
503 946
503 1424
503 1558
503 1913
503 1934
504 1024
505 849
505 1324
505 1939
506 1205
507 901
507 922
508 1726
509 1000
509 1318
509 1806
509 1918
509 1958
509 1985
510 1062
510 1306
510 1544
510 1956
511 906
511 1402
512 525
512 1486
512 1642
512 1721
512 1786
513 921
513 1155
513 1940
515 720
515 745
515 853
515 1458
515 1509
515 1730
515 1742
515 1760
516 683
516 1109
517 765
517 1221
518 1500
518 1590
518 1825
519 668
520 822
520 1857
521 1092
521 1691
521 1954
522 1074
522 1590
522 1600
523 565
523 1284
523 1524
523 1720
524 959
524 1062
524 1161
524 1328
524 1615
524 1620
525 1045
525 1439
525 1709
526 626
526 1502
526 1591
526 1770
526 1938
527 936
527 961
527 1008
528 684
528 782
528 798
528 1290
528 1804
529 1758
530 1247
530 1370
531 599
531 1043
531 1643
532 848
532 1103
532 1894
533 635
534 1609
534 1666
535 799
536 1798
537 646
538 1083
539 1216
539 1412
539 1427
540 896
541 1330
541 1602
542 1064
542 1679
542 1694
543 1446
543 1626
543 1718
543 1798
544 747
544 947
544 1820
545 562
545 724
545 1410
545 1862
546 904
546 1705
546 1816
546 1823
547 1748
549 655
549 1331
550 592
550 757
550 1110
550 1917
551 1147
552 855
552 1031
552 1596
553 1062
553 1395
553 1794
554 1084
554 1293
556 1094
556 1343
556 1659
557 1026
557 1080
557 1915
558 717
558 1297
558 1309
560 756
560 878
560 1220
560 1600
560 1642
560 1768
561 1691
563 850
563 1728
564 1318
564 1803
565 723
565 1710
565 1755
565 1874
566 1450
567 780
567 1222
569 1178
570 596
571 981
571 1349
572 950
572 1265
573 696
573 928
573 1057
573 1223
573 1367
573 1919
574 671
574 1692
575 644
575 955
575 1711
575 1714
576 700
576 912
576 989
576 1531
576 1979
577 916
577 1361
577 1630
578 625
579 904
579 1240
580 896
582 758
583 1076
583 1234
584 1439
584 1789
585 823
585 1000
585 1045
585 1107
585 1167
585 1448
585 1784
586 817
587 671
587 753
587 902
587 1048
588 689
588 799
588 1229
588 1420
589 774
589 902
589 1076
590 670
590 1017
590 1230
590 1334
590 1988
591 857
591 1155
591 1388
591 1516
592 663
592 1228
592 1413
592 1970
593 1991
594 1784
595 1668
595 1728
597 882
597 911
597 1290
598 740
598 1006
598 1135
598 1661
599 1418
600 830
600 1296
600 1409
600 1526
601 709
601 1082
601 1372
601 1475
602 651
602 1632
603 1126
604 1031
604 1130
604 1308
606 1485
606 1635
607 1305
607 1318
607 1881
608 1091
610 883
610 976
610 1925
612 776
612 1443
613 736
613 1262
613 1454
614 1659
615 713
615 1262
615 1282
615 1394
615 1657
616 1133
617 939
618 832
618 879
618 947
618 1130
618 1241
618 1739
618 1903
619 1382
619 1601
620 1188
620 1442
620 1599
621 731
621 1346
622 1645
622 1893
624 1074
624 1134
625 712
625 796
625 878
625 1520
626 1010
626 1211
627 963
627 1294
627 1381
627 1931
628 979
628 1212
628 1254
628 1545
628 1932
629 1246
629 1770
630 813
630 1077
630 1156
630 1462
631 1025
631 1733
632 943
632 1289
632 1742
633 900
633 1161
634 1112
634 1223
634 1270
635 1631
636 844
636 1295
636 1614
637 1062
637 1600
637 1863
638 1868
638 1884
639 841
639 912
639 968
640 794
640 1402
641 1212
641 1350
642 749
642 1308
642 1536
642 1872
643 768
643 874
643 949
643 985
643 1720
643 1853
643 1960
644 798
644 1169
644 1472
645 1224
646 758
646 762
646 837
646 1168
646 1521
647 1532
649 927
649 957
650 735
650 1179
650 1183
651 1640
652 1758
653 1252
653 1328
653 1873
653 1931
653 1936
654 1085
654 1337
654 1555
655 681
655 789
657 1062
657 1783
658 1987
659 726
659 735
659 1280
659 1995
660 947
660 1767
662 1892
663 904
663 1095
663 1576
663 1933
664 985
665 1789
665 1810
666 1168
666 1691
666 1713
666 1803
667 681
667 1027
667 1095
668 695
668 1198
668 1279
669 1414
669 1452
670 1220
670 1514
671 685
671 1283
672 684
672 802
672 1326
673 709
673 1143
673 1504
674 742
674 796
674 1837
675 1103
675 1152
675 1776
675 1899
676 1847
677 728
677 1789
678 985
678 1248
678 1962
679 1142
679 1232
679 1421
679 1427
679 1693
680 1280
680 1606
680 1831
681 1030
681 1709
682 1629
683 726
683 1324
683 1789
684 1207
685 1972
686 1208
686 1562
686 1588
686 1894
687 1079
687 1323
687 1383
687 1630
687 1899
688 995
689 1127
690 1522
690 1656
690 1887
691 1075
691 1286
691 1445
691 1744
692 778
692 804
692 1182
692 1276
694 952
695 1432
696 1101
697 963
697 992
697 1459
697 1894
699 922
699 1847
701 1723
701 1728
701 1855
702 980
702 1124
702 1768
702 1930
703 885
703 1442
704 1907
704 1914
704 1992
705 825
705 1733
706 991
706 1111
708 1854
709 982
709 1940
710 1219
711 986
711 1424
712 1081
712 1236
712 1500
712 1557
713 810
713 847
713 1329
714 783
714 905
715 852
715 1067
715 1463
715 1775
716 1037
716 1635
717 772
717 1070
718 1014
718 1361
718 1407
719 1258
719 1374
719 1730
720 908
720 1564
720 1820
721 1439
721 1778
723 1723
724 1442
725 993
725 1902
726 927
726 1483
727 975
727 1399
727 1477
727 1528
727 1883
728 799
728 833
728 1332
728 1388
728 1515
728 1992
729 1385
729 1401
730 1270
730 1892
731 904
731 1109
732 1871
733 1941
734 760
734 1091
734 1342
734 1851
735 1437
735 1594
735 1849
736 752
736 1041
736 1555
736 1776
737 1918
738 1226
739 1524
740 1070
741 883
741 1086
741 1687
742 746
743 1195
743 1441
743 1635
745 930
745 1069
745 1230
745 1550
745 1724
746 1104
746 1175
746 1649
747 818
747 1366
747 1487
748 1927
749 955
749 1023
749 1171
749 1311
749 1343
749 1440
750 1420
753 1240
753 1632
754 1162
754 1201
754 1350
755 911
756 826
756 1557
757 902
757 1129
757 1265
757 1530
757 1563
757 1714
758 1269
758 1313
758 1650
758 1812
759 785
759 1851
760 1248
760 1745
761 1060
761 1331
761 1757
761 1888
762 1782
763 896
763 1021
764 1154
764 1272
767 1001
768 1780
768 1854
769 1102
769 1452
771 953
771 1894
771 1923
771 1990
773 1197
773 1937
774 1149
774 1262
775 877
775 1565
776 1341
776 1609
777 1612
777 1885
778 1313
778 1502
779 1060
780 910
780 1170
781 1457
781 1592
783 1265
783 1594
784 893
785 1180
785 1982
786 1530
786 1819
786 1980
787 1022
788 839
789 880
789 910
790 824
790 839
790 1794
791 1815
792 1726
793 835
793 888
793 1222
793 1454
794 866
794 1256
794 1575
796 1797
796 1962
797 1040
797 1141
797 1348
797 1970
798 918
798 1284
799 1355
800 839
800 1202
800 1365
801 1129
802 977
802 1332
802 1480
802 1600
802 1719
803 1753
803 1989
804 820
804 1016
804 1500
804 1602
804 1632
805 1134
805 1484
805 1724
806 990
806 1104
806 1405
806 1620
806 1846
807 937
807 1131
807 1156
808 1052
808 1149
808 1438
810 961
811 1830
812 1013
813 821
813 866
813 1049
813 1847
815 1268
815 1437
815 1773
815 1797
815 1880
816 1359
816 1716
816 1758
817 862
817 912
817 1004
817 1011
819 1632
821 1318
822 1391
822 1810
824 1027
825 1114
825 1187
825 1373
826 1632
827 842
828 1702
830 839
830 1425
830 1880
831 1058
831 1542
831 1880
832 1052
832 1567
833 1416
833 1685
833 1809
834 1091
834 1205
834 1399
834 1614
835 1723
836 1430
837 915
838 956
839 1508
840 1081
840 1445
840 1624
841 874
842 1855
843 1116
843 1125
843 1577
844 1140
845 887
846 1264
846 1534
848 1158
848 1886
848 1983
849 1459
849 1776
850 971
851 1028
852 1396
852 1862
853 1030
853 1201
853 1537
853 1666
853 1678
853 1972
854 876
854 1856
854 1894
854 1971
855 1265
855 1449
856 862
856 1372
856 1503
857 1050
858 1052
859 1481
859 1899
860 1045
860 1233
860 1242
860 1277
861 1585
861 1897
861 1908
862 1879
863 1358
864 1220
865 1651
865 1902
865 1996
866 1482
866 1629
867 1315
867 1873
867 1885
868 1027
868 1631
869 1052
869 1590
870 1737
871 1095
871 1439
871 1919
872 1993
873 1042
873 1135
873 1252
874 902
874 1159
874 1347
874 1911
875 1797
876 1109
876 1198
877 1451
877 1677
878 1261
878 1411
878 1897
879 988
879 1377
879 1473
880 1016
880 1042
880 1260
880 1834
881 1079
882 885
883 1010
883 1246
883 1610
883 1645
883 1969
884 1265
884 1432
885 1013
885 1061
885 1471
886 1256
887 1711
887 1780
887 1800
888 1474
889 1342
889 1440
889 1613
889 1657
889 1695
889 1751
889 1981
890 1341
890 1602
891 1238
891 1294
891 1495
892 1708
893 1153
893 1887
894 956
894 1046
894 1209
895 1095
896 924
896 935
896 1343
896 1917
897 1146
897 1455
899 1094
899 1178
900 1588
901 992
901 1034
901 1414
901 1865
902 1685
903 1158
903 1910
904 1339
905 1223
905 1421
906 1649
906 1932
907 1827
908 1594
909 1540
910 1365
910 1923
912 1230
912 1598
913 1144
913 1759
913 1768
913 1835
914 1625
915 1538
916 1554
916 1645
916 1904
917 974
918 989
918 1084
918 1232
919 1070
919 1187
919 1303
919 1967
920 1422
920 1888
921 1848
922 969
922 1067
922 1331
922 1407
922 1424
922 1797
924 1643
925 932
925 1768
926 947
926 1030
927 1404
927 1550
928 1085
928 1406
929 1705
930 1342
931 1091
931 1173
931 1412
931 1868
932 1662
933 1036
933 1424
933 1678
934 944
934 1177
934 1355
934 1597
935 1773
937 1292
937 1483
937 1709
937 1930
938 1636
939 1036
939 1578
939 1953
940 949
941 1234
941 1266
943 970
943 1186
943 1572
943 1756
945 1495
945 1633
945 1970
946 1825
946 1983
947 1131
947 1269
948 984
949 1929
950 1319
951 1418
952 1067
953 1220
954 1157
954 1829
955 984
955 1121
956 1914
956 1916
956 1971
957 997
957 1080
957 1197
959 1529
960 1202
960 1787
960 1907
962 1205
962 1220
962 1899
962 1907
963 1495
963 1578
964 1097
965 1725
965 1744
967 1228
967 1357
967 1386
967 1602
967 1933
968 1530
969 999
969 1121
969 1830
970 1074
970 1407
970 1706
970 1873
971 1875
973 1264
973 1303
973 1353
973 1781
974 1003
975 1385
975 1437
975 1793
975 1797
975 1817
976 1269
977 1327
977 1359
977 1481
977 1554
978 1511
978 1751
979 1007
979 1823
980 1670
980 1764
980 1967
983 1193
983 1905
985 1306
986 1463
990 1268
990 1748
992 1342
993 1136
994 1130
995 1093
995 1502
996 1302
996 1408
997 1282
997 1860
998 1342
1000 1276
1000 1452
1000 1668
1001 1365
1002 1102
1002 1603
1003 1436
1003 1981
1004 1005
1004 1100
1004 1744
1005 1189
1005 1566
1005 1629
1008 1557
1009 1792
1009 1901
1010 1275
1011 1178
1011 1411
1012 1510
1012 1627
1013 1455
1014 1130
1014 1437
1015 1513
1015 1523
1016 1481
1016 1490
1018 1961
1019 1093
1019 1841
1020 1486
1020 1498
1023 1323
1024 1346
1025 1449
1025 1614
1025 1679
1026 1124
1028 1805
1029 1077
1029 1103
1029 1116
1030 1086
1030 1534
1031 1183
1031 1356
1032 1355
1032 1958
1033 1321
1033 1968
1034 1141
1034 1257
1036 1245
1036 1438
1036 1641
1036 1846
1036 1997
1037 1090
1039 1165
1039 1328
1039 1585
1039 1742
1039 1859
1040 1067
1040 1154
1040 1594
1041 1393
1041 1744
1042 1304
1042 1815
1043 1378
1043 1695
1043 1805
1044 1763
1046 1173
1046 1228
1046 1296
1046 1584
1046 1875
1047 1351
1048 1666
1049 1722
1050 1551
1050 1657
1050 1750
1050 1915
1050 1991
1051 1361
1051 1519
1051 1857
1052 1445
1052 1708
1053 1260
1053 1518
1054 1154
1054 1733
1055 1410
1055 1875
1056 1903
1056 1930
1057 1395
1058 1471
1059 1595
1060 1067
1060 1203
1060 1680
1060 1981
1061 1281
1061 1315
1062 1081
1062 1417
1062 1436
1062 1526
1063 1831
1064 1275
1065 1118
1066 1250
1067 1227
1067 1482
1067 1802
1069 1558
1070 1289
1071 1241
1072 1405
1074 1152
1075 1775
1075 1810
1075 1847
1078 1948
1079 1812
1080 1462
1080 1660
1081 1892
1082 1191
1082 1211
1083 1176
1083 1325
1083 1488
1084 1659
1088 1497
1088 1899
1089 1915
1090 1201
1090 1780
1090 1987
1091 1845
1092 1366
1092 1556
1092 1660
1092 1742
1092 1827
1093 1557
1093 1742
1094 1104
1094 1235
1094 1710
1094 1932
1096 1276
1098 1239
1099 1786
1099 1818
1099 1879
1100 1679
1102 1227
1103 1773
1103 1973
1107 1760
1109 1550
1109 1676
1109 1772
1110 1659
1111 1406
1111 1783
1112 1210
1112 1972
1113 1711
1113 1785
1114 1329
1114 1529
1115 1857
1116 1453
1116 1728
1118 1475
1120 1547
1121 1943
1122 1321
1122 1451
1122 1782
1123 1309
1123 1443
1126 1842
1126 1856
1127 1134
1127 1427
1127 1616
1131 1222
1131 1471
1132 1282
1132 1658
1133 1757
1134 1525
1137 1395
1137 1468
1137 1712
1137 1849
1138 1345
1139 1472
1141 1334
1141 1533
1142 1145
1144 1429
1145 1169
1145 1590
1145 1906
1147 1591
1147 1974
1148 1192
1148 1387
1148 1479
1150 1536
1151 1268
1151 1428
1152 1155
1154 1425
1154 1898
1155 1483
1155 1487
1156 1445
1156 1548
1156 1696
1157 1466
1158 1849
1159 1324
1159 1470
1160 1190
1161 1532
1161 1870
1161 1963
1162 1304
1163 1492
1163 1516
1163 1804
1164 1325
1166 1421
1166 1857
1166 1952
1169 1367
1170 1264
1170 1295
1170 1455
1171 1814
1172 1642
1172 1816
1173 1763
1173 1776
1173 1943
1174 1244
1175 1371
1175 1421
1175 1467
1175 1493
1175 1963
1176 1616
1179 1283
1179 1301
1179 1339
1179 1402
1181 1463
1183 1860
1184 1454
1184 1694
1184 1904
1185 1609
1187 1852
1187 1884
1188 1492
1189 1973
1190 1937
1192 1516
1192 1610
1192 1825
1192 1882
1193 1800
1194 1589
1197 1790
1197 1881
1197 1989
1198 1622
1198 1634
1201 1317
1201 1884
1201 1936
1201 1959
1202 1463
1202 1684
1202 1708
1203 1438
1204 1925
1205 1815
1205 1874
1206 1475
1207 1428
1210 1963
1211 1222
1213 1659
1214 1339
1214 1515
1214 1623
1214 1827
1215 1521
1217 1375
1218 1347
1218 1477
1218 1543
1218 1565
1219 1226
1221 1490
1221 1700
1221 1780
1222 1293
1222 1340
1222 1471
1223 1327
1223 1382
1223 1810
1224 1611
1227 1239
1227 1354
1227 1544
1227 1799
1228 1346
1229 1637
1230 1443
1230 1591
1231 1561
1231 1819
1232 1861
1233 1408
1234 1349
1234 1424
1235 1506
1236 1869
1237 1237
1237 1314
1237 1935
1239 1428
1239 1812
1240 1604
1241 1680
1242 1778
1245 1552
1248 1325
1248 1713
1248 1935
1250 1316
1250 1527
1250 1557
1251 1516
1251 1822
1252 1290
1252 1551
1252 1621
1252 1644
1252 1835
1253 1469
1253 1657
1253 1755
1254 1731
1254 1810
1255 1638
1256 1321
1256 1562
1256 1962
1258 1659
1260 1544
1262 1590
1263 1375
1263 1935
1264 1430
1264 1735
1265 1652
1266 1942
1267 1906
1269 1631
1269 1784
1270 1877
1271 1424
1271 1944
1272 1899
1273 1565
1275 1475
1275 1574
1276 1431
1276 1872
1277 1395
1281 1497
1281 1819
1282 1811
1282 1866
1283 1334
1285 1394
1285 1514
1285 1670
1286 1541
1287 1689
1288 1471
1288 1829
1289 1466
1289 1476
1289 1651
1290 1319
1291 1649
1292 1970
1294 1870
1294 1973
1295 1966
1296 1496
1296 1644
1296 1760
1300 1623
1300 1809
1300 1833
1301 1334
1302 1569
1302 1609
1303 1385
1303 1959
1304 1766
1305 1388
1306 1322
1306 1392
1309 1318
1309 1696
1310 1600
1315 1999
1316 1941
1317 1413
1317 1792
1318 1715
1319 1677
1319 1922
1320 1529
1320 1754
1321 1530
1322 1339
1322 1467
1322 1877
1324 1892
1326 1414
1326 1449
1329 1439
1330 1528
1330 1676
1330 1689
1330 1835
1331 1861
1332 1878
1333 1557
1333 1653
1333 1853
1334 1458
1334 1889
1336 1537
1337 1992
1338 1677
1340 1353
1340 1634
1342 1449
1344 1360
1344 1803
1346 1623
1346 1872
1347 1629
1348 1726
1348 1874
1348 1911
1349 1556
1349 1819
1350 1628
1350 1642
1351 1982
1352 1666
1353 1718
1353 1927
1356 1449
1356 1599
1356 1623
1356 1929
1357 1523
1357 1572
1357 1576
1357 1779
1359 1640
1360 1539
1360 1790
1361 1486
1362 1502
1363 1405
1363 1947
1365 1444
1369 1655
1369 1888
1369 1909
1370 1797
1371 1719
1372 1663
1372 1726
1372 1785
1373 1402
1373 1956
1374 1705
1374 1834
1376 1968
1376 1993
1378 1620
1379 1511
1381 1413
1381 1691
1382 1393
1384 1494
1386 1860
1389 1583
1389 1740
1391 1702
1391 1833
1392 1859
1393 1900
1395 1542
1398 1719
1398 1757
1399 1873
1400 1434
1403 1575
1403 1795
1405 1877
1408 1588
1409 1848
1411 1470
1412 1818
1413 1962
1414 1689
1415 1755
1415 1902
1416 1480
1417 1476
1417 1550
1418 1622
1418 1980
1419 1851
1419 1983
1421 1841
1421 1852
1422 1620
1422 1855
1423 1581
1424 1625
1425 1814
1425 1849
1426 1452
1426 1531
1428 1539
1428 1920
1429 1616
1430 1531
1433 1553
1433 1627
1434 1627
1438 1704
1438 1972
1439 1803
1440 1506
1441 1623
1441 1643
1442 1715
1442 1864
1444 1536
1445 1776
1447 1482
1447 1775
1447 1975
1449 1580
1450 1679
1450 1805
1450 1971
1451 1499
1451 1888
1452 1740
1455 1975
1456 1539
1458 1512
1458 1656
1458 1866
1460 1591
1463 1501
1463 1554
1463 1808
1464 1465
1464 1494
1464 1707
1465 1516
1466 1796
1467 1475
1469 1493
1469 1632
1470 1861
1471 1703
1471 1886
1473 1684
1473 1724
1474 1990
1476 1658
1476 1896
1480 1492
1480 1641
1480 1768
1480 1865
1481 1829
1481 1942
1484 1875
1487 1768
1488 1622
1488 1689
1488 1903
1490 1578
1492 1787
1492 1809
1493 1555
1493 1975
1494 1815
1495 1911
1496 1523
1497 1596
1498 1733
1498 1797
1498 1814
1498 1945
1499 1641
1501 1648
1503 1975
1503 1999
1504 1849
1505 1643
1507 1729
1507 1964
1508 1757
1509 1582
1512 1631
1513 1579
1513 1637
1514 1683
1514 1905
1515 1554
1516 1606
1518 1788
1519 1558
1519 1772
1519 1976
1520 1809
1522 1700
1522 1853
1523 1981
1525 1736
1526 1980
1533 1563
1533 1728
1533 1965
1534 1815
1534 1824
1535 1546
1537 1638
1538 1666
1541 1988
1545 1753
1550 1555
1551 1818
1553 1582
1554 1571
1555 1682
1555 1757
1559 1752
1560 1565
1562 1853
1564 1676
1566 1639
1566 1672
1566 1803
1568 1702
1568 1707
1569 1654
1569 1658
1572 1801
1573 1795
1575 1633
1576 1717
1577 1586
1577 1590
1578 1893
1580 1692
1583 1982
1586 1663
1587 1934
1590 1934
1590 1991
1594 1894
1594 1940
1598 1602
1598 1858
1599 1868
1600 1996
1601 1771
1602 1672
1604 1846
1604 1945
1606 1758
1606 1773
1606 1925
1610 1751
1612 1644
1615 1771
1616 1753
1616 1938
1618 1808
1618 1857
1619 1937
1620 1737
1620 1916
1621 1980
1624 1727
1625 1906
1627 1729
1629 1947
1633 1843
1634 1938
1635 1969
1639 1861
1640 1907
1645 1783
1648 1868
1658 1806
1658 1866
1661 1771
1662 1664
1663 1855
1664 1749
1664 1984
1665 1896
1668 1976
1669 1708
1671 1801
1672 1707
1672 1717
1675 1705
1679 1729
1679 1831
1682 1752
1683 1957
1685 1807
1687 1705
1691 1799
1693 1885
1694 1954
1695 1842
1695 1850
1697 1879
1698 1793
1699 1872
1700 1775
1703 1778
1708 1794
1710 1840
1713 1827
1716 1964
1718 1747
1718 1773
1720 1811
1724 1860
1724 1943
1733 1873
1736 1882
1742 1865
1742 1878
1742 1942
1743 1963
1746 1861
1751 1856
1752 1835
1754 1785
1754 1920
1754 1952
1756 1878
1756 1911
1757 1954
1760 1797
1762 1909
1763 1932
1764 1810
1764 1861
1766 1949
1768 1863
1771 1853
1777 1937
1781 1923
1793 1884
1803 1853
1809 1831
1809 1914
1814 1839
1817 1938
1819 1882
1820 1822
1826 1997
1830 1854
1832 1994
1838 1958
1840 1987
1842 1989
1851 1986
1852 1965
1853 1931
1855 1926
1864 1967
1877 1904
1887 1989
1888 1948
1891 1917
1893 1976
1893 1986
1896 1990
1899 1992
1903 1946
1905 1959
1922 1992
1927 1958
1935 1989
1936 1972
1936 1980
1948 1948
1950 1970
1970 1984
