2000
0 84
0 508
0 884
0 948
0 1693
0 1862
0 1904
0 1940
1 990
1 1385
1 1510
1 1746
1 1765
2 1019
2 1289
2 1731
3 167
3 444
3 1097
3 1165
4 411
4 922
4 1267
4 1607
4 1620
5 387
5 1528
5 1550
6 654
6 853
6 1457
6 1933
7 126
7 716
7 1037
7 1090
7 1429
7 1522
7 1552
7 1803
7 1935
8 634
8 709
8 789
8 813
8 1046
8 1778
9 311
9 421
9 1175
9 1257
9 1289
10 1145
10 1202
10 1454
11 160
11 751
11 802
11 916
11 1129
11 1726
11 1750
11 1969
12 307
12 370
12 978
12 1177
12 1427
12 1437
12 1582
12 1631
12 1842
13 235
13 818
13 837
13 888
13 1361
13 1475
13 1484
13 1556
13 1776
13 1939
14 104
14 404
14 856
14 909
14 913
14 1749
15 26
15 763
15 1092
15 1157
15 1334
15 1483
15 1652
16 1096
16 1118
16 1616
17 412
17 444
17 609
17 681
17 870
17 1056
17 1131
17 1532
17 1839
18 256
18 477
18 1092
18 1323
18 1346
18 1689
19 105
19 682
19 1494
20 300
20 309
20 679
20 966
20 1097
20 1511
21 262
21 608
21 1016
21 1530
21 1538
21 1929
22 521
22 567
22 737
22 759
22 928
22 1622
22 1816
22 1886
23 288
23 447
23 455
23 618
23 1033
23 1227
23 1533
23 1680
23 1807
24 334
24 872
24 1043
25 175
25 186
25 551
25 746
26 299
26 691
26 831
26 1008
27 145
27 152
27 319
27 452
27 961
27 1233
27 1236
27 1483
27 1781
28 132
28 221
28 271
28 381
28 1090
28 1888
29 164
29 454
29 899
29 964
29 1163
29 1658
29 1759
29 1801
30 51
30 202
30 518
30 741
30 999
30 1277
30 1283
30 1422
30 1550
30 1551
30 1881
31 158
31 439
31 588
31 1122
31 1195
31 1597
31 1612
32 85
32 1485
32 1686
32 1781
33 688
33 746
33 1674
34 440
34 1248
34 1417
34 1471
35 232
35 969
35 1090
35 1251
35 1757
36 41
36 499
36 754
36 923
36 1190
36 1406
36 1494
36 1926
37 294
37 342
37 514
37 578
37 710
37 925
37 1037
37 1288
38 161
38 171
38 378
38 443
38 1054
38 1349
38 1351
39 516
39 1238
39 1562
39 1637
39 1822
39 1944
39 1958
40 237
40 450
40 645
40 821
40 1342
40 1389
40 1533
40 1998
41 508
41 973
41 1037
41 1057
41 1709
42 242
42 751
42 1012
42 1921
43 74
43 358
43 746
43 861
43 1854
43 1913
44 92
44 362
44 700
44 739
44 1071
44 1506
44 1938
45 196
45 216
45 650
45 1032
46 58
46 312
46 342
46 947
46 1019
46 1170
46 1426
46 1475
46 1823
46 1955
47 165
47 478
47 624
47 821
47 892
47 1199
47 1557
47 1677
47 1782
47 1808
47 1933
48 1233
48 1315
49 461
49 796
49 821
49 905
49 932
49 1263
49 1282
49 1410
49 1454
49 1740
50 487
50 530
50 876
50 1207
50 1278
50 1346
50 1579
50 1614
50 1706
50 1967
51 187
51 198
51 405
51 465
51 613
51 722
51 733
51 1014
51 1552
51 1850
52 290
52 414
52 874
52 1166
52 1310
52 1951
53 65
53 308
53 434
53 477
53 519
53 549
53 560
53 888
53 919
53 1236
53 1237
53 1401
53 1533
53 1588
53 1719
54 1259
54 1648
54 1675
55 81
55 177
55 272
55 470
55 646
55 941
55 1338
55 1652
56 460
56 663
56 873
56 1284
56 1864
57 191
57 450
57 1613
57 1799
57 1868
58 303
58 621
58 906
58 1166
58 1650
59 245
59 417
59 503
59 746
59 847
59 1456
60 499
60 537
60 687
60 748
60 805
60 814
60 1701
60 1707
60 1747
61 448
61 981
61 1009
61 1297
61 1601
61 1808
62 327
62 423
62 537
62 838
62 955
62 1151
62 1867
63 164
63 253
63 390
63 523
63 897
63 932
63 1208
63 1382
63 1702
64 433
64 598
64 836
64 873
64 946
64 1220
64 1224
64 1607
64 1898
64 1939
64 1966
65 142
65 1158
65 1207
65 1348
65 1380
65 1445
65 1695
65 1713
65 1917
65 1985
66 79
66 238
66 713
66 1584
66 1794
67 165
67 756
67 915
67 1346
67 1548
68 881
68 1639
69 154
69 228
69 341
69 404
69 496
69 859
69 971
69 1046
69 1102
69 1330
69 1344
69 1758
69 1781
69 1836
69 1854
70 437
70 556
70 688
70 974
70 1020
70 1397
70 1859
71 72
71 1264
71 1496
71 1701
71 1750
72 594
72 659
72 1010
72 1305
72 1777
73 1496
73 1685
73 1736
73 1896
74 78
74 907
74 1216
74 1313
74 1524
74 1565
74 1696
74 1759
75 152
75 573
75 1522
75 1556
75 1573
76 424
76 553
76 650
76 1203
76 1460
76 1667
76 1852
77 702
77 1070
77 1147
77 1279
78 251
78 534
78 826
78 983
78 1119
78 1280
78 1722
78 1956
79 494
79 818
79 1439
79 1444
79 1665
79 1765
79 1945
79 1946
80 1770
81 163
81 547
81 663
81 856
81 905
81 1124
81 1220
82 293
82 870
82 1391
83 221
83 536
83 600
83 984
83 1115
83 1327
83 1397
83 1790
83 1845
84 223
84 479
84 481
84 1018
84 1496
84 1635
84 1802
85 1705
86 604
86 743
86 1074
86 1158
87 1396
87 1557
87 1957
88 639
88 643
88 767
88 906
88 1475
88 1571
88 1871
89 117
89 141
89 274
89 428
89 886
89 908
89 1214
89 1330
90 190
90 647
90 798
90 1866
91 328
91 406
91 1019
91 1821
92 233
92 287
92 642
92 649
92 1291
92 1948
92 1955
93 439
93 933
93 995
93 1336
93 1372
93 1473
93 1685
94 109
94 425
94 643
94 969
94 1114
94 1283
94 1413
94 1745
94 1982
95 846
95 1186
95 1885
96 546
96 666
96 997
96 1034
96 1260
96 1581
96 1780
96 1856
96 1971
97 196
97 788
97 1429
97 1453
97 1457
97 1460
97 1791
97 1835
97 1895
97 1935
98 203
98 273
98 336
98 853
98 943
98 953
98 1014
98 1030
98 1187
98 1382
98 1470
99 188
99 608
99 784
99 1127
99 1221
99 1503
99 1508
99 1930
99 1969
99 1987
100 640
100 1650
100 1718
100 1724
101 276
101 314
101 1099
101 1236
101 1722
102 309
102 1254
102 1614
103 287
103 506
103 535
103 721
103 1047
103 1232
103 1518
104 218
104 276
104 325
104 526
104 915
104 1375
104 1415
104 1528
104 1794
105 529
105 559
105 741
105 1037
105 1039
105 1326
106 106
106 183
106 331
106 439
106 646
106 686
106 776
106 828
106 916
106 1006
106 1228
106 1424
106 1447
106 1752
106 1882
107 258
107 311
107 532
107 1434
107 1441
107 1471
107 1572
107 1991
108 266
108 440
108 500
108 634
108 737
108 869
108 888
108 1235
108 1380
108 1842
109 147
109 239
109 258
109 597
109 945
109 1918
110 513
110 910
110 1596
110 1772
110 1999
111 159
111 525
111 574
111 595
111 942
111 1323
111 1460
111 1552
111 1859
111 1881
111 1896
112 447
112 888
112 996
112 1397
112 1465
112 1597
112 1695
112 1719
112 1823
113 663
113 951
113 1014
113 1019
113 1217
113 1234
113 1563
113 1876
114 303
114 552
114 642
114 1068
114 1533
114 1636
115 191
115 278
115 663
115 933
115 970
115 1214
115 1363
115 1857
116 167
116 239
116 496
116 716
116 1101
116 1268
117 532
117 1038
117 1306
117 1514
117 1785
118 621
118 1291
118 1378
118 1695
118 1774
119 347
119 912
119 1006
119 1013
119 1175
119 1547
119 1773
119 1814
119 1953
120 603
120 671
120 828
121 731
121 1038
121 1282
121 1375
121 1410
121 1443
122 169
122 298
122 414
122 686
122 875
122 977
122 992
122 1198
122 1257
122 1634
122 1791
122 1943
122 1983
123 191
123 1043
123 1103
123 1563
123 1663
123 1757
123 1882
124 186
124 297
124 332
124 448
124 501
124 731
124 910
124 1211
124 1257
124 1583
124 1742
125 129
125 193
125 651
125 964
125 1022
126 280
126 529
126 821
126 961
126 1024
126 1109
126 1623
126 1686
126 1756
127 139
127 161
127 1186
127 1352
127 1509
127 1592
127 1950
128 212
128 391
128 952
128 1386
128 1781
128 1859
128 1913
129 574
129 1170
129 1367
129 1401
129 1402
129 1729
130 182
130 264
130 1141
130 1150
130 1372
130 1602
130 1924
131 220
131 775
131 1305
131 1460
132 232
132 250
132 350
132 1194
132 1273
132 1809
133 374
133 636
133 1320
133 1347
133 1828
134 701
134 972
134 1152
134 1247
134 1305
135 214
135 239
135 579
135 1324
135 1867
135 1994
136 151
136 250
136 484
136 607
136 1499
136 1557
136 1911
137 272
137 289
137 452
137 484
137 713
137 1226
137 1499
137 1508
138 247
138 251
138 1037
138 1385
138 1593
139 169
139 196
139 769
139 838
139 889
139 1025
139 1049
140 325
140 408
140 1104
140 1332
141 558
141 561
141 1030
141 1547
141 1801
142 611
142 624
142 767
142 923
142 1036
142 1100
142 1123
142 1277
142 1461
143 586
143 668
143 1541
143 1940
143 1973
144 658
144 939
144 988
144 1205
144 1877
145 392
145 1171
145 1322
145 1596
145 1789
145 1845
146 171
146 231
146 517
146 851
146 1247
146 1391
146 1757
147 293
147 521
147 1059
147 1356
147 1623
147 1873
148 577
148 707
148 942
148 1614
148 1922
149 211
149 406
149 567
149 746
149 1102
149 1427
149 1551
149 1689
149 1988
150 158
150 372
150 1296
151 623
151 719
151 903
151 1031
151 1223
151 1964
152 242
152 285
152 946
152 1141
152 1207
152 1225
152 1530
153 279
153 367
153 492
153 791
153 930
153 1041
153 1215
154 164
154 777
154 981
154 1565
154 1651
154 1683
154 1839
154 1862
154 1986
155 316
155 746
155 914
155 1708
155 1800
155 1919
156 439
156 556
156 780
156 1025
157 303
157 418
157 873
157 890
157 1160
158 204
158 745
158 1104
158 1593
159 560
159 1614
159 1784
159 1984
160 189
160 402
160 722
160 1539
160 1660
160 1812
160 1893
160 1959
161 377
161 550
161 709
161 1221
161 1277
161 1678
161 1780
161 1943
162 876
162 919
162 1193
162 1585
162 1792
162 1857
162 1970
163 1134
163 1178
163 1283
163 1619
163 1632
163 1917
163 1959
164 418
164 1451
164 1491
164 1547
165 846
165 1143
165 1305
165 1345
165 1495
165 1501
165 1610
165 1676
165 1791
165 1974
166 259
166 260
166 363
166 1072
166 1091
166 1936
166 1996
167 214
167 278
167 414
167 475
167 759
167 1024
167 1386
167 1850
167 1871
167 1928
167 1964
168 659
168 1862
169 293
169 347
169 1099
169 1296
169 1707
170 321
170 558
170 1116
170 1126
170 1473
170 1499
170 1527
170 1530
170 1781
171 563
171 816
171 989
171 1444
171 1694
172 239
172 343
172 394
172 690
172 1149
172 1266
172 1325
172 1582
172 1743
172 1749
173 529
173 809
173 1246
173 1936
174 255
174 395
174 467
174 475
174 532
174 575
174 804
174 1215
174 1319
174 1966
175 1336
175 1677
176 191
176 468
176 1195
176 1257
176 1417
176 1783
176 1816
176 1994
176 1998
177 352
177 498
177 635
177 1230
177 1465
177 1673
177 1715
177 1835
178 388
179 679
179 699
179 1379
180 217
180 224
180 624
180 707
180 1506
180 1676
180 1683
180 1688
181 1055
181 1117
181 1301
181 1369
181 1396
181 1585
181 1877
182 246
182 532
182 540
182 637
182 661
182 719
182 788
182 886
182 1001
182 1158
182 1782
182 1832
183 247
183 628
183 970
183 1214
183 1458
183 1637
184 426
184 882
184 1081
184 1397
184 1826
185 236
185 405
185 620
185 875
185 953
185 1016
186 478
186 513
186 1079
186 1257
187 549
187 903
187 1704
188 289
188 329
188 388
188 412
188 656
188 744
188 775
188 805
188 992
188 1182
188 1399
188 1558
189 392
189 638
189 1092
189 1812
190 305
190 1827
190 1890
190 1919
191 356
191 433
191 844
191 876
191 1252
191 1408
191 1698
191 1762
191 1859
191 1936
192 210
192 478
192 722
192 901
192 1332
192 1681
193 540
193 1088
193 1202
193 1241
193 1339
193 1348
193 1438
194 505
194 1016
194 1403
194 1619
195 378
195 462
195 627
195 838
195 1361
195 1369
195 1571
195 1638
195 1951
196 254
196 1482
196 1557
196 1902
197 1002
197 1102
197 1325
197 1357
197 1867
198 584
198 740
198 1097
198 1721
199 284
199 530
199 1159
199 1901
200 834
200 1250
200 1474
200 1799
201 596
201 886
201 895
201 1002
201 1880
202 436
202 488
202 596
202 694
202 1367
202 1410
202 1752
202 1844
203 249
203 1077
203 1409
203 1508
203 1555
203 1625
203 1731
203 1823
203 1866
204 703
204 1608
204 1770
205 632
205 752
205 934
205 1297
205 1302
205 1848
205 1916
206 294
206 791
206 1630
206 1718
206 1760
206 1971
207 1580
208 1240
208 1343
208 1425
208 1540
208 1584
208 1877
209 450
209 1429
209 1696
210 249
210 561
210 793
210 1103
210 1306
210 1467
211 630
211 821
211 1112
211 1126
211 1268
212 587
212 903
212 1093
212 1620
212 1822
213 239
213 815
213 1140
213 1813
214 236
214 601
214 717
214 918
214 1352
214 1676
215 784
215 921
215 964
215 1067
216 453
216 754
216 779
216 1136
216 1187
216 1324
216 1634
217 1291
218 520
218 1037
218 1117
218 1333
218 1622
218 1659
218 1737
219 251
219 825
219 1282
219 1712
219 1732
219 1744
219 1889
220 433
220 1084
221 436
221 543
221 674
221 1559
221 1670
221 1701
221 1712
221 1949
221 1955
222 869
222 931
222 1095
222 1338
222 1404
222 1926
223 565
223 853
223 869
223 1436
223 1532
223 1695
224 346
224 407
224 1368
224 1382
224 1441
224 1564
224 1846
224 1908
225 325
225 399
225 987
225 1096
226 292
226 438
226 874
226 1367
227 281
227 379
227 576
227 604
227 691
227 1678
228 253
228 662
228 798
228 1152
228 1936
228 1995
229 652
229 799
229 948
229 1056
229 1436
229 1637
229 1641
229 1693
229 1795
229 1972
230 356
230 1428
230 1981
231 343
231 564
231 835
231 1258
231 1949
232 257
232 622
232 1203
232 1407
232 1672
232 1820
232 1981
232 1990
233 1379
233 1546
233 1808
234 357
234 359
234 614
234 1096
234 1505
234 1556
234 1984
235 374
235 816
235 900
235 1120
235 1459
235 1469
235 1573
236 1006
236 1193
236 1199
236 1414
236 1552
236 1662
236 1663
237 252
237 404
237 848
237 1293
237 1446
237 1448
238 248
238 370
238 392
238 506
238 570
238 625
238 725
238 1012
238 1486
238 1553
239 355
239 1746
239 1843
239 1937
239 1943
240 330
240 563
240 951
240 1312
240 1333
240 1520
240 1749
240 1757
241 324
241 427
241 591
241 747
241 865
241 1023
241 1051
241 1229
241 1829
241 1915
242 353
242 435
242 526
242 640
242 764
242 968
242 1025
242 1130
242 1411
242 1492
242 1566
242 1738
243 446
243 510
243 676
243 1363
243 1773
243 1925
243 1974
244 545
244 723
244 1996
245 812
245 1431
246 983
246 1250
246 1423
246 1512
246 1553
246 1646
246 1766
247 479
247 548
247 588
247 774
247 837
247 902
247 976
247 1091
247 1161
247 1336
247 1673
247 1848
247 1880
247 1901
248 303
248 526
248 584
248 1051
248 1097
248 1952
248 1960
249 414
249 655
249 923
249 1236
249 1487
249 1675
249 1933
250 475
250 1037
250 1425
250 1457
250 1920
250 1974
251 294
251 838
251 1230
251 1293
252 393
252 498
252 536
252 549
252 1099
252 1396
252 1605
252 1663
252 1675
252 1929
252 1993
253 481
253 1015
253 1103
253 1310
253 1355
253 1385
253 1571
253 1893
254 1005
254 1226
254 1626
254 1751
255 332
255 925
255 996
255 1161
255 1396
255 1933
256 418
256 434
256 512
256 1717
256 1785
256 1830
257 512
257 689
257 847
257 1110
257 1444
257 1690
257 1858
258 309
258 704
258 964
258 1106
258 1363
258 1480
258 1536
258 1833
258 1940
259 306
259 311
259 330
259 385
259 497
259 1030
259 1132
259 1206
259 1333
259 1432
259 1911
260 1352
260 1361
260 1367
260 1795
260 1968
261 608
261 1085
261 1752
262 942
262 1495
262 1519
262 1621
262 1627
263 1513
263 1524
263 1525
264 1039
264 1182
264 1803
265 754
265 938
265 1246
265 1274
265 1277
265 1453
266 528
266 563
266 1075
266 1080
266 1553
266 1558
266 1608
266 1665
267 572
267 880
267 894
267 946
267 956
267 1080
267 1347
267 1453
268 466
268 531
268 609
268 695
268 748
268 817
268 923
268 953
268 1313
268 1728
268 1794
268 1965
269 270
269 494
269 507
269 796
269 1033
269 1038
269 1126
269 1283
269 1500
269 1606
269 1929
270 784
270 814
270 1336
270 1468
270 1797
271 959
271 1934
272 786
272 830
272 900
273 588
273 629
273 677
273 742
273 1012
273 1073
273 1086
273 1640
274 467
274 892
274 1071
274 1164
274 1215
274 1337
274 1840
274 1975
275 512
275 847
275 915
275 931
275 1272
275 1291
275 1293
275 1327
275 1474
275 1876
276 296
276 445
276 668
276 901
276 1110
276 1204
276 1230
276 1290
277 301
277 682
277 708
277 901
277 981
277 1249
277 1998
278 323
278 416
278 533
278 628
278 828
278 1157
278 1164
278 1229
278 1277
278 1313
278 1686
278 1703
279 338
279 361
279 456
279 557
279 734
279 1289
279 1652
279 1759
279 1851
280 658
280 684
280 1090
280 1289
280 1524
280 1744
281 551
281 709
281 833
281 851
281 1347
281 1399
281 1747
281 1763
282 570
282 762
282 769
282 1018
282 1273
283 530
283 533
283 1001
283 1734
283 1824
283 1863
284 677
284 1494
285 373
285 412
285 948
285 1278
285 1320
285 1993
286 617
286 646
286 729
286 1985
287 294
287 337
287 607
287 667
287 1933
288 474
288 1018
288 1858
289 619
289 1183
289 1411
289 1525
289 1881
290 1288
290 1293
290 1680
291 498
291 530
291 764
291 785
291 1224
292 530
292 899
292 1096
292 1334
292 1753
293 433
293 649
293 1243
293 1427
294 738
294 865
294 1443
294 1453
294 1591
294 1921
295 305
295 556
295 561
295 1176
295 1279
295 1383
295 1505
295 1998
296 682
296 903
296 1098
296 1105
296 1254
296 1556
297 863
297 943
297 1150
297 1241
297 1380
297 1502
298 661
298 1210
298 1233
298 1477
299 920
299 982
300 598
300 764
300 799
300 1472
300 1557
300 1984
301 353
301 478
301 573
301 732
301 819
301 863
301 1426
301 1552
301 1677
301 1735
302 441
302 605
302 750
302 782
302 901
302 948
302 1575
302 1718
302 1809
302 1968
303 577
303 797
303 1061
303 1353
303 1375
303 1568
303 1597
303 1690
303 1799
304 652
304 758
304 1125
305 309
305 693
305 765
305 804
305 1030
305 1252
305 1487
305 1698
305 1756
305 1821
305 1957
306 994
306 1251
306 1454
306 1621
306 1695
306 1774
306 1799
306 1881
307 824
307 1685
307 1910
307 1912
308 475
308 687
308 744
308 764
308 855
308 967
309 398
309 409
309 624
309 938
309 1039
310 499
310 1556
310 1939
311 1410
311 1639
311 1675
312 669
312 775
312 919
312 1201
312 1638
313 340
313 345
313 367
313 379
313 615
313 1027
314 386
314 510
314 855
314 1123
314 1140
314 1198
314 1526
314 1558
315 788
315 1406
315 1703
316 350
316 1343
316 1348
317 349
317 834
317 888
317 1498
317 1757
318 908
318 1205
318 1218
318 1351
318 1418
318 1589
318 1871
318 1893
318 1970
319 420
319 1059
319 1437
319 1454
319 1651
319 1860
319 1917
320 411
320 885
320 1580
320 1616
321 469
321 522
321 771
321 991
321 992
321 1055
321 1635
322 823
322 913
322 956
322 1198
322 1214
322 1443
322 1463
322 1888
323 526
323 601
324 671
324 702
324 723
324 787
324 1190
324 1214
325 804
325 833
325 1972
326 521
326 1048
326 1109
326 1285
326 1314
326 1413
327 404
327 874
327 1097
327 1231
327 1330
328 351
328 695
328 744
328 1326
328 1664
328 1736
329 498
329 645
329 883
329 1186
329 1211
329 1382
329 1463
329 1560
330 480
330 528
330 745
330 1404
330 1409
330 1529
330 1669
330 1954
331 970
331 991
331 999
331 1684
332 745
332 1019
332 1486
332 1744
333 595
333 897
333 1469
333 1926
334 394
334 864
334 994
334 1023
334 1603
335 1136
335 1832
335 1852
335 1951
335 1984
336 741
336 1285
336 1383
336 1894
337 403
337 1035
337 1142
337 1326
337 1442
337 1516
337 1945
338 435
338 834
338 1081
338 1406
338 1648
339 815
339 1334
339 1438
340 358
340 406
340 621
340 789
340 1070
340 1325
340 1767
340 1782
340 1809
341 516
341 522
341 834
341 944
341 1211
341 1212
341 1656
342 651
342 804
342 1585
342 1786
342 1788
343 436
343 619
343 845
343 1118
343 1716
344 731
344 1343
344 1350
344 1560
344 1862
344 1996
345 825
345 1968
346 737
346 1990
347 564
347 1044
347 1923
347 1938
348 786
348 1171
348 1236
348 1339
348 1721
349 1461
349 1749
350 575
350 1344
350 1770
350 1986
351 597
351 812
351 1295
351 1966
352 399
352 853
352 1635
352 1764
353 813
353 1420
353 1839
353 1954
354 368
354 378
354 907
354 908
354 1640
354 1875
355 459
355 699
355 743
355 1283
355 1638
355 1680
355 1760
355 1776
356 401
356 1263
356 1279
356 1370
356 1374
356 1498
356 1762
357 374
357 552
357 1440
357 1791
357 1796
358 946
358 1270
358 1877
358 1896
359 493
359 1941
360 599
360 1252
360 1308
360 1817
361 618
361 854
361 1206
361 1755
362 492
362 607
362 713
362 733
362 1052
362 1132
362 1232
362 1577
362 1787
363 802
363 987
363 1380
364 847
364 1496
364 1559
364 1567
364 1606
365 799
365 819
365 906
365 1090
365 1759
365 1949
366 785
366 913
366 1196
366 1499
366 1717
367 893
367 927
367 957
367 987
367 1074
367 1706
367 1794
367 1997
368 816
368 1193
368 1477
368 1668
369 1415
369 1652
370 408
370 670
370 699
370 808
370 1041
370 1297
371 858
371 1180
371 1390
371 1649
372 536
372 672
372 1168
372 1460
372 1481
372 1561
372 1766
373 537
373 607
373 888
373 1086
373 1322
373 1488
373 1853
374 787
374 985
374 1064
374 1139
374 1151
374 1287
374 1364
374 1403
374 1487
374 1806
375 418
375 623
375 726
375 881
375 930
375 1559
375 1808
376 420
376 998
376 1494
376 1697
376 1787
377 564
377 577
377 601
377 625
377 1017
377 1027
377 1190
377 1666
377 1741
378 826
378 1263
378 1770
379 675
379 1014
379 1087
379 1237
379 1246
379 1781
379 1789
380 549
380 621
380 962
380 1105
380 1572
380 1765
380 1800
380 1934
381 395
381 456
381 678
381 694
381 703
381 847
381 1177
381 1297
381 1439
381 1452
381 1480
381 1483
381 1626
381 1800
382 877
382 1198
382 1481
383 541
383 694
383 746
383 1207
383 1327
383 1576
383 1583
384 463
384 836
384 846
384 955
384 1081
384 1395
384 1442
384 1872
385 1666
385 1747
385 1803
385 1859
385 1954
386 539
386 1208
386 1752
386 1831
387 441
387 1179
387 1655
388 959
388 1979
389 487
389 728
389 850
389 1767
390 393
390 499
390 705
390 960
390 1397
390 1635
391 502
391 556
391 827
391 928
391 1184
391 1208
391 1388
392 1282
392 1350
392 1354
392 1480
392 1602
392 1727
392 1881
393 479
393 484
393 549
393 567
393 1149
393 1391
393 1494
393 1699
394 410
394 708
394 716
394 934
394 1107
394 1718
395 992
395 1219
395 1363
395 1785
396 1144
397 436
397 476
397 772
397 1490
397 1514
397 1800
398 399
398 834
398 1112
398 1472
399 500
399 505
399 618
399 625
399 891
399 1095
399 1329
399 1486
399 1995
400 621
400 951
400 999
400 1392
400 1866
400 1924
401 454
401 482
401 485
401 573
401 685
401 1059
401 1253
401 1347
401 1388
401 1453
401 1578
401 1602
401 1765
402 635
402 1034
402 1042
402 1091
402 1331
402 1909
403 493
403 1091
403 1756
403 1928
404 573
404 710
404 1099
404 1256
405 993
406 565
406 663
406 740
406 1182
406 1563
406 1727
406 1760
406 1790
407 497
407 1046
407 1200
407 1451
407 1565
407 1580
407 1705
407 1784
407 1791
407 1856
408 436
408 614
408 674
408 1877
408 1902
408 1995
409 695
409 907
409 973
409 1114
409 1225
409 1847
410 787
410 1070
410 1280
410 1488
410 1987
411 728
411 837
411 853
411 865
411 868
411 1152
411 1237
411 1469
411 1485
411 1862
411 1958
412 1052
412 1418
412 1492
412 1697
412 1865
413 1189
413 1201
413 1506
413 1519
414 427
414 862
414 880
414 1085
414 1722
415 743
415 1095
415 1592
415 1862
416 938
416 1211
417 486
417 621
417 732
417 1009
417 1194
417 1441
417 1678
417 1895
418 598
418 1128
418 1156
418 1335
418 1789
418 1799
419 626
419 815
419 855
419 1205
419 1706
420 645
420 1418
420 1582
420 1935
421 978
421 1032
421 1121
421 1243
421 1626
421 1699
421 1786
421 1894
422 1539
422 1566
423 566
423 617
423 772
423 855
423 1461
423 1825
423 1870
424 436
424 1009
424 1272
424 1898
425 549
425 1009
425 1204
425 1326
425 1497
425 1767
425 1768
425 1874
426 882
426 898
426 1210
426 1284
426 1632
426 1637
427 647
427 977
427 1030
427 1217
428 536
428 639
428 706
428 736
428 1144
428 1242
428 1303
429 1081
429 1486
429 1490
429 1651
430 795
430 819
430 839
430 915
430 1251
430 1395
431 645
431 1836
432 440
432 747
432 873
432 1210
432 1282
432 1539
432 1614
432 1785
433 513
433 1210
433 1438
434 543
434 1017
434 1022
434 1029
434 1487
435 650
435 824
435 881
435 994
435 1210
435 1425
436 583
436 723
436 780
436 971
436 980
436 1765
436 1812
436 1904
437 506
437 610
437 651
437 913
437 949
437 1780
438 486
438 488
438 531
438 811
438 913
439 490
439 542
439 594
439 675
439 869
439 969
439 1784
439 1801
440 1580
440 1903
441 684
441 858
441 991
442 544
442 794
442 908
442 984
442 1125
442 1131
442 1628
442 1836
443 1212
444 1578
444 1636
444 1768
444 1854
444 1858
445 707
445 987
445 1010
445 1212
445 1439
445 1480
446 485
446 811
446 921
446 1066
446 1072
446 1244
446 1265
446 1448
446 1778
447 1359
447 1503
447 1599
447 1739
447 1915
447 1979
448 530
448 542
448 1393
448 1568
449 518
449 635
449 1306
449 1899
450 687
450 742
450 746
450 1194
450 1297
450 1684
451 467
451 745
451 1145
451 1219
452 991
452 1049
452 1192
452 1610
452 1799
453 853
453 997
453 1691
454 569
454 750
454 790
454 1280
454 1326
454 1554
454 1694
455 746
455 783
455 790
455 799
455 1034
455 1255
455 1321
455 1679
457 963
457 1117
457 1152
457 1289
457 1809
457 1862
458 590
458 1050
459 508
459 721
459 762
459 776
459 1295
459 1389
459 1459
459 1827
459 1903
459 1927
460 515
460 1071
460 1111
460 1193
460 1938
460 1954
461 721
461 1892
461 1979
462 807
462 1767
463 526
463 652
463 1665
463 1681
464 501
464 804
464 1028
464 1237
464 1432
464 1994
464 1999
465 585
465 1497
465 1777
465 1803
465 1950
466 504
466 1044
466 1211
466 1225
466 1506
467 570
467 1089
467 1760
467 1849
467 1905
468 665
468 767
468 1605
469 679
469 1619
469 1943
470 1118
470 1233
470 1277
470 1290
470 1546
471 1125
471 1132
471 1158
471 1445
471 1846
472 1175
472 1201
472 1356
473 654
473 712
473 763
473 840
473 1031
473 1249
474 689
474 753
474 966
474 1020
474 1625
474 1829
475 832
475 1272
475 1549
475 1975
475 1984
476 510
476 801
476 1375
476 1571
476 1854
477 783
477 951
477 1109
477 1171
477 1197
478 931
478 956
478 1381
478 1841
479 486
479 1474
479 1797
480 1272
480 1282
480 1992
481 631
481 727
481 1195
481 1244
481 1641
481 1749
481 1759
481 1781
481 1946
482 576
482 736
482 935
482 1026
482 1284
482 1288
482 1614
482 1628
483 793
483 1117
484 595
484 712
484 1124
484 1453
484 1602
484 1958
485 934
485 1204
485 1243
485 1426
485 1569
485 1623
485 1652
485 1799
485 1847
486 558
486 1244
486 1907
486 1932
487 609
487 645
487 888
487 1060
487 1491
487 1650
488 506
488 621
488 713
488 1630
488 1964
489 509
489 1433
489 1661
489 1815
489 1991
490 1277
490 1551
490 1961
491 1082
491 1142
491 1185
492 496
492 515
492 770
492 862
492 955
492 1924
492 1933
493 744
493 961
493 1093
493 1461
493 1680
493 1812
493 1819
493 1960
493 1973
494 1093
494 1130
494 1202
494 1476
494 1729
494 1824
494 1850
495 1127
495 1148
496 798
496 939
496 1096
496 1245
496 1250
496 1266
496 1578
496 1612
496 1706
497 933
497 1192
497 1245
497 1853
498 844
498 1157
498 1359
499 615
499 1427
499 1462
499 1602
499 1803
499 1993
500 634
500 932
500 1535
501 866
501 1065
501 1160
501 1174
501 1486
502 783
502 1867
502 1969
503 727
503 902
503 1017
503 1247
503 1435
503 1959
504 926
504 1194
504 1368
504 1447
504 1934
505 663
505 709
505 933
505 1174
505 1193
505 1208
505 1292
505 1656
505 1723
505 1783
506 580
506 672
506 770
506 771
506 1113
506 1496
506 1972
507 751
507 1312
507 1342
507 1489
507 1921
508 1020
508 1102
508 1490
509 884
509 889
509 1023
509 1584
509 1870
510 757
510 806
510 926
510 1275
510 1282
510 1673
510 1779
510 1852
511 577
511 855
511 1032
511 1499
511 1677
511 1777
512 623
512 1516
512 1703
513 1261
513 1268
513 1392
513 1918
513 1928
514 828
514 1778
514 1975
515 910
515 927
515 1025
515 1034
515 1181
515 1586
515 1910
516 572
516 760
516 970
516 1673
516 1734
517 1309
517 1743
517 1769
518 617
518 975
518 996
518 1514
518 1524
518 1555
518 1562
519 948
519 1349
519 1525
520 751
520 1029
520 1063
520 1246
520 1452
520 1530
520 1668
520 1749
520 1844
521 736
521 965
521 1227
521 1771
521 1940
522 876
522 896
522 1384
523 871
523 914
523 1211
523 1376
523 1648
523 1658
523 1976
524 577
524 691
524 1685
524 1880
525 1273
526 537
526 883
526 955
526 1251
526 1356
526 1444
526 1501
526 1732
527 554
527 656
527 1104
527 1313
527 1409
527 1857
528 601
528 613
528 1189
528 1753
529 676
529 749
529 838
529 1001
529 1244
529 1960
530 665
530 1304
530 1331
530 1424
530 1769
531 618
531 814
531 1454
531 1469
532 997
532 1504
532 1784
533 591
533 788
533 1403
533 1772
534 946
534 1401
534 1761
534 1888
535 600
535 1588
535 1713
535 1812
535 1899
536 835
536 1777
536 1893
537 574
537 639
537 759
537 1307
537 1716
538 1250
538 1506
538 1704
539 572
539 986
539 1660
539 1816
540 698
540 763
540 897
540 1602
540 1819
541 595
541 1631
541 1833
542 838
542 1038
542 1331
542 1333
542 1566
542 1821
542 1997
543 692
543 839
543 880
543 1013
543 1784
543 1943
544 619
544 795
544 933
544 1100
544 1168
544 1242
544 1456
545 1095
545 1255
545 1824
545 1976
546 927
546 1582
546 1624
546 1924
546 1994
547 763
547 764
547 872
547 1253
547 1864
548 616
548 874
548 1811
548 1901
548 1973
549 854
549 1422
549 1515
550 668
550 1232
550 1655
550 1779
550 1927
551 647
551 1276
551 1737
552 801
552 872
552 1102
553 726
553 901
553 968
553 1438
553 1827
553 1847
554 1043
554 1086
554 1286
554 1409
554 1773
554 1853
555 985
555 1130
555 1358
556 807
556 845
556 1374
556 1528
556 1787
557 1827
557 1850
557 1938
558 861
558 1451
558 1515
558 1615
558 1630
558 1838
558 1960
559 602
559 1388
559 1462
559 1614
559 1696
560 911
560 913
560 1881
561 1122
561 1486
561 1608
562 729
562 799
562 1858
563 609
563 1151
563 1156
563 1552
564 905
564 954
564 1193
564 1213
564 1438
564 1598
564 1722
564 1872
564 1882
565 609
565 958
565 1487
565 1891
565 1920
565 1995
566 862
566 921
566 1036
566 1409
566 1603
566 1684
566 1769
567 820
567 1279
567 1620
567 1660
568 1337
568 1546
568 1690
568 1755
568 1897
568 1970
569 863
569 1721
570 696
570 1267
570 1314
570 1505
570 1741
570 1747
570 1975
571 663
571 1263
571 1390
571 1578
571 1827
572 760
572 1039
572 1502
572 1782
573 772
573 860
573 1048
573 1286
573 1843
573 1973
574 946
574 1345
574 1826
575 610
575 651
575 688
575 698
575 765
575 865
575 1024
575 1180
575 1655
575 1716
576 891
576 1354
576 1464
576 1501
577 711
577 1187
577 1637
577 1648
577 1806
578 769
578 1713
578 1895
578 1904
578 1918
579 613
579 932
579 1077
579 1401
579 1455
579 1485
579 1506
579 1689
579 1981
580 616
580 761
580 789
580 1471
580 1643
581 582
581 628
581 1023
581 1223
581 1409
581 1694
582 676
582 798
582 850
582 933
582 1052
582 1585
582 1679
582 1943
583 611
583 795
583 861
583 918
583 1585
584 677
584 854
584 1208
584 1214
584 1425
585 677
585 780
585 920
585 1178
585 1232
585 1331
585 1722
585 1791
586 696
586 1442
586 1497
586 1513
586 1586
586 1795
587 645
587 824
587 1115
587 1179
587 1200
587 1757
588 712
588 1078
588 1182
588 1409
589 1213
590 711
590 1274
590 1440
590 1520
590 1589
590 1650
591 879
591 949
591 1036
591 1135
591 1442
591 1539
591 1840
592 594
592 873
592 959
592 988
592 992
592 1417
592 1502
592 1690
592 1840
593 972
593 1670
594 693
594 1014
594 1022
594 1754
595 621
595 766
595 1395
596 670
596 1309
596 1803
597 1352
598 1066
598 1328
598 1463
598 1643
598 1648
598 1728
599 863
599 1116
599 1255
599 1753
599 1804
599 1966
600 689
600 701
600 892
600 1121
600 1221
600 1941
601 673
601 765
601 965
601 1058
602 622
602 1388
602 1468
602 1482
602 1610
602 1905
603 845
603 952
603 1161
603 1615
604 1207
605 723
605 758
605 944
605 1240
605 1251
605 1790
606 891
606 1423
606 1635
606 1905
606 1988
607 924
607 1157
607 1179
607 1209
607 1291
607 1404
607 1778
608 1032
608 1080
608 1385
608 1460
608 1463
608 1578
608 1646
608 1883
609 673
609 934
609 1165
609 1210
609 1686
610 727
610 752
610 1566
610 1733
611 663
611 1193
611 1379
611 1938
612 1195
612 1262
612 1689
612 1730
612 1825
612 1902
613 1217
613 1253
613 1450
614 1329
614 1469
615 670
615 1299
615 1939
616 799
616 1531
616 1791
616 1913
616 1996
617 795
617 826
617 872
618 1225
618 1297
618 1427
619 1763
619 1958
620 898
620 1635
620 1801
620 1827
620 1849
621 786
621 1130
621 1206
621 1285
621 1385
621 1434
621 1770
621 1777
622 651
622 884
622 1213
622 1264
622 1635
623 700
623 872
623 890
623 1453
623 1990
624 887
624 1404
624 1413
625 660
625 842
625 1099
625 1107
625 1299
626 919
626 1381
626 1421
626 1739
627 1478
627 1501
627 1587
627 1620
627 1725
628 1254
628 1737
628 1837
629 667
629 1168
629 1882
630 899
630 1758
630 1818
630 1973
631 808
631 856
631 1052
631 1284
631 1506
631 1984
632 718
632 776
632 800
632 889
632 1252
632 1601
632 1690
632 1850
632 1922
633 700
633 942
633 1059
633 1984
634 897
634 1272
634 1559
634 1729
635 808
635 1055
635 1079
635 1249
635 1354
635 1461
635 1474
635 1559
636 1271
636 1295
636 1534
636 1633
636 1731
637 1204
637 1404
637 1461
637 1940
638 640
638 697
638 874
638 910
638 998
638 1108
638 1201
638 1366
638 1453
638 1764
638 1818
639 681
639 714
639 1046
639 1095
640 810
640 1656
640 1774
640 1932
640 1960
640 1982
640 1995
641 698
641 716
641 1018
641 1631
642 1036
642 1263
642 1377
643 693
643 927
643 991
643 1224
643 1260
643 1312
643 1446
644 785
644 1171
644 1314
644 1558
644 1712
644 1737
645 701
645 705
645 836
646 1154
646 1362
646 1494
646 1787
647 1047
647 1097
647 1379
647 1538
648 1114
648 1256
648 1977
649 720
649 1205
649 1399
649 1503
649 1819
650 1023
650 1359
650 1406
650 1455
650 1524
650 1556
650 1695
650 1805
651 1142
651 1185
651 1245
651 1552
651 1985
652 830
652 1079
652 1470
652 1571
653 658
653 667
653 700
653 1950
654 739
654 869
654 960
654 1066
654 1126
654 1390
654 1429
654 1959
655 1201
655 1570
656 855
656 1581
657 877
657 916
657 1870
657 1894
658 825
658 1257
658 1399
658 1625
658 1676
658 1873
659 828
659 1237
659 1302
659 1316
659 1700
660 810
660 1315
660 1733
660 1767
661 933
661 1319
661 1478
661 1750
661 1893
662 940
662 1391
662 1425
662 1705
662 1841
663 666
663 973
663 1002
663 1062
663 1309
663 1684
663 1941
664 945
664 1127
665 875
665 1585
665 1993
666 1455
666 1962
667 692
667 776
667 1143
668 761
668 1210
668 1535
668 1831
669 768
669 842
669 964
670 1142
670 1284
670 1387
670 1389
670 1538
670 1551
671 700
671 754
671 877
671 1380
671 1506
671 1670
672 825
672 1709
673 997
673 1141
673 1208
674 853
674 1074
674 1520
674 1979
675 1586
675 1733
675 1998
676 1686
676 1724
677 884
677 1240
677 1276
677 1441
677 1637
678 1015
678 1996
679 702
679 1000
679 1121
679 1576
680 920
680 1163
680 1943
681 863
681 1756
681 1992
682 1103
682 1735
682 1958
682 1982
683 1194
683 1936
684 1450
684 1884
684 1984
685 1264
685 1394
685 1417
685 1519
685 1626
685 1879
686 1346
686 1424
686 1497
686 1659
686 1954
686 1955
687 693
687 853
687 1083
687 1093
687 1220
687 1494
687 1519
687 1751
687 1867
687 1884
687 1919
688 752
688 808
688 941
688 1114
688 1285
688 1647
688 1996
689 1271
689 1349
689 1555
689 1569
689 1880
690 1077
690 1079
690 1586
690 1783
691 765
691 948
691 1236
691 1404
692 864
692 1171
692 1471
692 1474
692 1804
692 1843
692 1899
693 779
693 1133
693 1247
693 1297
693 1477
694 1786
694 1884
695 1069
695 1116
695 1480
695 1583
695 1615
695 1873
695 1931
695 1946
696 1379
697 1100
697 1113
697 1151
697 1456
697 1734
698 878
698 1098
698 1456
698 1565
698 1873
698 1935
699 1015
699 1087
699 1208
699 1230
699 1376
699 1639
699 1650
699 1684
699 1971
700 712
700 940
700 1695
701 1147
701 1695
701 1895
701 1912
702 1027
702 1274
702 1518
703 890
703 1007
703 1128
703 1186
704 727
704 813
704 1267
704 1413
704 1424
704 1549
704 1660
704 1819
704 1971
705 718
705 804
705 1209
705 1708
705 1866
706 876
706 1139
706 1807
707 974
707 1979
708 846
708 918
708 1333
708 1705
708 1849
709 1691
710 1067
710 1157
710 1172
710 1231
710 1862
710 1941
711 965
711 977
711 1046
711 1062
711 1206
711 1435
711 1502
711 1713
711 1743
711 1823
711 1887
712 766
712 902
712 1032
712 1047
712 1078
712 1336
712 1803
712 1834
713 1077
713 1159
713 1174
713 1595
713 1653
713 1911
714 868
714 1184
715 937
715 1303
715 1586
715 1963
716 805
716 1001
716 1014
716 1249
716 1848
717 721
717 859
717 983
718 923
718 1057
718 1369
718 1750
719 852
719 1137
719 1220
719 1335
719 1654
719 1711
719 1860
720 1026
720 1252
720 1273
720 1480
720 1910
721 1082
721 1449
721 1832
721 1929
722 746
722 1076
722 1468
722 1523
722 1534
722 1854
723 863
723 1263
723 1884
723 1923
724 996
724 1106
724 1315
724 1337
724 1403
724 1717
724 1875
724 1971
725 783
725 829
725 976
725 1103
725 1183
725 1810
726 824
726 964
726 1117
726 1594
726 1751
726 1955
727 908
727 1620
728 1340
728 1446
728 1676
729 1124
729 1200
729 1249
730 928
730 1233
730 1338
730 1484
730 1555
731 1612
731 1741
731 1762
731 1860
732 787
732 868
732 902
732 921
732 1211
732 1416
732 1501
732 1550
732 1653
732 1935
733 845
733 1424
733 1596
733 1713
733 1722
733 1807
734 934
734 1090
734 1371
734 1383
734 1745
735 742
735 767
735 923
735 1458
735 1599
735 1737
735 1781
735 1884
736 778
736 926
736 1195
736 1378
736 1798
737 835
737 1587
737 1861
738 757
738 1112
738 1279
738 1288
738 1541
739 1059
739 1704
739 1804
740 857
740 899
740 1178
740 1315
740 1725
740 1794
740 1833
741 1046
741 1091
741 1143
741 1589
741 1742
741 1985
742 1531
742 1693
742 1807
742 1822
743 968
743 1155
743 1171
743 1408
743 1540
743 1750
744 1025
744 1241
744 1511
744 1703
745 1221
745 1292
745 1356
745 1908
746 1175
746 1791
746 1814
747 932
747 1028
747 1402
747 1417
747 1627
747 1715
747 1766
747 1928
747 1963
748 1197
748 1328
748 1817
749 1035
749 1121
749 1193
749 1870
750 1193
750 1508
750 1520
750 1616
750 1728
750 1740
751 808
751 933
751 1160
751 1296
751 1344
751 1436
752 971
752 1007
752 1331
752 1436
752 1969
753 963
753 1145
754 1294
754 1851
755 1390
755 1664
755 1780
756 1135
756 1330
756 1447
756 1903
757 1227
757 1558
757 1615
757 1655
757 1672
758 1054
758 1395
759 1014
759 1298
759 1312
759 1331
759 1340
759 1524
759 1818
760 826
760 1448
760 1593
760 1986
761 941
763 1272
763 1559
763 1660
763 1782
763 1794
763 1837
763 1862
764 855
764 927
764 970
765 1076
766 958
766 1586
766 1690
766 1870
767 1067
767 1104
767 1281
767 1535
767 1769
768 971
768 1668
768 1673
768 1933
769 1136
769 1682
770 797
770 940
770 1203
770 1805
771 928
771 1023
771 1183
771 1575
772 804
772 824
772 1044
772 1162
772 1392
773 899
773 1063
773 1935
774 982
774 1301
774 1706
775 872
775 1117
775 1314
776 1191
776 1798
777 1017
777 1102
777 1155
777 1285
778 846
778 1458
779 1345
779 1378
779 1424
779 1956
780 1024
780 1185
780 1336
780 1516
780 1634
780 1792
780 1908
781 876
781 1385
781 1513
781 1550
781 1921
781 1932
782 986
782 1010
783 925
783 1058
783 1104
783 1285
783 1763
783 1820
783 1825
783 1888
784 926
784 1032
784 1216
784 1334
785 837
785 1283
785 1338
786 986
786 1140
786 1728
786 1753
786 1754
787 1194
787 1415
788 1416
788 1478
788 1603
788 1719
788 1729
788 1873
789 848
789 1621
789 1790
789 1838
790 893
790 974
790 1249
791 945
791 1035
791 1259
791 1337
791 1380
791 1706
791 1880
791 1975
792 923
792 1739
792 1781
792 1821
793 1065
793 1403
793 1581
793 1800
793 1993
794 946
794 1226
794 1641
794 1840
794 1955
795 1111
795 1208
795 1231
795 1764
795 1968
796 876
796 1618
796 1856
797 931
797 1067
797 1101
797 1481
797 1595
797 1792
798 902
798 1296
798 1355
799 991
799 1205
799 1437
799 1480
799 1763
799 1851
799 1996
800 843
800 1122
801 805
801 986
801 1291
801 1392
801 1927
802 911
802 933
802 1221
802 1301
802 1682
802 1922
803 853
803 990
803 1033
803 1944
804 863
804 953
804 1151
804 1352
804 1905
804 1914
805 872
805 1158
805 1328
805 1401
805 1557
806 889
806 959
806 1106
806 1185
806 1429
806 1452
806 1527
806 1659
806 1769
806 1904
807 1874
808 841
808 899
808 1653
808 1736
809 1674
809 1788
809 1800
810 1058
810 1138
810 1356
810 1971
811 914
811 1031
811 1399
811 1599
812 947
812 1892
813 906
813 991
813 1088
813 1710
814 1469
814 1836
815 1266
815 1562
816 819
816 1032
816 1458
816 1544
816 1547
816 1709
816 1839
817 1026
817 1483
817 1525
817 1559
817 1579
818 1960
819 1069
820 1040
820 1416
820 1621
820 1765
820 1779
821 1241
821 1634
821 1923
821 1956
822 851
822 898
822 1348
822 1698
822 1820
822 1906
823 1111
823 1140
823 1264
823 1404
823 1483
823 1609
823 1867
824 932
824 973
824 1321
824 1389
824 1556
824 1766
825 1009
825 1022
825 1208
825 1240
825 1598
825 1855
826 907
826 1520
826 1727
826 1781
826 1934
827 846
827 1544
827 1549
827 1802
828 1334
828 1369
828 1783
828 1796
828 1846
829 883
829 1326
829 1622
829 1959
830 1071
830 1349
830 1605
830 1755
830 1909
830 1949
831 991
831 1073
831 1201
831 1303
831 1398
831 1589
832 889
832 930
832 1279
832 1663
832 1715
832 1904
833 1025
833 1185
833 1611
833 1834
834 1036
834 1441
834 1980
835 1172
835 1371
835 1562
835 1598
835 1714
836 1494
836 1972
837 1046
837 1060
837 1164
837 1171
837 1673
838 1304
838 1347
838 1681
838 1979
839 1833
839 1879
840 920
840 1346
840 1815
841 1329
841 1619
841 1729
841 1933
842 1031
842 1510
842 1745
842 1879
843 1033
843 1124
843 1487
843 1627
843 1785
843 1962
844 924
844 954
844 1010
844 1214
844 1407
844 1833
845 976
845 1192
845 1262
845 1311
845 1376
845 1490
845 1580
845 1760
847 1453
847 1719
848 1005
848 1176
848 1417
848 1523
848 1674
848 1886
849 1125
849 1342
850 1080
850 1366
850 1408
850 1457
850 1525
850 1581
850 1624
851 1010
851 1931
852 950
852 1299
852 1471
852 1818
853 1124
853 1548
853 1694
853 1752
854 1086
854 1294
854 1812
855 1009
855 1583
855 1646
856 1035
856 1075
856 1173
856 1240
856 1490
857 1635
859 1001
859 1306
859 1426
859 1610
859 1689
859 1850
859 1983
859 1987
860 1043
860 1079
860 1592
860 1762
860 1982
861 1611
861 1792
861 1843
862 1170
862 1484
863 1382
864 1169
864 1724
864 1848
865 1620
865 1899
866 916
866 1131
866 1240
866 1323
866 1382
866 1525
866 1964
867 1091
867 1312
867 1867
868 1364
868 1787
869 1191
869 1203
869 1286
869 1365
869 1463
869 1554
869 1633
870 1887
871 1671
873 1101
873 1416
873 1769
873 1778
874 1044
874 1457
875 954
875 1901
875 1992
876 1529
876 1625
876 1858
877 913
877 1405
877 1905
878 1468
878 1745
879 1623
880 971
880 1149
880 1241
880 1297
880 1906
881 1438
882 969
882 1006
882 1291
882 1548
882 1656
883 923
884 931
884 974
884 1078
884 1450
884 1661
885 924
885 1153
885 1888
886 963
886 1019
886 1432
886 1979
887 1196
887 1695
887 1831
888 943
889 1044
889 1053
889 1225
889 1625
890 946
890 1386
891 1053
891 1618
891 1987
892 1198
892 1328
892 1735
893 994
893 1201
893 1219
893 1654
893 1926
894 1609
894 1699
894 1767
895 985
895 1090
895 1315
896 1204
896 1307
896 1447
896 1496
897 1030
897 1084
897 1257
897 1622
897 1775
897 1901
898 1002
898 1548
898 1583
898 1664
899 987
899 995
899 1141
899 1463
899 1578
899 1936
900 1315
900 1526
900 1712
900 1912
901 1929
902 1006
902 1061
902 1075
902 1417
902 1659
902 1796
902 1862
902 1903
903 998
903 1272
903 1612
903 1795
904 1486
904 1570
904 1691
905 1744
905 1798
906 1179
907 1024
907 1119
907 1608
908 1435
908 1817
908 1845
908 1917
909 1332
909 1528
909 1818
910 1378
910 1425
910 1682
910 1942
911 1019
911 1167
911 1581
911 1773
911 1800
911 1809
911 1940
912 1089
912 1108
913 1358
913 1678
913 1779
913 1829
914 1724
914 1928
916 1238
916 1330
916 1730
916 1807
917 953
917 1052
917 1062
917 1223
918 965
918 1036
918 1061
918 1383
918 1936
918 1942
919 1358
919 1728
919 1848
919 1999
920 1429
920 1430
920 1606
921 1020
921 1081
921 1358
921 1741
921 1961
922 1371
922 1634
923 1093
923 1141
923 1491
923 1687
924 1471
924 1727
924 1808
924 1853
924 1970
925 998
925 1067
925 1141
925 1175
925 1218
925 1403
926 1685
927 998
927 1235
927 1249
927 1622
927 1856
927 1865
928 957
928 1203
928 1313
928 1525
928 1803
929 1149
929 1352
929 1437
929 1728
929 1816
929 1920
930 1040
930 1129
930 1775
930 1854
931 1444
931 1515
931 1666
931 1758
931 1787
932 1074
932 1325
932 1360
932 1426
932 1517
932 1525
932 1845
933 968
933 1009
933 1180
933 1908
933 1924
933 1938
934 985
934 1013
934 1016
934 1632
934 1742
934 1870
934 1921
935 940
935 1221
936 1033
936 1167
936 1377
936 1402
936 1419
937 1457
937 1721
937 1974
938 1599
938 1853
939 1535
940 1435
941 952
941 1011
941 1053
941 1391
941 1935
942 1183
942 1203
942 1228
942 1779
942 1854
942 1861
943 948
943 1490
943 1636
943 1654
944 1040
944 1251
944 1556
944 1646
944 1917
945 1117
945 1185
945 1871
945 1947
946 1164
946 1264
946 1372
946 1775
946 1833
946 1873
947 1136
947 1822
947 1858
947 1909
948 1078
948 1105
948 1332
948 1783
950 1809
950 1948
950 1989
951 1037
951 1268
951 1433
951 1450
951 1563
951 1769
951 1808
952 1187
952 1705
953 1395
953 1863
953 1867
954 1576
954 1769
955 1064
955 1099
955 1216
955 1934
955 1972
956 993
956 1055
956 1239
956 1326
956 1609
956 1708
957 1246
957 1897
957 1925
958 1152
958 1367
958 1571
958 1625
958 1781
959 1530
960 1051
960 1840
961 1448
961 1737
961 1944
962 1179
962 1202
962 1406
962 1790
963 1818
964 1338
964 1560
964 1898
964 1920
965 999
965 1122
965 1759
967 1594
968 991
968 1047
968 1253
968 1741
969 1057
969 1143
969 1353
969 1467
969 1943
970 1026
970 1144
970 1488
971 1276
971 1301
971 1312
971 1665
971 1685
972 1837
972 1903
972 1997
973 1291
973 1354
973 1758
973 1970
974 1109
974 1142
974 1590
974 1780
974 1850
975 1725
975 1828
975 1845
976 1002
976 1019
976 1137
976 1251
976 1377
976 1731
977 1446
977 1640
978 1272
978 1475
978 1598
978 1839
979 1398
979 1494
979 1768
979 1854
980 1198
980 1218
980 1456
980 1540
980 1608
980 1756
980 1881
981 1031
981 1453
981 1525
981 1933
982 1237
982 1454
983 1161
983 1236
983 1498
983 1771
983 1778
983 1929
984 1014
984 1087
984 1212
984 1414
984 1650
984 1701
984 1887
985 1154
985 1702
986 1166
986 1389
986 1640
986 1722
986 1919
987 1014
987 1884
988 1880
989 1769
990 1112
990 1293
991 1306
991 1859
992 1285
993 1484
993 1610
993 1628
993 1915
994 1165
995 1120
995 1436
995 1827
996 1543
996 1546
996 1807
996 1835
996 1875
997 1687
998 1029
998 1372
998 1504
998 1570
999 1404
1000 1920
1001 1372
1001 1382
1001 1439
1001 1485
1001 1589
1002 1131
1003 1604
1003 1803
1004 1196
1005 1677
1005 1935
1006 1037
1006 1286
1006 1636
1006 1787
1007 1516
1007 1904
1008 1618
1009 1655
1009 1853
1010 1462
1010 1540
1011 1100
1011 1213
1011 1855
1012 1116
1012 1782
1013 1768
1013 1952
1014 1852
1014 1880
1014 1883
1015 1126
1015 1354
1015 1525
1015 1585
1015 1828
1016 1226
1016 1679
1017 1441
1017 1673
1017 1748
1018 1301
1018 1562
1019 1425
1019 1433
1019 1557
1019 1856
1020 1147
1020 1537
1020 1756
1021 1038
1021 1225
1021 1243
1021 1327
1021 1380
1021 1400
1021 1744
1021 1933
1022 1028
1022 1293
1022 1559
1023 1092
1023 1638
1024 1148
1025 1449
1025 1706
1026 1520
1027 1498
1027 1516
1027 1558
1027 1794
1027 1947
1028 1038
1028 1925
1028 1988
1029 1543
1029 1797
1030 1229
1030 1449
1031 1078
1031 1356
1031 1584
1031 1917
1032 1248
1032 1269
1032 1310
1032 1562
1033 1403
1033 1455
1033 1687
1034 1071
1034 1155
1034 1271
1034 1444
1034 1720
1035 1282
1035 1291
1035 1783
1036 1158
1036 1382
1036 1473
1036 1607
1037 1624
1038 1347
1038 1761
1038 1867
1039 1107
1039 1339
1039 1369
1039 1509
1039 1519
1039 1598
1039 1641
1040 1299
1040 1368
1040 1692
1041 1130
1041 1196
1041 1939
1041 1988
1042 1871
1042 1965
1043 1268
1043 1432
1043 1602
1043 1718
1043 1872
1043 1937
1044 1691
1044 1732
1044 1736
1044 1787
1045 1054
1045 1236
1045 1306
1045 1688
1045 1803
1046 1209
1046 1349
1046 1470
1046 1705
1047 1129
1047 1180
1047 1201
1047 1333
1047 1340
1047 1374
1047 1458
1047 1849
1047 1907
1048 1108
1048 1168
1048 1494
1048 1709
1048 1937
1048 1971
1049 1158
1049 1228
1049 1623
1050 1464
1050 1778
1051 1245
1051 1449
1051 1524
1051 1584
1051 1947
1053 1200
1054 1474
1055 1099
1055 1872
1055 1891
1055 1952
1056 1075
1056 1424
1056 1499
1056 1779
1056 1904
1056 1994
1057 1123
1057 1304
1057 1453
1057 1617
1057 1746
1058 1283
1058 1610
1058 1838
1058 1912
1058 1978
1059 1196
1059 1279
1060 1475
1060 1828
1061 1995
1062 1162
1062 1238
1062 1588
1062 1781
1063 1639
1063 1839
1063 1895
1064 1086
1064 1506
1064 1652
1064 1760
1065 1724
1065 1834
1065 1860
1065 1918
1066 1235
1066 1296
1066 1330
1066 1446
1067 1684
1068 1747
1069 1227
1069 1785
1070 1159
1070 1316
1070 1361
1070 1680
1071 1174
1071 1304
1071 1390
1072 1426
1072 1462
1072 1786
1072 1895
1072 1935
1073 1335
1073 1535
1074 1350
1074 1666
1074 1812
1075 1163
1075 1402
1075 1522
1076 1188
1077 1462
1077 1572
1077 1655
1077 1757
1077 1945
1078 1473
1078 1665
1078 1803
1078 1883
1079 1257
1080 1529
1080 1586
1080 1843
1080 1968
1081 1475
1081 1537
1081 1741
1082 1863
1083 1494
1084 1179
1084 1525
1084 1561
1084 1587
1084 1784
1085 1330
1085 1390
1085 1450
1085 1492
1085 1890
1086 1313
1086 1405
1086 1505
1086 1650
1086 1701
1086 1870
1087 1198
1088 1155
1088 1367
1088 1944
1089 1264
1089 1280
1089 1357
1090 1990
1091 1768
1092 1360
1092 1618
1092 1837
1092 1913
1093 1154
1093 1430
1093 1668
1093 1769
1093 1843
1094 1235
1094 1433
1094 1441
1095 1194
1095 1268
1095 1319
1095 1439
1095 1647
1095 1654
1096 1620
1096 1625
1096 1814
1097 1921
1098 1524
1099 1243
1099 1408
1099 1431
1099 1535
1099 1640
1099 1701
1099 1844
1099 1892
1100 1111
1100 1115
1100 1235
1100 1429
1101 1235
1101 1348
1101 1436
1101 1539
1102 1782
1103 1321
1103 1698
1103 1837
1104 1747
1105 1209
1105 1644
1106 1525
1106 1566
1106 1652
1106 1830
1107 1250
1107 1593
1107 1719
1108 1538
1109 1202
1109 1263
1109 1487
1109 1804
1109 1844
1110 1159
1110 1663
1111 1164
1111 1379
1111 1503
1111 1731
1111 1979
1112 1129
1112 1296
1112 1562
1112 1719
1112 1798
1112 1986
1113 1923
1113 1948
1114 1419
1115 1392
1115 1572
1115 1627
1115 1689
1115 1725
1115 1813
1115 1914
1116 1415
1116 1458
1116 1708
1117 1750
1117 1914
1118 1541
1118 1556
1120 1225
1120 1286
1120 1574
1120 1876
1121 1716
1122 1205
1123 1804
1123 1832
1123 1835
1123 1871
1124 1554
1124 1705
1124 1871
1125 1706
1126 1262
1126 1363
1126 1738
1126 1755
1126 1795
1127 1164
1127 1435
1127 1802
1128 1176
1128 1296
1128 1353
1128 1840
1128 1931
1129 1184
1129 1221
1130 1342
1130 1462
1130 1826
1131 1192
1131 1318
1132 1171
1132 1272
1132 1341
1132 1618
1132 1788
1133 1854
1134 1214
1134 1851
1134 1957
1134 1993
1135 1211
1135 1566
1135 1846
1135 1941
1136 1139
1136 1492
1137 1806
1138 1217
1138 1656
1138 1720
1139 1209
1139 1278
1139 1499
1140 1308
1140 1557
1140 1900
1140 1917
1141 1171
1141 1652
1141 1695
1141 1754
1141 1766
1141 1987
1142 1705
1142 1844
1142 1896
1142 1921
1143 1389
1143 1605
1143 1780
1143 1808
1143 1811
1143 1874
1143 1940
1143 1965
1144 1561
1144 1955
1145 1335
1145 1919
1146 1503
1146 1595
1147 1214
1147 1823
1147 1824
1148 1729
1149 1344
1150 1261
1150 1881
1151 1230
1151 1543
1152 1204
1152 1528
1152 1971
1153 1297
1153 1659
1154 1241
1154 1643
1155 1193
1155 1235
1155 1369
1155 1667
1155 1686
1156 1309
1156 1429
1156 1593
1156 1722
1158 1566
1159 1480
1159 1524
1159 1607
1159 1637
1160 1808
1160 1975
1161 1666
1161 1846
1162 1289
1162 1430
1162 1844
1163 1350
1164 1328
1165 1816
1166 1267
1166 1884
1167 1187
1168 1492
1170 1256
1170 1553
1170 1760
1171 1371
1171 1372
1172 1282
1172 1324
1172 1385
1172 1469
1172 1553
1172 1628
1172 1780
1173 1700
1173 1814
1174 1191
1174 1913
1175 1208
1175 1210
1175 1741
1175 1874
1176 1276
1176 1294
1176 1407
1176 1582
1176 1811
1176 1902
1176 1906
1177 1252
1177 1416
1178 1343
1179 1512
1179 1669
1179 1705
1181 1244
1181 1263
1181 1675
1182 1422
1183 1275
1183 1625
1184 1413
1184 1609
1184 1818
1185 1764
1186 1256
1186 1335
1186 1386
1186 1955
1187 1555
1187 1623
1187 1940
1188 1306
1188 1393
1188 1488
1188 1747
1189 1795
1190 1202
1190 1241
1190 1273
1190 1790
1191 1719
1192 1224
1192 1379
1193 1234
1193 1235
1193 1942
1194 1339
1194 1581
1195 1567
1196 1463
1196 1883
1197 1203
1197 1292
1197 1331
1197 1458
1197 1470
1197 1526
1197 1730
1197 1885
1198 1330
1198 1407
1198 1611
1198 1622
1199 1807
1200 1363
1200 1609
1200 1731
1200 1881
1201 1535
1201 1741
1201 1903
1202 1214
1202 1308
1203 1244
1203 1256
1203 1480
1203 1831
1204 1217
1204 1681
1204 1982
1205 1337
1205 1347
1205 1850
1205 1986
1206 1244
1206 1295
1206 1753
1206 1985
1207 1706
1208 1320
1208 1433
1208 1622
1208 1720
1208 1770
1208 1925
1209 1307
1209 1521
1209 1705
1210 1339
1211 1783
1212 1398
1212 1558
1213 1483
1213 1957
1213 1977
1214 1653
1214 1749
1214 1817
1214 1976
1215 1322
1215 1483
1215 1507
1216 1531
1216 1547
1216 1747
1217 1380
1217 1386
1217 1427
1217 1914
1217 1939
1218 1450
1218 1484
1218 1800
1220 1362
1220 1611
1221 1249
1221 1357
1221 1503
1221 1947
1221 1963
1221 1969
1222 1441
1223 1285
1223 1323
1223 1351
1223 1472
1223 1651
1223 1804
1223 1984
1224 1361
1225 1755
1225 1879
1226 1268
1226 1921
1227 1327
1227 1383
1227 1878
1228 1254
1228 1875
1229 1248
1229 1848
1229 1915
1229 1923
1229 1998
1231 1552
1232 1343
1232 1687
1232 1821
1232 1892
1232 1989
1233 1411
1233 1537
1233 1799
1234 1411
1234 1559
1235 1524
1235 1971
1236 1304
1236 1322
1236 1369
1236 1481
1236 1981
1237 1763
1237 1948
1238 1419
1238 1825
1238 1931
1239 1365
1240 1367
1240 1975
1241 1682
1241 1845
1242 1382
1242 1573
1242 1658
1243 1407
1243 1471
1244 1302
1244 1763
1244 1790
1245 1283
1245 1284
1245 1315
1245 1457
1245 1639
1246 1503
1246 1698
1246 1871
1247 1644
1248 1704
1249 1479
1250 1483
1250 1508
1250 1763
1251 1255
1252 1923
1253 1465
1253 1586
1253 1769
1253 1793
1254 1388
1254 1438
1254 1481
1254 1491
1256 1496
1256 1503
1257 1386
1257 1750
1257 1877
1258 1363
1258 1522
1258 1637
1258 1683
1259 1683
1259 1921
1260 1332
1261 1357
1261 1937
1262 1277
1262 1748
1263 1621
1263 1667
1264 1597
1264 1677
1264 1841
1265 1341
1265 1381
1265 1519
1266 1548
1266 1606
1267 1658
1267 1696
1267 1783
1268 1340
1270 1547
1270 1576
1270 1649
1270 1755
1270 1757
1271 1440
1272 1473
1272 1657
1272 1762
1272 1994
1273 1464
1273 1527
1274 1382
1274 1555
1274 1611
1275 1566
1275 1793
1276 1576
1276 1741
1276 1964
1277 1398
1277 1468
1277 1829
1277 1979
1278 1471
1279 1788
1281 1488
1281 1502
1282 1602
1282 1681
1283 1442
1283 1457
1283 1549
1283 1947
1283 1963
1284 1953
1285 1732
1286 1316
1286 1452
1288 1724
1289 1472
1289 1482
1290 1689
1290 1722
1291 1377
1291 1446
1292 1535
1292 1564
1292 1812
1293 1673
1293 1811
1294 1414
1294 1670
1294 1687
1294 1906
1295 1387
1295 1411
1296 1400
1296 1446
1296 1662
1297 1636
1297 1686
1297 1881
1297 1896
1299 1487
1300 1826
1301 1390
1301 1399
1302 1329
1302 1360
1303 1600
1303 1621
1303 1869
1304 1342
1304 1359
1304 1855
1305 1795
1306 1762
1306 1789
1306 1960
1307 1792
1308 1996
1309 1587
1310 1638
1311 1426
1311 1809
1311 1878
1311 1882
1311 1993
1312 1372
1312 1381
1312 1467
1313 1621
1313 1910
1314 1320
1314 1955
1315 1936
1316 1723
1316 1899
1317 1810
1318 1348
1318 1577
1318 1775
1318 1875
1318 1908
1319 1611
1319 1887
1320 1892
1321 1326
1321 1461
1322 1499
1322 1528
1323 1470
1323 1544
1323 1726
1324 1395
1324 1834
1326 1327
1326 1542
1326 1954
1327 1402
1327 1474
1327 1716
1327 1859
1328 1533
1328 1775
1329 1497
1329 1661
1329 1669
1330 1366
1330 1809
1331 1476
1331 1644
1332 1482
1332 1686
1333 1733
1333 1817
1334 1531
1334 1603
1335 1783
1336 1410
1336 1602
1336 1611
1337 1504
1337 1685
1337 1971
1338 1528
1339 1534
1340 1768
1340 1859
1341 1422
1342 1448
1342 1568
1342 1958
1343 1441
1343 1844
1344 1603
1344 1955
1345 1362
1345 1741
1347 1412
1347 1684
1348 1356
1348 1479
1348 1609
1348 1664
1348 1680
1348 1739
1348 1911
1349 1388
1349 1851
1350 1744
1350 1746
1352 1486
1352 1744
1353 1946
1354 1967
1355 1635
1355 1708
1355 1761
1356 1489
1356 1856
1357 1506
1357 1822
1358 1430
1358 1535
1358 1800
1359 1425
1359 1488
1359 1688
1360 1699
1361 1597
1361 1688
1362 1964
1363 1822
1363 1833
1364 1594
1364 1627
1364 1898
1366 1497
1366 1508
1367 1551
1368 1379
1368 1604
1368 1783
1368 1890
1368 1990
1369 1507
1370 1400
1370 1944
1370 1986
1371 1451
1371 1803
1372 1868
1373 1452
1373 1816
1374 1618
1374 1658
1375 1438
1375 1491
1377 1594
1378 1563
1378 1924
1379 1673
1379 1989
1380 1402
1380 1776
1382 1537
1382 1633
1383 1477
1383 1796
1383 1949
1385 1399
1385 1491
1385 1751
1385 1839
1385 1844
1387 1810
1388 1525
1388 1718
1389 1509
1389 1562
1390 1440
1390 1673
1391 1471
1391 1750
1392 1723
1392 1826
1393 1687
1395 1789
1395 1949
1395 1985
1396 1599
1396 1925
1397 1466
1398 1907
1399 1422
1401 1421
1401 1527
1401 1603
1401 1769
1401 1971
1402 1634
1402 1804
1403 1550
1403 1695
1403 1717
1404 1441
1404 1452
1404 1493
1404 1639
1404 1804
1404 1965
1406 1406
1406 1752
1407 1430
1408 1490
1408 1542
1408 1650
1409 1412
1410 1414
1410 1558
1410 1616
1413 1418
1413 1536
1413 1572
1413 1782
1414 1797
1415 1588
1415 1756
1416 1453
1416 1863
1419 1585
1420 1693
1420 1701
1420 1791
1420 1854
1420 1875
1421 1523
1421 1715
1421 1903
1421 1953
1422 1739
1423 1433
1423 1591
1424 1681
1424 1902
1426 1653
1426 1843
1427 1992
1428 1485
1428 1727
1428 1841
1429 1474
1429 1614
1430 1455
1430 1543
1430 1577
1430 1578
1430 1618
1430 1716
1431 1529
1431 1563
1431 1846
1431 1975
1434 1475
1434 1504
1434 1618
1435 1563
1436 1528
1436 1613
1437 1611
1437 1937
1438 1674
1438 1977
1440 1763
1441 1542
1441 1732
1442 1524
1442 1756
1443 1638
1443 1735
1444 1642
1446 1495
1447 1527
1447 1805
1448 1600
1448 1691
1450 1506
1450 1548
1451 1461
1451 1920
1452 1555
1454 1800
1455 1651
1455 1945
1456 1520
1456 1922
1458 1620
1458 1700
1458 1768
1458 1875
1459 1703
1460 1579
1460 1635
1460 1897
1461 1510
1461 1911
1461 1987
1462 1556
1463 1540
1463 1616
1463 1660
1464 1557
1466 1608
1466 1816
1466 1874
1467 1571
1467 1586
1467 1590
1467 1619
1467 1778
1468 1662
1468 1711
1469 1698
1471 1548
1473 1884
1475 1724
1475 1976
1476 1523
1476 1922
1478 1781
1479 1618
1480 1516
1480 1580
1481 1608
1482 1665
1482 1749
1482 1878
1482 1925
1483 1505
1483 1592
1485 1625
1487 1520
1487 1579
1490 1650
1492 1551
1492 1698
1492 1712
1493 1626
1493 1958
1496 1634
1496 1704
1496 1760
1497 1786
1497 1963
1498 1612
1500 1539
1500 1610
1500 1766
1501 1720
1502 1504
1502 1734
1503 1964
1504 1656
1504 1841
1505 1577
1505 1661
1505 1768
1506 1522
1506 1625
1507 1733
1507 1774
1507 1898
1507 1986
1508 1670
1508 1975
1510 1631
1510 1995
1511 1574
1511 1971
1512 1718
1512 1780
1512 1924
1513 1540
1513 1595
1513 1898
1514 1595
1514 1661
1515 1792
1515 1839
1517 1801
1518 1701
1519 1639
1519 1846
1519 1990
1520 1832
1520 1936
1521 1682
1521 1692
1522 1545
1522 1728
1522 1882
1523 1530
1524 1976
1527 1711
1528 1657
1529 1538
1529 1544
1529 1734
1529 1952
1530 1564
1530 1987
1531 1557
1532 1907
1533 1750
1533 1823
1535 1776
1536 1847
1538 1558
1538 1671
1538 1846
1538 1940
1539 1705
1539 1756
1540 1795
1542 1600
1542 1936
1543 1576
1543 1842
1544 1969
1546 1594
1546 1687
1546 1946
1547 1823
1548 1617
1549 1757
1549 1868
1550 1707
1551 1697
1552 1803
1552 1833
1553 1563
1555 1645
1556 1592
1557 1672
1557 1779
1557 1853
1560 1693
1561 1915
1561 1919
1562 1573
1563 1960
1564 1610
1564 1704
1565 1654
1565 1720
1567 1827
1567 1951
1569 1650
1569 1886
1572 1816
1572 1835
1572 1933
1573 1680
1573 1762
1574 1894
1575 1836
1577 1668
1578 1884
1579 1804
1583 1848
1583 1999
1584 1867
1586 1725
1586 1951
1587 1595
1587 1928
1588 1731
1589 1631
1589 1658
1589 1734
1589 1830
1590 1759
1590 1807
1591 1840
1592 1739
1592 1948
1594 1672
1594 1702
1595 1702
1596 1623
1597 1702
1597 1824
1598 1703
1598 1857
1599 1991
1601 1668
1601 1751
1601 1840
1601 1913
1603 1713
1603 1787
1603 1862
1604 1735
1609 1719
1610 1709
1610 1974
1611 1766
1611 1768
1612 1786
1612 1924
1613 1758
1615 1713
1615 1815
1616 1710
1616 1932
1617 1747
1618 1641
1618 1853
1620 1836
1622 1757
1623 1795
1624 1664
1626 1663
1627 1682
1627 1832
1629 1752
1629 1800
1629 1816
1629 1855
1630 1967
1632 1639
1635 1951
1636 1857
1636 1879
1638 1923
1639 1643
1639 1658
1639 1788
1639 1996
1641 1705
1641 1948
1643 1747
1645 1654
1645 1688
1645 1724
1645 1864
1645 1986
1646 1744
1646 1943
1648 1683
1649 1881
1649 1971
1649 1992
1650 1888
1652 1809
1652 1884
1654 1770
1654 1788
1654 1943
1654 1961
1655 1875
1656 1962
1657 1710
1657 1719
1657 1767
1658 1827
1659 1782
1660 1781
1660 1848
1660 1894
1662 1852
1662 1868
1663 1763
1665 1832
1666 1666
1667 1678
1667 1994
1668 1674
1668 1987
1669 1781
1670 1679
1670 1692
1671 1674
1671 1743
1672 1819
1674 1681
1674 1900
1675 1753
1676 1870
1679 1685
1679 1752
1681 1898
1682 1891
1683 1701
1684 1886
1685 1859
1686 1739
1686 1978
1687 1699
1687 1731
1687 1868
1689 1950
1692 1829
1694 1920
1696 1930
1696 1972
1700 1751
1701 1807
1701 1889
1702 1936
1703 1775
1703 1839
1705 1804
1705 1818
1705 1979
1706 1824
1708 1781
1709 1776
1709 1828
1710 1885
1712 1721
1715 1769
1715 1824
1717 1824
1717 1937
1717 1943
1718 1761
1718 1864
1723 1809
1723 1945
1724 1829
1725 1843
1725 1883
1725 1939
1727 1947
1727 1956
1730 1795
1731 1974
1732 1867
1732 1934
1733 1750
1733 1981
1733 1996
1736 1930
1736 1955
1736 1963
1738 1836
1741 1780
1742 1964
1743 1784
1745 1824
1745 1977
1746 1858
1748 1857
1749 1975
1756 1778
1756 1815
1756 1920
1757 1828
1757 1963
1758 1890
1759 1845
1760 1999
1761 1825
1762 1810
1762 1963
1763 1959
1765 1849
1766 1815
1770 1902
1771 1778
1771 1793
1771 1993
1772 1790
1772 1975
1773 1956
1775 1965
1777 1993
1778 1978
1780 1837
1780 1956
1783 1797
1783 1871
1783 1881
1784 1805
1784 1954
1786 1987
1787 1853
1788 1957
1789 1887
1790 1930
1792 1841
1792 1873
1795 1907
1798 1955
1798 1971
1800 1851
1802 1937
1803 1897
1805 1930
1809 1862
1810 1817
1814 1985
1815 1831
1815 1965
1817 1966
1818 1884
1819 1989
1822 1971
1824 1923
1826 1975
1827 1915
1828 1987
1829 1849
1829 1963
1829 1972
1831 1903
1832 1901
1835 1888
1835 1982
1837 1963
1840 1960
1841 1849
1841 1853
1844 1861
1845 1902
1845 1918
1846 1956
1850 1916
1851 1984
1853 1910
1858 1919
1859 1864
1859 1962
1859 1966
1862 1992
1864 1866
1865 1901
1869 1870
1870 1955
1871 1901
1873 1922
1873 1980
1874 1987
1875 1958
1876 1899
1879 1914
1880 1957
1881 1926
1884 1960
1886 1934
1891 1897
1892 1980
1893 1939
1899 1944
1899 1977
1903 1942
1907 1968
1908 1914
1913 1977
1918 1929
1927 1943
1928 1956
1937 1985
1938 1995
1940 1985
1950 1964
1961 1978
1961 1992
1974 1992
