2000
0 587
0 829
0 1357
0 1363
0 1471
0 1593
0 1916
1 88
1 549
1 620
1 847
2 455
2 588
2 722
2 912
2 1653
3 826
3 914
3 1284
3 1304
3 1605
3 1752
3 1929
4 387
4 956
4 1361
4 1405
4 1831
4 1863
5 273
6 59
6 716
6 906
6 1298
7 267
7 329
7 725
7 1210
7 1247
7 1289
7 1431
7 1986
8 461
8 729
8 992
8 1057
8 1114
8 1354
8 1378
8 1711
9 45
9 125
9 280
9 671
9 686
9 885
9 1144
9 1568
10 61
10 327
10 897
10 1835
11 835
11 1237
11 1446
11 1518
11 1788
11 1873
11 1899
11 1967
12 159
12 165
12 217
12 222
12 506
12 695
12 1032
12 1036
12 1537
12 1598
13 175
13 342
13 1514
13 1615
13 1803
14 180
14 219
14 340
14 417
14 1070
14 1652
14 1719
15 1676
15 1915
16 384
16 439
16 588
16 728
16 749
16 955
16 1071
16 1217
16 1315
16 1410
16 1951
17 38
17 142
17 409
17 1341
18 219
18 535
18 926
18 932
18 1223
18 1647
18 1842
18 1883
19 146
19 320
19 1055
19 1152
19 1835
20 37
20 494
20 922
20 1101
20 1505
20 1563
20 1694
20 1975
21 405
21 642
21 931
21 1217
21 1379
22 22
22 116
22 196
22 895
22 1026
22 1297
22 1338
22 1996
23 880
23 1127
23 1350
23 1355
23 1586
23 1804
24 305
24 1616
24 1826
25 273
25 483
25 494
25 1459
25 1752
25 1760
26 628
26 638
26 1212
26 1262
26 1664
26 1691
27 482
27 673
27 1029
27 1613
27 1690
27 1855
28 1056
28 1457
28 1721
28 1995
29 525
29 575
29 1170
29 1635
29 1979
30 955
30 1664
30 1818
31 167
31 444
31 1430
31 1764
32 728
32 737
32 1317
32 1542
32 1832
32 1867
32 1984
33 496
33 994
33 1162
33 1171
33 1642
33 1918
34 505
34 656
34 834
34 867
34 938
34 952
34 1185
34 1393
34 1444
34 1635
34 1661
34 1821
34 1982
35 258
35 387
35 596
35 861
35 1224
35 1806
36 1499
36 1687
37 191
37 656
37 1195
37 1264
37 1797
38 72
38 176
38 205
38 791
38 880
38 1359
38 1540
38 1542
38 1578
38 1910
39 217
39 574
39 932
39 1199
39 1209
39 1226
39 1589
39 1599
39 1907
40 106
40 125
40 277
40 316
40 642
40 672
40 807
40 1328
40 1556
41 155
41 223
41 1123
41 1324
41 1615
41 1835
41 1963
42 109
42 1171
42 1242
42 1672
43 236
43 719
43 1381
44 211
44 240
44 270
44 324
44 441
44 579
44 750
44 874
45 106
45 561
45 1356
46 305
46 767
46 934
46 1075
46 1260
46 1789
46 1822
46 1864
47 294
47 429
47 618
47 744
47 809
47 1334
47 1460
47 1737
47 1802
48 286
48 378
48 724
48 903
48 927
48 1038
48 1159
48 1939
49 103
49 148
49 1538
49 1569
50 107
50 280
50 335
50 410
50 617
50 743
50 1180
50 1630
50 1756
51 212
51 251
51 280
51 552
51 923
51 1155
51 1511
51 1836
52 1583
53 153
53 282
53 495
53 570
53 616
53 1504
53 1843
54 71
54 92
54 746
54 1461
54 1951
54 1987
55 519
55 632
55 1321
55 1849
55 1958
56 241
56 357
56 912
56 929
56 1038
56 1088
56 1234
56 1494
57 179
57 1077
57 1129
57 1249
57 1276
57 1334
57 1471
57 1982
58 265
58 346
58 643
58 1228
58 1316
58 1553
58 1980
59 61
59 152
59 509
59 708
59 768
59 988
59 1546
59 1951
60 279
60 838
60 1468
60 1750
61 308
61 559
61 839
61 863
61 1268
61 1345
61 1723
62 115
62 449
62 456
62 839
62 1339
62 1369
62 1722
63 606
63 670
63 1329
63 1355
63 1511
63 1876
63 1930
64 180
64 249
64 621
64 878
64 1138
64 1288
64 1616
64 1672
65 147
65 419
65 490
65 545
65 650
65 856
65 918
65 1164
65 1338
65 1389
66 293
66 412
66 421
66 682
66 1308
66 1856
67 358
67 529
67 642
67 1025
67 1803
67 1834
67 1854
68 498
68 625
68 1174
68 1560
68 1603
68 1683
68 1936
69 205
69 298
69 642
69 763
69 828
69 1093
69 1249
69 1916
70 217
70 269
70 785
70 833
70 879
70 1617
70 1765
70 1827
70 1863
71 251
71 419
71 497
71 609
71 852
71 1566
71 1702
71 1787
72 284
72 321
72 575
72 683
72 774
72 1019
72 1057
72 1240
72 1612
72 1878
72 1914
73 342
73 496
73 1328
73 1511
73 1793
73 1875
74 238
74 675
74 1672
75 628
75 921
76 589
76 1395
77 77
77 307
77 399
77 765
77 797
77 864
77 908
77 1343
78 177
78 420
78 439
78 688
78 955
78 1153
78 1266
78 1610
78 1848
78 1895
78 1902
78 1994
79 121
79 289
79 1138
79 1853
80 124
80 224
80 729
80 1678
80 1881
80 1959
81 230
81 324
81 336
81 431
82 704
82 926
82 1181
82 1494
82 1519
82 1985
83 106
83 287
83 556
83 578
83 1013
83 1092
83 1245
83 1282
83 1563
83 1748
83 1908
84 786
84 791
84 1464
85 432
85 1048
85 1088
85 1149
85 1818
86 133
86 487
86 598
86 663
86 1238
86 1252
86 1266
86 1269
86 1507
86 1763
87 314
87 646
87 1758
87 1791
87 1897
88 603
88 1273
88 1499
88 1629
89 276
89 337
89 361
89 491
89 500
89 982
89 1677
89 1790
90 574
90 786
90 1279
90 1326
90 1954
91 664
91 739
91 951
91 1734
91 1891
91 1924
92 122
92 273
92 310
92 320
92 558
92 1147
92 1413
92 1605
92 1660
92 1767
93 106
93 164
93 284
93 998
94 203
94 559
94 717
94 861
94 1747
94 1988
95 444
95 635
95 740
95 1232
95 1332
95 1712
95 1777
96 496
96 550
96 626
96 790
96 1055
96 1458
96 1840
96 1918
97 1109
97 1338
97 1387
97 1925
98 497
98 536
98 610
98 767
98 1051
98 1188
99 1083
99 1192
99 1417
99 1913
100 554
100 1088
100 1957
101 269
101 308
101 530
102 143
102 408
102 1337
103 324
103 460
103 462
103 540
103 731
103 916
103 1463
103 1609
103 1980
104 123
104 350
104 866
104 1056
104 1131
104 1565
105 1071
105 1185
105 1564
105 1739
105 1929
106 180
106 212
106 262
106 265
106 279
106 558
106 662
106 932
106 1026
106 1371
106 1407
106 1876
106 1915
107 420
107 807
107 867
107 942
107 1194
107 1650
107 1663
108 492
108 1360
109 237
109 447
109 477
109 1809
110 236
110 690
110 737
110 1029
110 1364
110 1816
110 1882
111 124
111 552
111 1113
111 1288
111 1906
111 1954
112 624
112 1027
112 1333
112 1439
112 1576
112 1590
112 1767
113 465
113 1159
113 1410
113 1772
114 650
114 766
114 1102
114 1737
115 354
115 646
115 718
115 1191
115 1999
116 282
116 307
116 438
116 498
116 1008
116 1095
116 1102
116 1171
117 152
117 241
117 595
117 1275
117 1368
117 1988
118 990
118 992
118 1280
118 1879
119 201
119 834
119 1176
119 1394
119 1589
119 1959
120 484
120 550
120 652
120 1037
120 1217
120 1465
120 1657
120 1835
121 682
121 1127
121 1686
121 1734
121 1743
121 1782
121 1932
121 1969
122 690
122 908
122 1221
122 1350
122 1744
122 1831
123 279
123 944
123 960
123 1242
123 1572
124 520
124 1076
124 1433
124 1657
124 1675
124 1869
124 1912
124 1914
124 1987
125 368
125 462
125 537
125 561
125 563
125 574
125 813
125 1761
126 732
126 1250
126 1309
126 1432
126 1881
127 1128
128 179
128 605
128 1274
128 1423
128 1479
129 303
129 526
129 783
129 989
129 1405
129 1408
129 1480
129 1725
129 1971
130 133
130 326
130 562
130 605
130 956
130 963
130 1268
130 1327
130 1494
131 235
131 285
131 449
131 540
131 1521
132 205
132 229
132 1573
133 419
133 467
133 562
133 584
133 823
133 1403
133 1516
133 1537
134 533
134 691
134 707
134 1184
134 1799
135 763
135 1524
135 1546
135 1547
135 1957
136 508
136 1021
136 1103
136 1306
136 1386
136 1469
136 1471
136 1526
136 1924
137 372
137 570
137 1097
137 1454
137 1666
137 1771
137 1783
137 1988
138 775
138 797
138 937
138 1164
138 1486
139 699
139 846
139 1186
139 1686
139 1971
140 773
140 796
140 1447
141 230
141 832
141 1299
142 282
142 522
142 759
142 1006
142 1384
142 1411
142 1541
143 186
143 316
143 385
143 476
143 576
143 716
143 770
144 670
144 1797
144 1859
145 574
145 1344
145 1448
145 1753
146 375
146 514
146 696
146 707
146 774
146 856
147 776
147 847
147 1308
147 1604
147 1942
148 203
148 476
148 499
148 691
148 717
148 983
148 1004
148 1708
148 1864
148 1901
148 1964
149 269
149 830
149 888
149 1239
149 1776
150 295
150 386
150 778
150 862
150 1646
150 1691
151 403
151 845
151 1066
151 1649
152 254
152 909
152 1146
152 1270
152 1344
152 1454
152 1743
153 252
153 759
153 843
153 950
153 1306
153 1673
153 1693
153 1908
154 497
154 568
154 632
154 654
154 842
154 1564
154 1709
154 1809
155 226
155 797
155 921
155 1051
155 1997
156 678
156 1588
156 1659
156 1749
157 395
157 616
157 1371
157 1614
157 1823
157 1990
158 450
158 632
158 984
158 1128
158 1214
158 1297
158 1663
158 1674
159 911
159 1047
159 1079
159 1140
159 1179
159 1992
160 307
160 395
160 872
160 953
160 1068
160 1075
160 1629
160 1720
160 1905
160 1996
161 704
162 284
162 1349
162 1497
162 1545
162 1719
163 845
163 893
163 1310
163 1595
164 842
164 895
164 1122
164 1206
164 1413
164 1544
164 1744
165 244
165 651
165 1177
165 1442
165 1793
165 1953
166 421
166 838
166 915
166 1442
166 1563
166 1824
166 1991
167 751
167 752
167 1165
167 1408
167 1580
167 1695
168 256
168 436
168 461
168 1321
168 1941
169 276
169 470
169 491
169 679
169 1150
169 1587
170 377
170 411
170 472
170 792
170 926
170 1067
170 1438
170 1556
171 326
171 844
171 848
171 1046
171 1719
171 1726
171 1961
172 558
172 1754
173 256
173 386
173 497
173 640
173 751
173 763
173 1274
173 1414
173 1462
173 1782
173 1842
174 510
174 759
174 907
174 1549
174 1554
174 1572
175 357
175 494
175 539
175 1474
175 1638
175 1722
176 473
176 710
176 913
176 1748
176 1953
177 476
177 564
177 707
177 793
177 872
177 1009
177 1598
177 1780
178 725
179 321
179 1352
179 1467
179 1833
180 203
180 519
180 561
180 661
180 771
180 1648
180 1732
180 1761
181 199
181 1062
181 1607
181 1855
181 1915
182 603
182 1081
182 1629
182 1674
182 1713
182 1927
183 263
183 462
183 1114
183 1243
183 1597
183 1980
184 994
184 1228
184 1664
184 1962
185 824
185 840
185 1062
185 1295
185 1503
185 1884
186 190
186 631
186 731
186 976
186 1050
186 1219
186 1469
187 361
187 510
187 591
187 779
187 1170
187 1551
187 1689
187 1766
187 1780
187 1983
188 1095
188 1332
188 1349
188 1493
188 1887
188 1951
189 283
189 968
189 1002
189 1385
189 1571
189 1910
190 349
190 352
190 520
190 1093
190 1131
190 1846
190 1855
190 1967
191 317
191 411
191 841
191 1662
191 1745
191 1808
192 809
192 995
192 1221
192 1247
192 1459
193 819
193 1040
193 1132
193 1194
193 1462
193 1812
194 1090
194 1515
195 228
195 959
195 1079
195 1080
196 343
196 404
196 516
196 678
196 874
196 992
196 1456
196 1680
196 1682
196 1999
197 417
197 461
197 698
197 934
197 944
197 1162
197 1240
197 1800
198 201
198 897
198 904
199 240
199 1896
200 405
200 417
200 652
200 956
200 1550
200 1845
200 1862
201 909
201 1146
201 1178
201 1758
201 1957
202 358
202 479
202 640
202 665
202 1048
202 1076
202 1863
203 348
203 380
203 582
203 780
203 834
203 1175
203 1229
203 1324
203 1721
204 339
204 502
204 569
204 887
204 892
204 1288
204 1350
204 1431
205 488
205 799
205 910
205 1313
205 1414
205 1434
205 1796
206 284
206 437
206 528
206 819
206 1659
206 1703
207 762
207 849
207 1330
207 1406
207 1458
208 852
208 916
208 1027
208 1342
208 1823
209 298
209 498
209 736
209 1309
209 1870
209 1934
210 438
210 819
210 1555
211 403
211 542
211 552
211 756
211 1068
211 1219
211 1386
211 1974
212 280
212 444
212 500
212 634
212 646
212 1073
212 1095
212 1143
212 1981
213 1018
213 1178
213 1224
213 1441
213 1982
214 1069
214 1156
214 1346
215 371
215 1303
216 230
216 769
216 1666
216 1823
217 837
217 1038
217 1268
217 1363
217 1709
218 584
218 647
218 655
218 1412
219 1026
219 1093
219 1095
219 1317
220 907
220 1265
220 1475
220 1559
221 415
221 737
221 788
221 1410
221 1606
221 1739
221 1780
221 1807
221 1863
222 306
222 374
222 548
222 862
222 1122
222 1690
222 1709
223 280
223 478
223 628
223 891
223 1455
223 1463
223 1592
223 1664
223 1946
224 278
224 1283
224 1326
224 1669
224 1813
225 434
225 476
225 747
225 1492
225 1656
225 1926
226 947
226 984
226 1568
226 1720
227 360
227 369
227 391
227 557
227 1154
227 1379
227 1616
227 1715
227 1864
228 555
228 604
228 699
228 711
228 890
228 1133
228 1162
228 1229
228 1488
228 1691
229 463
229 802
229 1118
229 1332
229 1402
229 1671
229 1806
229 1827
230 852
230 1094
230 1152
230 1444
230 1591
231 303
231 316
231 705
231 866
231 1168
231 1303
231 1393
231 1637
231 1655
231 1662
231 1875
231 1892
232 240
232 860
232 1351
232 1581
232 1730
232 1847
232 1866
233 538
233 1117
233 1131
233 1568
234 301
234 897
234 1244
234 1345
234 1772
234 1882
234 1988
235 272
235 353
235 614
235 828
235 907
235 1022
235 1128
235 1155
235 1183
235 1186
235 1208
235 1446
235 1756
236 1200
236 1809
237 972
237 1138
237 1216
238 720
238 1063
238 1206
238 1500
238 1679
238 1712
239 256
239 300
239 811
239 1144
239 1319
239 1459
239 1787
240 938
240 972
240 1529
240 1589
241 345
241 360
241 446
241 991
241 1070
241 1137
241 1422
241 1838
241 1992
242 500
242 767
242 1636
243 270
243 1253
243 1294
243 1333
243 1335
243 1682
243 1841
243 1926
243 1932
244 1011
244 1309
244 1480
245 531
245 776
246 387
246 427
246 1171
247 273
247 312
247 314
247 854
247 1219
247 1940
248 852
248 1739
248 1802
248 1974
249 929
249 1421
250 276
250 323
250 350
250 431
250 641
250 1275
250 1319
250 1336
251 674
251 742
251 936
251 1032
251 1212
251 1532
251 1849
251 1969
252 793
252 1033
252 1289
252 1897
253 1055
253 1791
253 1996
254 392
254 540
254 657
254 840
254 1315
254 1449
254 1630
255 971
255 1239
255 1708
255 1741
255 1745
255 1866
256 259
256 1011
256 1086
256 1219
256 1378
256 1382
256 1583
256 1601
256 1662
256 1707
257 497
257 1233
257 1444
257 1506
257 1650
257 1701
258 286
258 467
258 883
258 996
258 1254
258 1265
258 1412
258 1858
258 1925
259 345
259 437
259 759
259 1181
259 1194
259 1420
259 1726
260 448
260 1358
261 1009
261 1152
261 1878
262 439
262 464
262 892
262 1261
262 1358
262 1448
262 1455
262 1805
263 306
263 509
263 1873
263 1968
264 593
264 922
264 1658
264 1795
265 1059
265 1326
265 1382
265 1685
266 406
266 662
266 1021
266 1335
266 1701
267 759
267 934
267 1334
267 1580
267 1708
267 1940
268 360
268 1300
269 342
269 473
269 686
269 736
269 1115
269 1597
269 1778
270 322
270 548
270 618
270 683
270 803
270 1008
270 1465
270 1673
270 1741
270 1835
270 1846
271 278
271 480
271 612
271 1010
271 1405
271 1994
272 512
272 1355
272 1385
272 1971
273 490
273 536
273 1284
273 1605
273 1765
274 721
274 948
274 1384
274 1830
275 343
275 472
275 987
275 1781
275 1940
276 336
276 913
276 990
276 1018
276 1021
276 1644
277 569
277 1130
277 1701
277 1708
277 1839
277 1990
278 770
278 979
278 1352
279 425
279 901
279 909
279 1067
279 1726
279 1871
280 514
280 580
280 1546
281 347
281 442
281 539
281 558
281 669
281 1779
281 1891
282 376
282 690
282 746
282 802
282 1991
283 373
283 457
283 636
283 1032
283 1051
283 1160
283 1431
284 1554
284 1752
284 1957
285 414
285 1037
285 1140
285 1814
285 1980
285 1989
286 802
286 1306
287 297
287 911
287 1504
287 1772
288 368
288 1241
288 1356
288 1462
288 1561
288 1964
288 1980
288 1994
289 602
289 972
289 1145
289 1698
289 1917
290 749
290 1715
290 1732
291 519
291 939
291 1137
291 1195
291 1739
291 1823
291 1830
292 310
292 345
292 1101
292 1594
292 1920
293 743
293 824
293 948
293 1034
293 1076
293 1139
293 1151
293 1691
293 1884
294 1760
295 527
295 1620
296 673
296 785
296 1398
296 1480
296 1595
296 1689
296 1911
297 325
297 893
297 1191
298 1058
299 310
299 394
299 829
299 1018
299 1540
300 345
300 441
300 614
300 1384
301 789
301 1124
301 1534
301 1579
301 1744
302 614
302 912
302 1334
302 1510
302 1571
302 1775
303 1222
303 1426
304 578
304 665
304 895
304 1713
304 1880
305 391
305 410
305 570
305 575
305 666
305 1077
305 1589
305 1905
306 805
306 1313
306 1438
306 1593
307 623
307 906
307 941
307 1124
307 1149
307 1338
308 659
308 1779
308 1783
309 1111
309 1724
309 1951
310 466
310 490
310 1434
310 1459
310 1578
311 437
311 474
311 606
311 1061
311 1080
311 1932
311 1939
312 658
312 761
312 772
312 1149
312 1566
312 1939
313 315
313 593
313 1694
313 1941
314 379
314 687
314 1052
314 1288
314 1504
314 1578
314 1890
315 906
315 1201
315 1223
315 1281
315 1329
315 1842
316 497
316 909
316 1840
317 440
317 598
317 747
317 1930
317 1938
318 1261
318 1865
319 352
319 408
319 442
319 672
319 987
319 1001
319 1090
319 1317
319 1541
319 1661
320 538
320 564
320 598
320 616
320 961
320 1064
320 1145
320 1337
320 1436
320 1622
320 1687
321 426
321 588
321 1374
321 1566
321 1720
321 1725
322 502
322 1351
323 1643
324 528
324 1105
324 1133
324 1136
324 1229
324 1329
324 1850
325 334
325 569
325 704
325 793
325 1806
325 1840
325 1883
325 1906
326 1059
326 1687
327 444
327 712
327 730
327 1232
327 1243
327 1310
327 1765
327 1818
327 1916
328 493
328 523
328 567
328 759
328 1209
328 1310
328 1511
328 1580
328 1932
328 1971
329 990
329 1203
329 1286
329 1822
330 976
331 338
331 360
331 1503
331 1586
332 439
332 786
332 810
332 946
332 1258
332 1953
333 1970
334 1060
334 1184
334 1617
334 1705
335 594
335 1063
335 1234
335 1521
335 1893
335 1949
336 1077
337 878
337 1114
337 1299
337 1327
337 1330
337 1418
337 1942
338 1404
339 480
339 620
339 797
339 1186
339 1272
339 1347
340 369
340 776
340 1548
340 1597
340 1660
340 1870
341 580
341 1026
341 1070
341 1237
341 1380
342 678
342 976
342 1426
343 916
343 940
343 1051
343 1413
343 1659
344 498
344 533
344 923
345 361
345 786
345 1916
345 1943
346 360
346 577
346 1204
346 1268
346 1277
346 1328
346 1474
346 1845
347 621
347 826
347 1748
347 1868
348 580
348 1019
348 1355
349 1051
349 1296
349 1507
350 652
350 1113
350 1727
351 624
351 767
351 811
351 1007
351 1790
351 1856
351 1984
352 530
352 778
352 1007
352 1578
352 1782
352 1891
353 571
353 1469
353 1482
353 1599
353 1650
354 1167
355 429
355 610
355 872
356 551
356 780
356 952
356 1268
356 1645
356 1864
357 829
357 869
357 920
357 1310
357 1532
358 494
358 760
358 879
358 1571
359 523
359 696
359 1051
359 1785
360 809
360 1058
360 1361
361 368
361 591
361 727
361 1303
362 677
362 1054
362 1358
363 1340
363 1630
363 1778
364 882
364 1138
364 1472
364 1796
365 474
365 513
365 930
365 1438
365 1583
365 1897
366 947
366 1051
366 1306
366 1614
366 1843
367 929
367 1081
367 1649
367 1865
368 1042
368 1178
368 1394
368 1544
368 1812
368 1911
369 600
369 853
369 1949
370 647
370 937
370 1419
370 1714
370 1748
370 1926
371 955
371 1700
372 773
372 945
372 964
372 1648
372 1868
372 1870
373 397
373 1480
374 773
374 913
374 960
374 1459
375 467
375 770
375 795
375 837
375 1252
375 1339
376 634
376 1488
376 1567
377 434
377 504
377 546
377 1466
377 1608
377 1917
378 440
378 1280
378 1504
378 1511
379 847
379 1300
379 1312
380 496
380 677
380 706
380 1162
380 1377
380 1958
381 756
381 1003
381 1457
381 1618
382 572
382 796
382 1089
382 1496
383 640
383 916
383 1351
383 1462
383 1570
383 1832
384 431
384 1019
384 1167
384 1468
384 1608
385 451
385 713
385 923
385 1351
386 417
386 469
386 584
386 822
386 1268
386 1291
386 1414
386 1513
387 756
387 769
387 1087
387 1760
387 1857
388 1031
388 1105
388 1602
388 1873
388 1980
389 1828
389 1853
390 403
390 730
390 844
390 1558
390 1677
390 1867
391 1088
391 1181
391 1225
391 1607
391 1645
392 680
392 884
392 1485
392 1632
392 1655
393 617
393 659
393 1103
393 1429
393 1570
394 805
394 1080
394 1097
394 1171
394 1888
395 527
395 574
395 675
395 827
395 1804
396 478
396 851
396 1504
396 1609
396 1677
396 1745
397 534
397 1190
397 1284
397 1308
397 1419
397 1794
398 480
398 1139
398 1295
398 1413
398 1495
398 1660
398 1872
399 996
399 1086
399 1173
400 619
400 1010
400 1226
400 1551
400 1998
401 943
401 1352
401 1625
401 1696
401 1700
401 1715
401 1720
402 474
402 487
402 1289
402 1482
402 1543
402 1803
402 1947
403 560
403 824
403 878
403 1144
403 1628
403 1901
404 644
404 722
404 1198
404 1200
404 1213
404 1562
404 1919
404 1937
405 874
405 910
405 1263
405 1749
405 1895
405 1968
406 448
406 553
406 722
406 1242
406 1741
407 636
407 1116
407 1561
408 907
408 966
408 1817
408 1885
409 823
409 1166
409 1437
409 1485
410 585
410 825
410 1247
410 1786
411 759
411 883
411 1085
411 1414
411 1965
412 484
412 588
412 794
413 523
413 946
413 1221
413 1650
413 1685
414 840
414 1199
414 1530
414 1563
414 1816
414 1827
415 501
415 700
415 1231
415 1494
415 1643
416 1098
416 1196
416 1557
416 1914
417 804
417 852
417 1193
417 1416
417 1471
417 1862
418 1109
418 1337
418 1350
418 1353
418 1683
418 1723
419 511
419 576
419 687
419 1388
419 1674
419 1690
419 1741
419 1932
420 717
420 753
420 892
420 1419
420 1538
421 811
421 1017
421 1983
421 1988
422 809
422 884
422 1449
422 1575
422 1810
423 696
423 1073
423 1250
423 1500
423 1816
424 712
425 659
425 679
425 825
425 1156
425 1202
425 1401
425 1482
425 1910
426 602
426 704
426 839
426 1598
427 585
427 653
427 749
427 1109
427 1117
427 1394
428 512
428 1275
428 1356
428 1427
428 1480
428 1894
429 456
429 1018
429 1055
429 1601
429 1971
430 1225
430 1556
430 1627
430 1655
431 1479
431 1544
432 546
432 784
432 845
432 1185
432 1354
432 1423
432 1605
433 1234
434 674
434 778
434 1033
434 1072
434 1385
434 1452
434 1601
434 1701
434 1764
434 1958
435 1955
437 877
437 1319
437 1757
437 1940
438 770
438 1159
438 1432
439 1100
439 1239
439 1962
440 1248
441 1539
442 546
442 716
442 948
442 970
442 1112
442 1216
442 1587
443 801
443 1295
443 1630
443 1694
444 838
444 1176
444 1294
445 551
445 864
445 980
445 1019
445 1023
445 1212
445 1341
445 1497
445 1710
446 481
446 1738
447 515
447 642
447 668
447 1352
447 1550
447 1630
448 570
448 678
448 852
448 1262
448 1512
449 607
449 888
449 924
449 1329
449 1394
449 1621
450 918
450 985
450 1505
450 1774
450 1797
451 772
451 1127
451 1143
451 1398
451 1751
451 1987
452 1571
452 1607
452 1907
453 563
453 691
453 1068
453 1531
454 855
454 1041
454 1123
454 1539
454 1723
454 1891
455 837
455 1142
455 1622
455 1854
456 927
456 1099
456 1442
456 1472
457 739
457 753
457 1391
458 711
458 921
458 1329
458 1772
459 644
459 728
459 770
459 815
459 1572
459 1775
459 1816
459 1848
460 742
460 1107
460 1181
460 1236
460 1310
460 1944
461 764
461 1214
461 1364
461 1634
461 1719
461 1771
462 899
462 970
462 1124
462 1242
463 676
463 812
463 878
464 928
465 778
465 794
465 1225
465 1612
465 1711
465 1748
466 508
466 615
466 704
466 810
466 1236
466 1584
466 1703
466 1826
467 847
467 1484
467 1612
468 470
468 1081
468 1681
468 1769
468 1890
468 1897
469 1017
469 1090
469 1191
469 1833
469 1965
470 688
470 1009
470 1067
470 1080
470 1095
470 1098
470 1197
470 1687
471 731
471 906
471 1317
472 538
472 675
472 965
472 1079
472 1363
472 1441
473 494
473 1455
473 1796
473 1973
474 512
474 749
474 1020
474 1747
474 1847
475 1016
475 1444
475 1474
475 1956
476 694
476 710
476 774
476 1558
476 1653
476 1921
478 1172
478 1806
479 1507
479 1888
480 575
480 890
480 1030
480 1051
480 1216
480 1277
481 570
481 1274
481 1315
482 554
482 857
482 1263
482 1708
482 1813
483 567
483 910
483 953
483 1107
483 1731
483 1981
484 745
484 764
484 1461
484 1534
485 558
485 586
485 694
485 701
485 773
486 615
486 818
486 1589
486 1778
487 830
487 967
487 1362
487 1460
488 722
488 769
488 1406
488 1844
488 1975
488 1988
488 1996
488 1998
489 1004
489 1142
489 1235
489 1474
489 1531
489 1896
490 753
490 1506
490 1633
491 507
491 1425
491 1674
491 1770
492 826
492 848
492 1342
492 1844
493 579
493 658
493 773
493 810
493 968
493 981
493 1146
493 1410
493 1479
493 1531
493 1639
493 1803
493 1854
494 569
494 874
494 1396
494 1406
494 1478
494 1593
495 838
495 1719
496 786
496 1001
496 1216
496 1559
496 1594
496 1762
496 1865
497 524
497 631
497 652
497 818
497 1143
498 570
498 694
498 910
498 944
498 1281
498 1606
498 1684
498 1903
499 956
499 1080
499 1197
499 1338
499 1750
500 1232
500 1243
501 808
501 1143
501 1300
501 1857
501 1988
502 765
502 850
502 854
502 1377
502 1753
503 1159
504 627
504 1621
504 1627
505 528
505 640
505 1862
506 801
506 905
506 940
506 1168
506 1583
506 1584
506 1780
506 1923
507 889
508 906
508 1025
508 1040
508 1438
509 526
509 1163
509 1296
510 562
510 655
510 868
510 1534
510 1744
511 640
511 788
511 1540
511 1851
511 1937
512 684
512 803
512 1391
512 1577
512 1639
512 1765
513 520
513 756
513 1090
513 1179
513 1448
513 1887
513 1953
514 1231
514 1362
514 1635
515 1110
515 1418
515 1803
516 829
516 1702
516 1836
517 857
517 1050
517 1204
517 1248
517 1526
517 1571
517 1923
518 854
518 1304
518 1362
518 1709
518 1886
519 693
519 863
519 1066
519 1634
519 1803
519 1912
519 1985
520 576
520 1176
520 1347
520 1357
520 1644
521 1368
521 1587
521 1682
521 1759
521 1796
522 673
522 1019
522 1400
522 1435
522 1450
522 1947
523 795
523 968
523 1069
523 1400
523 1581
523 1920
524 1248
524 1555
525 679
525 805
525 829
525 1424
526 543
526 631
526 673
526 1006
526 1121
526 1193
526 1350
526 1393
526 1636
526 1709
526 1778
527 990
527 1090
527 1516
527 1699
527 1761
527 1965
527 1998
528 1158
528 1309
528 1315
528 1771
529 1491
529 1699
530 875
530 1823
531 1001
531 1092
531 1304
531 1456
532 628
532 1473
532 1556
532 1633
532 1763
532 1908
534 649
534 1349
534 1422
535 662
535 980
535 1089
535 1293
535 1308
536 656
536 706
536 1268
536 1303
536 1484
536 1683
536 1866
536 1870
537 615
537 656
537 918
537 1152
537 1590
538 566
538 637
538 1481
538 1841
539 709
539 724
539 1105
539 1638
539 1643
540 590
540 629
540 663
540 682
540 720
540 1934
541 836
542 608
542 959
542 1148
542 1408
542 1627
543 713
543 720
543 802
543 1555
544 1395
544 1604
544 1607
544 1880
545 1301
545 1590
545 1788
546 567
546 820
546 824
546 852
546 1069
546 1090
546 1113
546 1562
546 1665
546 1748
546 1948
547 847
547 895
547 1172
548 560
548 878
548 1934
549 1048
549 1970
550 1925
550 1994
551 838
551 1191
551 1282
551 1316
552 879
552 900
552 1560
552 1667
552 1796
552 1906
553 603
553 878
553 1139
553 1378
553 1961
554 1109
554 1298
555 1102
555 1175
555 1377
556 652
556 756
556 855
556 1141
556 1502
556 1782
557 843
557 1164
557 1385
557 1640
557 1654
558 958
558 1258
558 1357
558 1787
558 1983
559 887
559 1366
559 1470
559 1821
560 1059
560 1231
560 1375
560 1825
561 1493
562 597
562 1022
562 1292
563 657
563 708
563 730
563 1455
563 1672
563 1912
563 1983
564 816
564 966
564 1090
565 1162
565 1185
565 1417
565 1437
565 1677
566 580
566 1459
567 622
567 838
567 914
567 1229
567 1326
568 677
568 801
568 811
568 1040
568 1307
568 1800
569 1238
570 1623
570 1906
570 1958
571 609
571 668
571 1063
571 1207
571 1519
571 1524
571 1591
572 702
572 821
572 1446
572 1611
572 1649
572 1777
572 1794
573 649
573 1424
574 846
574 924
574 1026
574 1050
574 1162
574 1810
575 624
575 1691
576 822
576 1395
576 1793
577 720
577 888
577 994
577 1006
577 1044
577 1372
578 812
578 821
578 884
578 1112
578 1195
578 1985
579 1101
579 1683
579 1997
580 1038
580 1053
580 1430
580 1478
580 1601
580 1645
580 1761
581 767
581 1037
581 1252
581 1412
582 930
583 1563
583 1716
584 636
584 716
584 791
584 833
584 1523
584 1764
585 1206
585 1409
585 1617
585 1649
586 617
586 888
586 967
586 1019
586 1492
586 1649
587 596
587 1027
587 1071
587 1353
587 1398
588 782
588 849
588 872
589 740
589 1019
589 1260
589 1464
590 672
590 754
590 1312
590 1376
590 1569
590 1609
591 911
591 1233
591 1840
591 1934
592 1090
592 1297
592 1317
592 1472
592 1789
593 643
593 1589
593 1733
594 804
594 1158
594 1294
594 1326
594 1569
594 1785
594 1815
595 662
595 1515
595 1708
595 1714
595 1744
595 1909
596 886
596 1368
596 1765
596 1910
596 1912
596 1968
597 884
597 1069
597 1449
597 1468
597 1722
598 845
598 1917
599 1156
599 1291
599 1513
599 1536
599 1751
599 1915
600 702
600 940
600 1511
600 1949
601 906
601 1141
601 1435
601 1695
602 935
603 901
603 1176
603 1236
603 1558
603 1623
603 1936
604 1099
604 1229
604 1434
604 1683
604 1849
605 679
605 723
605 888
605 967
605 1610
605 1614
605 1655
606 1220
606 1869
606 1902
606 1982
607 759
607 838
607 1032
607 1113
608 933
608 1025
608 1045
608 1749
609 761
610 803
610 909
610 1074
610 1357
611 702
611 907
611 1019
611 1169
611 1354
611 1411
611 1572
611 1764
612 612
612 619
612 668
612 1238
612 1899
613 1034
613 1036
613 1251
613 1655
613 1764
613 1901
614 743
614 1581
614 1658
614 1745
615 796
615 1324
615 1856
616 1335
616 1398
616 1449
617 661
617 882
617 1381
617 1454
617 1552
617 1831
618 803
618 947
618 1008
618 1227
618 1334
618 1385
618 1428
618 1839
618 1978
619 868
619 1462
619 1517
619 1852
620 959
620 1091
620 1159
620 1175
620 1336
620 1512
620 1622
621 752
621 1566
621 1576
621 1663
622 663
622 746
622 1078
622 1599
622 1855
623 886
623 958
623 997
623 1300
623 1374
624 882
624 986
624 1411
624 1639
625 966
625 1089
625 1344
625 1432
625 1480
625 1802
626 1661
626 1703
627 1342
627 1400
627 1754
628 717
628 900
628 1785
629 735
629 901
629 1312
629 1326
629 1532
629 1581
631 1255
631 1405
631 1947
631 1996
632 855
632 1070
632 1154
632 1432
632 1851
632 1950
633 642
633 667
633 1565
633 1769
633 1987
634 745
634 1049
634 1064
634 1122
634 1295
634 1711
634 1738
634 1979
635 1585
636 1130
636 1386
637 753
637 883
637 920
637 1634
638 1088
638 1255
638 1690
639 946
639 1507
639 1529
639 1571
639 1960
640 704
640 1188
640 1285
641 960
641 970
641 1357
641 1492
641 1565
642 749
642 936
642 1692
642 1731
643 736
643 1786
644 1115
644 1151
644 1696
645 718
645 946
645 1278
645 1350
646 1931
647 1332
647 1596
648 851
648 880
648 954
648 976
648 1445
648 1569
648 1949
649 699
649 723
649 781
649 1563
649 1640
649 1839
649 1959
650 998
650 1168
650 1290
650 1533
650 1779
650 1881
651 672
651 1708
652 754
652 1224
652 1234
652 1499
652 1915
653 1386
653 1764
653 1776
654 1360
654 1985
655 960
655 1389
655 1451
655 1739
655 1747
655 1832
656 1184
657 791
657 856
657 1074
657 1553
657 1927
658 696
658 1238
658 1308
658 1815
658 1999
659 1136
659 1171
660 740
660 1307
660 1568
660 1661
661 1051
661 1244
661 1513
661 1519
662 1247
662 1281
662 1421
662 1484
663 961
663 1018
665 945
665 1058
665 1067
665 1242
665 1292
665 1633
665 1638
665 1697
666 1011
666 1365
666 1485
666 1520
666 1700
666 1776
667 758
667 799
667 1143
667 1305
667 1865
668 931
668 1255
669 1292
669 1661
669 1670
669 1979
670 896
670 1046
670 1165
670 1260
670 1507
670 1703
671 990
671 1425
671 1957
672 772
672 992
672 1297
672 1358
673 692
673 709
673 791
673 894
673 976
673 1363
673 1902
673 1941
673 1981
674 1137
674 1522
675 675
675 767
675 1296
676 1597
676 1935
676 1978
677 1009
677 1026
677 1069
677 1463
677 1670
678 850
678 921
678 974
678 975
678 1605
679 893
679 1102
679 1236
679 1444
679 1690
680 893
680 924
680 1197
680 1341
680 1734
680 1755
681 1253
681 1478
681 1691
681 1764
681 1817
682 824
682 1049
683 1118
683 1320
683 1347
683 1746
684 750
684 802
684 1248
684 1394
684 1625
684 1850
685 1023
685 1433
685 1711
686 1013
686 1156
686 1729
688 829
688 1038
688 1255
688 1302
688 1410
688 1546
688 1983
689 946
689 958
689 1060
689 1148
689 1446
689 1624
690 862
690 994
690 1283
690 1768
690 1840
690 1999
691 854
691 1260
691 1497
691 1967
692 693
692 928
693 907
693 1208
693 1301
693 1719
695 1085
695 1434
695 1595
696 1267
696 1338
696 1824
696 1849
697 809
697 896
697 1833
698 1804
700 1220
700 1254
700 1784
700 1931
701 746
701 883
701 1607
701 1689
701 1883
702 862
702 1755
702 1781
703 741
703 1013
703 1207
703 1238
703 1288
704 827
704 1330
704 1804
705 854
705 871
705 914
705 1063
705 1106
705 1518
705 1522
705 1833
706 1203
706 1220
706 1463
706 1515
706 1721
706 1736
707 737
707 1320
708 1387
708 1403
708 1769
708 1791
709 1255
709 1736
709 1819
710 1512
710 1827
710 1931
711 1022
711 1276
711 1985
712 896
712 1249
712 1282
712 1583
713 765
713 921
714 1123
714 1314
714 1536
714 1614
714 1704
714 1827
714 1960
715 1081
715 1346
715 1633
716 1261
716 1512
716 1579
716 1642
717 1027
717 1373
717 1647
717 1986
717 1991
718 749
718 1000
718 1732
719 997
719 999
719 1396
719 1625
720 843
720 1082
720 1362
720 1387
720 1579
720 1747
721 1120
721 1129
721 1236
721 1583
721 1839
722 776
723 1386
723 1510
723 1570
723 1716
724 923
724 933
724 1089
724 1405
724 1664
725 1274
725 1305
725 1442
725 1629
725 1801
726 926
726 1260
726 1610
726 1984
727 1233
727 1399
728 733
729 868
729 1425
730 1254
730 1567
730 1626
730 1834
730 1984
731 789
731 994
731 1189
731 1665
731 1737
731 1825
731 1836
732 747
732 802
732 1011
732 1040
732 1052
732 1275
732 1382
732 1598
732 1923
733 906
733 987
733 1170
734 804
734 1114
734 1953
735 875
735 965
735 1014
735 1461
735 1602
735 1757
736 793
736 891
736 1141
736 1771
737 970
737 1345
737 1674
738 1055
738 1157
738 1505
738 1699
738 1983
739 1139
739 1219
739 1326
739 1857
740 801
740 846
740 1813
741 1782
742 839
742 1015
742 1491
742 1573
742 1816
743 851
743 888
743 1129
743 1313
743 1725
743 1729
743 1801
744 752
745 1022
745 1203
745 1446
745 1483
745 1544
745 1816
745 1968
746 1514
747 1012
747 1421
747 1539
747 1695
748 1528
748 1662
748 1781
749 750
749 1047
749 1182
749 1309
749 1337
749 1340
749 1345
751 785
751 873
751 1985
752 947
752 1229
752 1470
752 1513
753 1716
754 900
754 923
754 989
755 1398
755 1535
755 1597
756 1095
756 1894
757 857
757 1168
758 958
758 1041
758 1800
759 779
759 833
759 887
759 1134
759 1369
759 1831
759 1841
759 1856
760 1208
760 1401
760 1732
760 1998
761 906
761 938
761 1997
762 1056
762 1162
762 1257
762 1947
763 893
763 1101
763 1911
764 857
764 870
764 1031
764 1210
764 1960
765 818
765 1312
765 1497
765 1577
766 1832
767 1106
767 1263
767 1269
767 1472
767 1499
768 1167
768 1200
768 1226
768 1350
768 1380
768 1945
769 781
769 878
769 1001
769 1036
769 1930
770 1018
770 1157
770 1228
771 806
771 924
771 986
771 1036
771 1148
771 1201
771 1527
771 1753
772 1005
772 1650
772 1662
773 935
773 996
773 1493
773 1920
774 1672
774 1738
774 1875
775 1071
775 1134
775 1520
775 1605
776 1013
776 1023
776 1455
776 1601
776 1971
777 881
777 904
777 921
777 1095
777 1853
778 1102
779 888
779 1016
779 1582
779 1761
780 905
780 1211
780 1291
781 1051
781 1570
782 1010
782 1175
782 1240
782 1490
782 1818
782 1941
783 904
783 1145
783 1233
783 1347
783 1393
784 828
784 1258
784 1491
784 1780
784 1913
785 839
785 1061
785 1904
786 1933
787 886
787 1096
787 1191
787 1226
787 1262
787 1326
787 1572
787 1868
787 1908
788 898
788 918
788 1466
788 1722
789 1024
789 1068
789 1173
789 1616
789 1627
789 1825
790 982
790 1338
790 1420
790 1733
791 852
791 885
791 1511
791 1587
792 1540
792 1715
792 1990
793 1163
793 1186
793 1522
793 1781
793 1990
794 1265
794 1464
794 1486
795 799
795 1248
795 1548
796 1858
797 805
797 923
797 1047
797 1529
797 1797
798 926
799 1144
799 1596
799 1860
800 1877
801 801
801 912
802 886
802 1551
802 1679
803 956
803 1218
803 1324
803 1407
803 1871
804 1454
804 1461
804 1994
805 1474
805 1627
805 1673
806 1702
807 941
807 1192
807 1248
807 1464
807 1650
808 985
808 1727
809 1039
809 1304
809 1730
810 1046
810 1270
810 1273
810 1743
810 1782
811 887
811 954
811 1105
811 1178
812 1928
812 1963
813 857
813 958
813 1356
813 1463
814 918
814 1232
814 1596
814 1665
815 1241
815 1267
815 1302
815 1487
815 1866
815 1952
816 1347
817 1242
817 1330
817 1553
817 1566
817 1662
817 1839
818 1283
818 1618
819 832
819 1744
820 921
820 1326
820 1339
821 1112
821 1144
821 1605
822 1147
822 1808
822 1972
823 1725
824 1132
824 1136
825 925
825 950
825 1238
825 1265
825 1403
826 1505
827 895
827 1127
827 1251
827 1387
828 1010
828 1394
828 1840
828 1856
828 1869
828 1938
828 1955
828 1988
829 1053
830 901
830 968
830 1291
830 1489
830 1910
831 1016
831 1126
831 1291
831 1328
831 1721
831 1973
832 1290
833 1294
833 1865
833 1887
833 1909
834 886
834 1178
835 942
835 1024
835 1522
836 943
836 1075
836 1367
837 1037
837 1128
837 1520
838 1234
838 1829
838 1861
839 1426
839 1636
840 1595
841 914
841 963
841 1503
841 1567
841 1771
841 1907
842 1201
842 1273
842 1534
842 1629
844 1031
844 1866
845 1085
845 1565
845 1646
845 1901
846 1205
846 1284
846 1354
846 1799
846 1826
846 1860
846 1909
846 1913
847 1116
847 1925
848 1262
849 850
849 1439
849 1671
849 1690
850 1410
850 1543
850 1658
851 1019
851 1034
852 1627
852 1686
852 1780
853 931
853 1250
853 1391
853 1666
853 1701
853 1717
853 1807
854 872
854 1255
854 1308
854 1338
855 1700
857 1632
857 1836
858 1130
858 1585
858 1699
858 1846
858 1903
859 986
859 1247
859 1547
859 1777
859 1820
860 904
860 1241
860 1673
860 1788
860 1908
860 1942
860 1996
861 911
861 1064
861 1241
861 1667
862 1763
862 1814
863 1016
863 1220
863 1827
863 1858
864 1033
864 1386
864 1468
864 1585
864 1830
865 1032
865 1683
865 1713
865 1801
866 1331
866 1754
867 1597
867 1813
867 1994
868 886
868 1397
868 1843
869 1402
869 1741
871 1002
871 1575
872 1071
872 1110
872 1173
872 1556
872 1693
873 1221
873 1335
873 1339
874 950
874 1366
874 1401
874 1530
874 1779
874 1956
875 884
875 1455
875 1928
876 1193
876 1413
876 1625
876 1739
876 1804
877 1739
878 1151
878 1435
878 1623
878 1646
878 1648
878 1846
879 903
879 1122
879 1224
879 1851
880 1200
880 1266
880 1283
880 1684
881 1018
881 1258
881 1393
881 1973
882 891
882 1706
883 1479
884 1194
884 1246
884 1339
884 1365
884 1414
884 1635
885 1043
885 1357
885 1472
885 1906
886 1002
886 1273
886 1952
887 1286
888 971
888 1050
888 1458
888 1850
889 1056
889 1212
889 1397
889 1696
889 1733
889 1909
889 1987
890 982
890 1015
890 1073
890 1165
890 1314
890 1423
890 1428
890 1756
890 1882
891 1094
891 1896
892 1410
892 1487
893 1689
893 1889
893 1947
894 1006
894 1042
894 1065
894 1182
894 1914
895 987
895 1182
895 1392
895 1401
895 1699
895 1775
895 1951
896 1294
896 1384
896 1459
897 1561
897 1910
898 1062
898 1108
899 1726
899 1919
900 1080
900 1397
900 1489
900 1741
901 901
901 1223
901 1364
901 1602
902 1230
902 1469
902 1580
902 1622
903 1841
903 1973
904 1065
904 1796
905 1088
905 1206
905 1494
906 1105
906 1401
906 1888
907 1017
907 1378
907 1923
908 1863
908 1864
909 910
909 1403
909 1785
909 1869
909 1878
910 1212
910 1608
910 1620
911 1552
911 1642
911 1673
911 1861
912 1471
912 1567
913 1324
913 1398
913 1592
913 1950
914 1378
914 1576
915 1155
915 1235
915 1589
916 1020
916 1062
916 1369
916 1433
916 1714
916 1909
917 1195
917 1283
917 1766
918 1021
918 1271
918 1580
919 1162
919 1386
919 1400
919 1749
920 1440
920 1677
921 1110
921 1547
923 956
923 1024
923 1046
923 1886
924 1064
924 1098
924 1288
924 1847
924 1892
925 1045
925 1525
926 1249
926 1275
926 1971
927 1433
927 1500
928 1717
928 1784
929 1313
929 1814
930 1325
930 1337
930 1630
930 1888
931 1267
931 1478
931 1675
931 1855
932 1518
932 1803
933 1141
933 1996
934 1154
934 1229
935 1109
935 1166
935 1200
935 1420
935 1504
935 1806
935 1959
936 987
936 1668
936 1873
937 962
937 1219
937 1616
937 1723
937 1917
938 1366
938 1415
938 1436
939 943
939 1243
939 1247
939 1282
939 1355
939 1788
940 1067
940 1377
940 1539
940 1715
940 1929
941 1108
941 1109
941 1262
941 1427
941 1618
941 1908
941 1929
942 1200
942 1492
942 1774
942 1935
943 1348
943 1597
943 1957
944 1166
944 1285
944 1531
944 1766
945 1000
945 1674
946 1322
946 1592
946 1891
947 1780
949 1140
949 1298
949 1407
949 1492
949 1531
949 1661
949 1968
950 1103
950 1148
950 1228
950 1357
950 1812
951 1232
951 1462
951 1511
951 1646
951 1697
952 1834
953 1025
953 1142
953 1334
953 1689
954 1137
954 1365
954 1575
955 1053
955 1257
955 1407
955 1785
956 1143
957 1388
957 1719
957 1747
957 1978
958 1337
958 1407
958 1616
958 1739
959 960
959 1102
959 1140
959 1322
959 1682
959 1708
959 1710
961 1028
961 1342
962 1992
963 1006
963 1213
963 1270
963 1422
963 1734
963 1826
964 1704
964 1798
964 1954
965 1445
965 1754
965 1788
966 1038
966 1075
966 1346
966 1352
966 1493
966 1733
967 1081
967 1126
968 1627
968 1710
968 1778
969 1468
969 1883
969 1957
970 1569
971 1864
971 1942
972 1012
972 1248
972 1535
972 1559
972 1928
974 1003
974 1209
974 1313
974 1486
975 1601
975 1626
975 1701
975 1826
975 1852
975 1976
976 1029
976 1239
976 1620
977 1179
978 1007
978 1388
979 1006
980 1092
980 1567
981 1033
981 1052
981 1372
981 1646
981 1999
983 1682
984 1487
984 1723
984 1817
984 1848
985 1483
985 1966
986 1418
986 1551
986 1590
986 1644
986 1713
987 1286
987 1372
988 1115
989 1159
989 1521
989 1655
989 1914
990 1622
991 1160
991 1210
991 1375
991 1524
991 1690
991 1707
992 1032
992 1049
992 1559
992 1731
993 1189
993 1780
993 1828
994 1348
994 1368
994 1694
994 1904
995 1697
995 1922
996 1231
996 1305
996 1339
996 1561
997 1436
997 1452
997 1716
997 1830
997 1975
998 1607
998 1946
999 1356
999 1436
999 1458
999 1590
1000 1203
1000 1772
1000 1785
1001 1393
1001 1427
1002 1489
1002 1591
1003 1269
1003 1337
1003 1463
1003 1469
1003 1513
1003 1540
1004 1006
1004 1200
1004 1246
1004 1320
1004 1785
1005 1074
1005 1958
1006 1352
1006 1543
1008 1278
1008 1302
1009 1898
1009 1957
1010 1364
1010 1809
1011 1194
1011 1577
1011 1762
1012 1978
1013 1062
1014 1067
1014 1560
1014 1974
1015 1188
1015 1574
1015 1842
1016 1183
1017 1649
1017 1737
1018 1375
1018 1551
1018 1715
1019 1302
1019 1918
1020 1116
1021 1137
1021 1437
1021 1934
1022 1597
1022 1676
1022 1713
1023 1491
1023 1702
1023 1905
1024 1526
1025 1827
1027 1322
1027 1508
1027 1769
1027 1776
1028 1619
1028 1692
1028 1893
1029 1094
1029 1126
1029 1469
1029 1765
1030 1350
1030 1371
1030 1736
1030 1971
1031 1333
1031 1518
1032 1086
1032 1725
1033 1452
1033 1791
1034 1388
1034 1510
1034 1780
1034 1843
1034 1957
1035 1642
1035 1948
1036 1130
1036 1593
1036 1833
1037 1065
1037 1104
1037 1327
1037 1455
1037 1491
1037 1742
1037 1942
1038 1066
1038 1204
1038 1223
1038 1711
1039 1540
1039 1625
1040 1716
1040 1761
1041 1185
1041 1489
1041 1751
1042 1273
1043 1335
1043 1384
1043 1423
1043 1779
1043 1800
1043 1922
1043 1969
1043 1989
1044 1141
1044 1206
1045 1119
1045 1176
1046 1630
1047 1147
1047 1772
1047 1851
1048 1639
1048 1703
1049 1054
1049 1566
1049 1570
1049 1924
1050 1054
1050 1536
1050 1789
1051 1643
1052 1052
1052 1152
1052 1752
1053 1620
1053 1847
1054 1108
1054 1136
1054 1655
1054 1700
1055 1474
1056 1119
1056 1199
1056 1322
1056 1751
1057 1116
1057 1209
1057 1273
1057 1554
1057 1571
1057 1577
1058 1324
1058 1780
1059 1061
1059 1349
1059 1805
1060 1591
1060 1654
1061 1240
1061 1297
1061 1687
1061 1717
1061 1892
1062 1133
1062 1195
1062 1234
1062 1370
1063 1255
1063 1509
1063 1591
1063 1779
1063 1918
1064 1265
1064 1646
1064 1678
1064 1810
1065 1236
1065 1241
1065 1250
1065 1594
1065 1620
1066 1132
1066 1597
1067 1168
1067 1377
1067 1470
1068 1289
1069 1400
1069 1427
1069 1732
1070 1918
1072 1212
1072 1496
1072 1702
1073 1081
1073 1278
1074 1911
1075 1091
1075 1188
1075 1358
1075 1824
1076 1450
1077 1077
1077 1457
1077 1571
1078 1455
1078 1611
1079 1167
1079 1602
1079 1734
1079 1768
1080 1097
1080 1362
1080 1617
1080 1735
1081 1225
1081 1358
1082 1702
1083 1363
1084 1173
1084 1375
1084 1482
1084 1858
1084 1995
1085 1139
1085 1895
1087 1307
1087 1350
1087 1634
1088 1719
1088 1741
1089 1109
1089 1269
1089 1535
1089 1556
1089 1743
1089 1887
1089 1904
1089 1924
1090 1610
1091 1221
1092 1473
1092 1950
1093 1439
1093 1872
1094 1303
1094 1415
1094 1462
1094 1858
1094 1871
1095 1108
1095 1264
1095 1423
1095 1489
1096 1189
1096 1419
1096 1728
1096 1754
1097 1689
1097 1805
1098 1249
1098 1532
1098 1548
1099 1433
1099 1828
1099 1994
1100 1441
1100 1615
1100 1708
1100 1870
1101 1618
1101 1655
1101 1673
1101 1684
1101 1724
1102 1367
1102 1498
1103 1302
1103 1306
1104 1687
1104 1826
1105 1398
1105 1425
1106 1254
1106 1292
1106 1732
1106 1776
1107 1526
1107 1794
1108 1266
1108 1574
1109 1354
1109 1533
1109 1962
1110 1215
1110 1314
1110 1746
1110 1892
1111 1496
1111 1752
1111 1771
1111 1969
1112 1932
1112 1986
1113 1503
1113 1731
1114 1531
1114 1623
1114 1691
1115 1836
1116 1184
1116 1221
1116 1312
1116 1350
1116 1694
1116 1768
1117 1396
1118 1457
1119 1142
1119 1504
1120 1296
1120 1438
1120 1626
1120 1975
1121 1272
1121 1695
1121 1717
1121 1845
1121 1989
1122 1700
1123 1187
1123 1345
1123 1687
1123 1821
1124 1266
1124 1299
1124 1406
1124 1768
1124 1842
1124 1926
1126 1638
1127 1180
1127 1285
1127 1812
1128 1252
1128 1614
1129 1229
1130 1873
1131 1567
1131 1639
1131 1810
1131 1966
1132 1275
1133 1641
1134 1717
1134 1750
1135 1196
1135 1627
1135 1647
1135 1747
1136 1159
1136 1294
1136 1918
1137 1683
1137 1920
1138 1631
1138 1731
1138 1740
1139 1247
1142 1826
1143 1551
1143 1619
1144 1336
1144 1914
1145 1473
1146 1210
1146 1450
1146 1627
1146 1816
1146 1922
1147 1356
1147 1601
1147 1658
1148 1560
1148 1561
1149 1159
1150 1320
1150 1430
1150 1522
1150 1933
1151 1480
1151 1609
1151 1629
1151 1822
1151 1901
1152 1233
1152 1263
1152 1976
1153 1665
1154 1160
1154 1474
1154 1732
1155 1263
1155 1647
1155 1710
1156 1385
1156 1398
1157 1321
1157 1411
1157 1715
1157 1751
1157 1909
1157 1944
1158 1262
1158 1296
1158 1610
1158 1963
1159 1249
1159 1342
1159 1813
1161 1275
1161 1473
1161 1747
1161 1761
1162 1180
1162 1354
1162 1566
1162 1788
1163 1219
1163 1981
1164 1179
1165 1270
1165 1324
1165 1711
1165 1943
1166 1318
1166 1562
1166 1928
1167 1263
1167 1315
1167 1345
1167 1373
1167 1633
1167 1748
1168 1632
1168 1983
1169 1320
1169 1349
1169 1437
1170 1501
1170 1747
1170 1867
1170 1874
1171 1718
1171 1977
1172 1516
1173 1672
1173 1934
1174 1342
1174 1795
1174 1809
1175 1254
1175 1907
1175 1979
1176 1394
1176 1644
1176 1767
1177 1313
1177 1441
1178 1543
1179 1511
1179 1562
1179 1782
1179 1892
1180 1238
1180 1588
1180 1658
1181 1786
1181 1939
1182 1457
1182 1678
1182 1960
1182 1965
1182 1987
1183 1917
1185 1380
1185 1539
1186 1737
1186 1975
1187 1296
1187 1679
1188 1294
1188 1753
1188 1831
1188 1991
1189 1329
1189 1659
1189 1831
1189 1970
1190 1279
1190 1325
1190 1643
1190 1792
1192 1197
1192 1337
1193 1702
1194 1250
1195 1246
1195 1283
1196 1488
1196 1535
1196 1642
1196 1803
1197 1337
1197 1490
1197 1621
1198 1270
1198 1737
1200 1207
1200 1314
1201 1381
1201 1670
1201 1929
1202 1609
1202 1794
1202 1937
1203 1603
1203 1698
1204 1514
1204 1612
1204 1791
1205 1243
1205 1886
1207 1425
1207 1582
1207 1805
1208 1282
1208 1929
1209 1506
1209 1713
1209 1811
1210 1415
1211 1313
1211 1354
1211 1407
1211 1508
1212 1481
1213 1494
1213 1598
1213 1707
1213 1768
1213 1908
1214 1708
1214 1777
1214 1827
1215 1244
1215 1308
1215 1517
1216 1261
1216 1348
1217 1929
1218 1308
1218 1722
1218 1724
1218 1926
1219 1226
1219 1563
1219 1623
1219 1696
1220 1249
1220 1728
1220 1972
1221 1733
1221 1932
1221 1955
1222 1813
1222 1911
1224 1308
1225 1480
1225 1574
1225 1947
1226 1475
1226 1636
1227 1313
1227 1715
1229 1544
1229 1597
1229 1700
1229 1922
1229 1923
1229 1973
1230 1652
1230 1777
1231 1482
1231 1528
1231 1646
1233 1450
1234 1289
1234 1519
1235 1237
1235 1280
1235 1465
1235 1696
1235 1967
1236 1381
1236 1675
1237 1452
1237 1763
1237 1854
1238 1678
1239 1694
1239 1815
1240 1713
1241 1682
1241 1949
1242 1543
1242 1712
1243 1364
1243 1854
1244 1397
1245 1255
1245 1556
1245 1643
1246 1406
1246 1525
1246 1733
1247 1851
1247 1911
1247 1936
1248 1381
1248 1509
1249 1385
1249 1528
1249 1850
1250 1954
1250 1983
1251 1253
1251 1538
1251 1543
1252 1486
1252 1797
1252 1939
1253 1434
1254 1415
1255 1982
1256 1327
1256 1512
1256 1927
1257 1408
1257 1459
1257 1734
1257 1987
1258 1370
1258 1374
1258 1679
1258 1684
1258 1811
1259 1815
1260 1282
1260 1922
1261 1271
1261 1415
1261 1619
1261 1864
1262 1522
1262 1571
1262 1724
1263 1347
1263 1494
1263 1596
1263 1745
1264 1743
1264 1919
1265 1724
1266 1720
1266 1844
1267 1359
1267 1434
1268 1565
1268 1844
1268 1992
1270 1601
1270 1832
1271 1410
1271 1524
1271 1531
1271 1581
1271 1603
1271 1726
1272 1358
1272 1992
1275 1325
1275 1550
1275 1563
1276 1429
1276 1765
1276 1860
1277 1387
1277 1514
1277 1549
1278 1352
1278 1467
1279 1363
1280 1522
1280 1739
1280 1947
1282 1305
1282 1476
1282 1725
1282 1869
1284 1591
1284 1663
1284 1839
1285 1288
1286 1689
1286 1988
1287 1852
1288 1608
1288 1923
1289 1698
1289 1984
1289 1992
1290 1478
1290 1552
1290 1687
1291 1423
1291 1820
1291 1905
1292 1718
1292 1794
1294 1359
1294 1614
1294 1716
1294 1807
1295 1411
1295 1484
1295 1857
1296 1672
1296 1751
1296 1943
1296 1967
1298 1407
1298 1699
1298 1993
1299 1489
1299 1732
1300 1722
1300 1773
1301 1557
1301 1583
1301 1680
1301 1943
1303 1431
1303 1501
1303 1961
1303 1977
1304 1331
1304 1604
1304 1863
1304 1915
1305 1473
1305 1497
1305 1710
1306 1814
1306 1932
1307 1536
1307 1726
1308 1902
1309 1468
1310 1474
1310 1666
1310 1990
1311 1322
1311 1499
1311 1522
1311 1882
1312 1414
1312 1498
1312 1692
1314 1451
1314 1994
1315 1781
1315 1889
1316 1572
1317 1634
1319 1986
1320 1793
1320 1911
1321 1432
1321 1618
1321 1784
1321 1906
1322 1400
1322 1530
1322 1658
1323 1767
1324 1795
1325 1393
1326 1402
1326 1924
1327 1750
1327 1811
1329 1394
1329 1467
1329 1964
1330 1535
1330 1654
1330 1804
1331 1364
1331 1780
1333 1553
1333 1803
1334 1858
1334 1898
1334 1947
1334 1975
1334 1978
1335 1386
1335 1877
1336 1345
1336 1365
1336 1387
1336 1694
1336 1860
1336 1973
1337 1618
1338 1728
1338 1854
1339 1734
1339 1741
1340 1527
1341 1725
1342 1835
1343 1443
1343 1469
1343 1958
1344 1420
1344 1664
1344 1893
1346 1418
1346 1475
1346 1578
1346 1587
1346 1713
1347 1742
1347 1979
1347 1997
1348 1468
1349 1838
1349 1895
1350 1644
1351 1426
1351 1513
1351 1677
1351 1825
1353 1683
1354 1433
1354 1439
1354 1975
1355 1778
1355 1800
1356 1524
1356 1860
1357 1361
1357 1558
1357 1718
1357 1804
1358 1490
1358 1670
1359 1670
1361 1589
1361 1598
1361 1650
1363 1410
1363 1891
1364 1869
1365 1385
1365 1776
1365 1833
1366 1951
1367 1618
1367 1903
1367 1912
1369 1577
1369 1665
1371 1782
1372 1490
1372 1730
1372 1749
1373 1639
1373 1704
1373 1820
1373 1836
1373 1901
1374 1440
1374 1589
1374 1920
1375 1405
1375 1442
1375 1727
1375 1850
1375 1924
1376 1496
1377 1433
1377 1576
1378 1505
1378 1988
1379 1399
1379 1841
1380 1459
1380 1536
1381 1890
1382 1736
1383 1407
1383 1473
1383 1478
1383 1560
1383 1862
1384 1778
1384 1806
1385 1682
1385 1841
1385 1856
1386 1565
1386 1710
1388 1423
1389 1987
1389 1996
1390 1557
1390 1878
1391 1526
1391 1758
1392 1808
1393 1661
1393 1827
1394 1639
1394 1679
1394 1846
1394 1951
1395 1711
1395 1957
1396 1845
1396 1928
1397 1727
1398 1476
1399 1620
1399 1681
1399 1835
1399 1850
1399 1943
1400 1702
1400 1868
1402 1541
1402 1629
1402 1631
1402 1984
1403 1736
1403 1758
1403 1764
1403 1767
1405 1493
1405 1675
1405 1854
1405 1877
1406 1555
1406 1716
1406 1993
1409 1719
1409 1747
1409 1908
1409 1942
1410 1597
1410 1665
1410 1687
1410 1844
1410 1903
1411 1908
1412 1900
1413 1582
1413 1616
1414 1794
1414 1816
1415 1911
1416 1779
1417 1579
1417 1770
1418 1768
1418 1875
1419 1432
1419 1548
1422 1847
1426 1593
1427 1757
1427 1803
1428 1507
1429 1452
1429 1453
1429 1867
1430 1622
1430 1789
1431 1547
1431 1981
1432 1824
1433 1707
1433 1857
1434 1653
1434 1669
1434 1909
1435 1523
1435 1620
1435 1810
1435 1962
1436 1543
1437 1727
1438 1625
1438 1672
1438 1837
1438 1882
1439 1481
1439 1803
1441 1648
1441 1683
1442 1546
1443 1500
1444 1607
1444 1692
1445 1672
1445 1751
1445 1905
1445 1994
1446 1705
1447 1669
1449 1805
1449 1815
1450 1719
1450 1747
1450 1750
1450 1859
1453 1685
1453 1705
1453 1822
1454 1515
1455 1536
1455 1911
1455 1978
1456 1469
1456 1509
1457 1758
1458 1807
1458 1863
1460 1889
1461 1469
1461 1693
1461 1726
1461 1999
1462 1563
1462 1765
1462 1909
1463 1912
1464 1518
1464 1594
1464 1704
1464 1784
1464 1827
1465 1942
1466 1933
1468 1883
1469 1485
1470 1480
1470 1494
1470 1711
1471 1542
1471 1576
1471 1703
1471 1774
1472 1558
1474 1666
1474 1904
1475 1488
1475 1601
1476 1487
1476 1797
1478 1955
1479 1492
1480 1917
1483 1572
1484 1894
1487 1561
1488 1786
1488 1891
1489 1770
1490 1652
1490 1997
1493 1969
1494 1815
1495 1742
1495 1779
1497 1577
1498 1877
1499 1570
1499 1644
1499 1835
1500 1647
1500 1825
1501 1943
1501 1989
1502 1572
1504 1672
1505 1580
1506 1828
1506 1943
1507 1535
1508 1637
1508 1714
1508 1770
1511 1986
1512 1521
1512 1663
1514 1831
1516 1517
1516 1820
1516 1970
1517 1913
1518 1771
1519 1524
1519 1685
1519 1723
1522 1694
1523 1756
1523 1825
1523 1915
1523 1985
1524 1888
1524 1896
1525 1542
1525 1807
1526 1824
1527 1751
1528 1596
1528 1708
1528 1813
1529 1900
1530 1611
1530 1740
1532 1580
1532 1614
1533 1566
1533 1624
1535 1836
1535 1844
1535 1997
1537 1814
1539 1993
1539 1999
1540 1696
1541 1715
1542 1919
1544 1955
1545 1811
1545 1970
1546 1682
1546 1786
1547 1568
1547 1605
1547 1737
1547 1777
1547 1843
1547 1879
1548 1650
1548 1675
1548 1679
1548 1844
1548 1862
1548 1934
1549 1598
1549 1835
1549 1914
1550 1662
1550 1951
1551 1774
1553 1867
1553 1886
1554 1695
1554 1828
1556 1826
1557 1611
1557 1817
1560 1637
1560 1778
1561 1849
1561 1900
1561 1952
1563 1764
1564 1727
1564 1865
1565 1596
1567 1725
1568 1980
1570 1664
1570 1952
1570 1961
1571 1593
1571 1627
1571 1955
1573 1697
1573 1739
1574 1847
1576 1603
1577 1851
1577 1977
1578 1721
1578 1972
1579 1581
1579 1858
1579 1865
1579 1970
1580 1902
1581 1881
1582 1783
1583 1645
1583 1795
1585 1684
1585 1773
1585 1811
1585 1878
1586 1767
1586 1969
1588 1638
1588 1872
1588 1923
1589 1608
1589 1929
1590 1697
1591 1858
1593 1847
1596 1736
1596 1959
1597 1632
1597 1653
1597 1713
1599 1688
1600 1900
1602 1725
1602 1982
1603 1714
1603 1743
1603 1794
1603 1805
1603 1877
1604 1726
1604 1730
1605 1760
1606 1607
1607 1736
1607 1975
1610 1918
1612 1909
1612 1974
1616 1722
1616 1772
1618 1686
1619 1882
1620 1661
1620 1939
1623 1933
1624 1772
1625 1811
1625 1942
1625 1944
1626 1819
1626 1958
1628 1855
1629 1970
1629 1999
1630 1930
1631 1643
1631 1677
1631 1905
1632 1844
1633 1650
1634 1765
1634 1814
1635 1755
1635 1792
1635 1913
1636 1677
1637 1828
1637 1992
1637 1993
1639 1706
1640 1958
1640 1960
1644 1746
1645 1844
1646 1740
1647 1997
1648 1939
1650 1799
1650 1809
1650 1937
1651 1806
1652 1774
1652 1830
1655 1845
1655 1873
1655 1876
1657 1818
1657 1954
1658 1662
1658 1902
1659 1862
1660 1693
1660 1792
1660 1886
1661 1984
1662 1709
1662 1710
1662 1810
1663 1680
1664 1721
1664 1732
1664 1867
1667 1689
1668 1905
1668 1910
1671 1797
1672 1843
1672 1984
1673 1852
1674 1813
1676 1721
1677 1906
1678 1763
1681 1902
1682 1781
1683 1754
1685 1884
1687 1711
1688 1853
1688 1871
1689 1801
1692 1823
1692 1876
1693 1860
1693 1875
1693 1947
1697 1897
1697 1941
1700 1756
1703 1753
1703 1959
1704 1802
1705 1896
1705 1982
1712 1841
1713 1867
1715 1794
1716 1818
1717 1985
1718 1856
1718 1896
1720 1780
1721 1790
1721 1856
1722 1745
1725 1989
1727 1742
1729 1926
1729 1964
1731 1857
1734 1938
1735 1981
1737 1926
1738 1792
1738 1799
1738 1987
1739 1828
1740 1815
1741 1808
1743 1903
1744 1934
1745 1844
1745 1950
1748 1823
1750 1798
1750 1879
1751 1911
1752 1899
1753 1798
1757 1872
1757 1915
1757 1986
1758 1835
1761 1796
1763 1901
1764 1765
1764 1876
1765 1991
1771 1778
1771 1939
1772 1850
1775 1972
1779 1820
1779 1896
1780 1941
1781 1993
1782 1997
1783 1888
1788 1804
1791 1799
1794 1801
1795 1828
1795 1912
1797 1909
1799 1908
1800 1874
1801 1816
1801 1832
1803 1995
1808 1815
1809 1933
1809 1998
1816 1933
1816 1969
1817 1937
1818 1892
1819 1953
1823 1862
1824 1980
1826 1843
1827 1988
1829 1835
1833 1896
1838 1876
1839 1904
1841 1957
1842 1895
1844 1904
1846 1861
1846 1881
1846 1929
1846 1954
1848 1889
1855 1984
1858 1882
1858 1900
1861 1951
1863 1976
1866 1906
1866 1963
1871 1873
1877 1928
1878 1928
1878 1996
1884 1965
1892 1955
1897 1909
1899 1943
1906 1916
1906 1942
1910 1990
1917 1938
1927 1957
1928 1993
1928 1996
1932 1952
1935 1986
1938 1950
1941 1960
1943 1997
1948 1970
1959 1999
1966 1987
