2000
0 58
0 63
0 693
0 1029
0 1235
0 1970
1 4
1 116
1 423
1 1131
1 1472
2 122
2 272
2 320
2 656
2 807
2 1143
2 1204
2 1961
3 1129
3 1448
3 1760
3 1863
3 1875
4 305
4 308
4 407
4 500
4 1112
4 1168
4 1183
4 1601
4 1653
4 1699
4 1768
4 1884
5 53
5 220
5 583
5 748
5 1269
5 1570
5 1714
5 1772
6 74
6 390
6 422
6 581
6 626
6 1201
6 1282
6 1336
6 1585
7 190
7 412
7 568
7 641
7 804
7 995
7 1046
7 1590
7 1795
7 1849
8 58
8 329
8 487
8 715
8 823
8 1321
8 1510
8 1805
8 1826
8 1869
9 138
9 533
9 880
9 1021
9 1076
9 1894
9 1983
10 54
10 147
10 262
10 307
10 348
10 459
10 585
10 652
10 677
10 1251
10 1669
11 262
11 350
11 546
11 649
11 902
11 937
11 1024
11 1320
11 1581
11 1596
11 1751
11 1820
11 1969
12 953
12 970
12 1111
12 1165
12 1309
12 1839
13 314
13 345
13 607
13 974
13 1099
13 1252
13 1268
13 1520
13 1985
14 1118
14 1750
14 1887
14 1991
15 32
15 412
15 1023
15 1231
15 1252
16 539
16 820
16 1031
16 1221
16 1332
16 1893
16 1904
17 268
17 282
17 574
17 583
17 777
17 827
17 864
17 1035
17 1089
17 1099
17 1280
17 1799
18 151
18 433
18 585
18 924
18 1563
18 1671
18 1843
19 355
19 374
19 1436
19 1519
19 1724
19 1947
20 69
20 115
20 440
20 959
20 1670
20 1921
21 112
21 127
21 1294
21 1950
22 447
22 559
22 578
22 664
22 949
22 1510
22 1727
22 1868
23 38
23 518
23 967
23 1056
23 1414
23 1665
23 1721
24 178
24 180
24 191
24 251
24 783
24 825
24 879
24 959
24 1030
24 1140
24 1570
25 289
25 600
25 752
25 903
25 948
25 1028
25 1423
25 1913
26 363
26 911
26 938
26 1143
26 1338
27 344
27 633
27 816
27 840
27 882
27 1065
27 1272
27 1429
27 1856
28 90
28 111
28 116
28 474
28 761
28 1208
28 1971
29 57
29 153
29 257
29 356
29 605
29 861
29 1185
29 1262
29 1428
29 1435
30 291
30 433
30 440
30 453
30 516
30 571
30 1216
30 1246
30 1589
30 1621
30 1779
30 1841
31 181
31 182
31 315
31 622
31 680
31 771
31 1538
31 1856
32 45
32 100
32 1110
32 1666
32 1954
33 273
33 349
33 386
33 493
33 520
33 582
33 869
33 1173
33 1271
33 1292
33 1503
34 363
34 840
34 936
34 1344
35 63
35 343
35 404
35 595
35 605
35 764
35 937
35 1080
35 1113
35 1402
35 1499
35 1723
35 1756
35 1872
35 1976
36 148
36 369
36 461
36 602
36 929
36 1045
36 1063
36 1313
36 1364
36 1609
37 106
37 226
37 399
37 993
37 1218
37 1296
37 1880
38 181
38 278
38 657
38 1029
38 1542
38 1641
38 1819
38 1873
39 126
39 154
39 253
39 677
39 865
39 1050
39 1257
39 1316
39 1439
39 1832
40 199
40 340
40 485
40 752
40 986
41 318
41 351
41 435
41 502
41 612
41 810
41 1032
41 1384
41 1423
41 1521
41 1680
41 1892
41 1900
42 326
42 350
42 468
42 516
42 908
42 1159
42 1431
42 1477
43 978
43 1554
43 1707
43 1892
44 83
44 949
44 1016
44 1021
44 1602
44 1645
44 1703
44 1956
45 226
45 276
45 897
45 1034
45 1054
45 1856
45 1974
46 646
46 891
46 979
46 1023
46 1211
46 1400
46 1460
46 1497
46 1871
47 187
47 260
47 669
47 694
47 852
47 940
47 991
47 1493
47 1668
47 1812
47 1844
48 252
48 330
48 444
48 628
48 707
48 779
48 828
48 935
48 1128
48 1171
48 1359
48 1411
48 1602
48 1874
49 198
49 306
49 432
49 485
49 688
49 1136
49 1444
49 1584
50 115
50 779
50 1091
50 1125
50 1177
50 1215
50 1281
50 1334
50 1525
50 1750
50 1763
50 1826
51 223
51 620
51 832
51 977
51 1477
51 1877
52 487
52 582
52 729
52 1078
52 1939
53 247
53 527
53 548
53 577
53 640
53 829
53 913
53 1081
53 1101
53 1226
53 1622
53 1920
54 301
54 312
54 382
54 1081
54 1229
54 1259
54 1445
55 171
55 340
55 887
55 1094
55 1214
55 1283
55 1934
56 650
56 1185
56 1600
56 1936
57 77
57 510
57 780
57 804
57 812
57 969
57 1123
57 1777
57 1910
58 246
58 337
58 395
58 409
58 543
58 1083
59 240
59 403
59 496
59 604
59 772
59 784
59 796
59 1586
59 1629
59 1742
60 382
60 510
60 798
60 929
60 981
60 1170
60 1257
60 1826
60 1890
61 757
61 1045
61 1737
61 1867
61 1943
62 92
62 254
62 306
62 467
62 589
62 638
62 680
62 1464
62 1657
62 1864
63 406
63 903
63 937
63 1204
63 1221
63 1280
63 1294
63 1852
64 270
64 439
64 461
64 533
64 579
64 1236
64 1420
64 1723
64 1742
65 359
65 562
65 712
65 765
65 883
65 1073
65 1650
65 1729
65 1750
65 1852
65 1963
66 104
66 152
66 189
66 237
66 675
66 989
66 1157
66 1774
67 256
67 291
67 432
67 1205
67 1342
67 1388
67 1623
67 1981
68 378
68 688
68 931
68 1222
68 1302
68 1311
68 1689
69 418
69 1067
69 1246
69 1489
69 1708
69 1742
69 1852
70 755
70 1409
70 1948
71 141
71 181
71 862
71 1054
71 1242
71 1386
71 1435
71 1547
71 1563
71 1958
72 194
72 407
72 667
72 753
72 785
72 895
72 981
72 1609
72 1863
73 558
73 736
73 803
73 1572
73 1698
73 1798
73 1868
74 357
74 412
74 612
74 932
74 1017
74 1080
74 1364
74 1879
74 1907
75 379
75 441
75 966
75 1002
75 1126
75 1195
75 1418
76 640
76 902
76 1095
76 1286
77 424
77 1460
77 1644
77 1788
77 1803
78 360
78 565
78 1251
78 1365
78 1703
78 1843
79 223
79 358
79 413
79 555
79 1521
79 1630
79 1659
79 1783
79 1873
80 184
80 193
80 217
80 272
80 501
80 615
80 1171
80 1179
80 1252
80 1567
80 1615
81 201
81 711
81 1045
81 1059
81 1228
81 1253
81 1426
81 1427
81 1584
82 123
82 341
82 590
82 606
82 607
82 685
82 727
82 766
82 1005
82 1256
82 1666
82 1857
82 1935
83 380
83 853
83 992
83 1026
83 1995
84 569
84 641
84 1054
85 147
85 850
85 1050
85 1541
85 1636
86 120
86 195
86 658
86 724
86 757
86 780
86 866
86 871
86 912
86 1026
86 1093
86 1154
86 1217
86 1497
87 469
87 629
87 636
87 1270
87 1487
87 1594
87 1624
87 1646
87 1827
87 1862
88 350
88 1146
88 1220
88 1887
88 1899
89 284
89 757
89 840
89 869
89 961
89 1652
90 275
90 351
90 365
90 385
90 391
90 555
90 1029
90 1097
90 1306
90 1346
90 1426
90 1663
90 1753
90 1865
91 143
91 168
91 347
91 355
91 605
91 747
91 974
91 1105
91 1324
91 1374
91 1435
91 1454
91 1559
91 1741
91 1797
92 235
92 399
92 631
92 962
92 1289
93 880
93 997
93 1170
93 1209
93 1312
93 1476
94 136
94 339
94 728
94 1109
94 1145
94 1153
94 1583
94 1622
95 267
95 347
95 546
95 573
95 667
95 1432
95 1436
95 1557
95 1876
95 1898
95 1965
96 108
96 774
96 1163
96 1439
97 402
97 570
97 687
97 1201
97 1232
97 1272
97 1304
97 1343
97 1711
97 1916
97 1939
98 99
98 156
98 173
98 524
98 1069
98 1362
99 737
99 900
99 1280
99 1464
99 1640
99 1667
99 1700
99 1716
99 1920
99 1946
100 350
100 795
100 833
100 846
100 918
100 1087
100 1282
100 1355
100 1765
100 1829
101 501
101 743
101 897
101 1053
101 1199
101 1431
101 1432
101 1449
101 1632
101 1778
101 1817
101 1969
102 152
102 210
102 562
102 680
102 1250
102 1646
102 1715
103 139
103 500
103 510
103 717
103 1052
103 1417
103 1427
103 1603
103 1787
104 732
104 870
104 1074
104 1088
104 1199
104 1530
105 208
105 510
105 550
105 947
105 1196
105 1314
105 1543
105 1945
106 395
106 472
106 543
106 874
106 1105
106 1424
106 1481
107 217
107 266
107 943
107 1258
107 1475
107 1581
107 1593
107 1671
107 1819
108 562
108 570
108 654
108 687
108 839
108 1290
108 1460
108 1501
108 1774
109 480
109 959
109 1227
109 1324
109 1479
109 1842
110 281
110 456
110 885
110 985
110 1373
110 1595
110 1712
111 121
111 302
111 516
111 580
111 1337
111 1853
111 1926
111 1962
111 1999
112 380
112 430
112 1544
113 194
113 484
113 662
113 868
113 1151
113 1246
113 1705
114 559
114 823
114 1117
115 224
115 567
115 619
115 1032
115 1040
115 1061
115 1929
115 1998
116 126
116 425
116 465
116 724
116 824
116 844
116 1171
116 1726
116 1954
117 321
117 371
117 464
117 501
117 511
117 679
117 913
117 1032
117 1221
117 1284
117 1402
117 1552
117 1723
117 1741
117 1883
117 1981
118 171
118 191
118 661
118 762
118 1214
118 1391
118 1603
118 1637
118 1849
119 188
119 191
119 346
119 382
119 570
119 730
119 735
119 1087
119 1147
119 1209
119 1291
119 1604
119 1674
120 170
120 179
120 295
120 889
120 1027
120 1662
120 1745
121 140
121 463
121 489
121 677
121 1071
122 372
122 472
122 1434
122 1680
122 1710
123 306
123 443
123 520
123 744
123 1283
123 1359
124 125
124 413
124 509
124 693
124 715
124 956
124 1003
124 1220
124 1632
124 1858
125 258
125 804
125 1578
125 1669
125 1957
126 1168
126 1930
127 469
127 767
127 934
127 1204
128 402
128 437
128 536
128 622
128 690
128 987
128 1119
128 1197
128 1306
129 160
129 278
129 901
129 1509
130 825
130 996
130 1083
130 1240
130 1326
130 1371
130 1384
130 1391
130 1552
130 1690
130 1923
131 188
131 796
131 866
131 923
131 949
131 1348
131 1438
131 1725
131 1750
132 271
132 603
132 692
132 825
132 907
132 1430
132 1518
132 1699
132 1707
132 1922
133 420
133 432
133 497
133 640
133 1061
133 1069
133 1621
133 1850
134 424
134 680
134 760
134 764
134 859
134 1604
134 1768
135 220
135 267
135 1000
135 1287
135 1431
135 1477
136 598
136 759
136 1208
136 1380
136 1435
136 1547
136 1663
137 673
137 1072
137 1128
137 1252
137 1439
137 1527
137 1548
137 1842
138 204
138 419
138 889
138 1543
138 1560
138 1626
138 1648
138 1737
138 1766
139 194
139 241
139 598
139 891
139 954
139 1175
139 1228
139 1489
140 439
140 628
140 754
140 965
140 1041
140 1277
140 1338
140 1824
140 1901
140 1992
141 455
141 493
141 721
141 951
141 1143
141 1269
141 1302
141 1335
141 1341
141 1546
141 1559
141 1844
141 1977
142 325
142 1003
142 1479
142 1635
143 276
143 650
143 797
143 1358
143 1392
144 562
144 642
144 748
145 255
145 743
145 1297
145 1737
146 761
146 827
146 927
146 1695
146 1874
146 1878
146 1947
147 288
147 294
147 708
147 784
147 1008
147 1351
147 1367
147 1428
147 1478
147 1556
147 1684
147 1694
147 1764
147 1874
148 177
148 284
148 303
148 1487
148 1629
148 1695
148 1807
148 1944
149 247
149 534
149 1267
149 1660
149 1669
149 1969
150 385
150 633
150 1098
151 473
151 483
151 1360
151 1685
151 1981
151 1984
152 223
152 537
152 645
152 913
152 1004
152 1185
152 1362
153 654
153 1676
153 1815
153 1819
154 1197
154 1667
155 178
155 306
155 395
155 599
155 655
155 681
155 1169
155 1509
155 1547
155 1651
155 1921
156 337
156 343
156 670
156 807
156 836
156 1103
156 1590
156 1936
157 831
157 917
157 1182
157 1270
158 383
158 688
158 737
158 848
158 980
158 1195
158 1385
158 1397
159 223
159 684
159 837
159 1104
159 1754
159 1801
159 1832
160 221
160 483
160 833
160 1184
160 1229
161 689
161 715
161 859
161 971
161 1033
161 1089
161 1236
161 1386
161 1405
161 1551
162 209
162 248
162 283
162 569
162 627
162 870
162 1001
162 1056
162 1164
162 1212
162 1512
162 1573
163 751
163 1044
163 1433
163 1466
163 1521
163 1641
163 1742
163 1826
164 324
164 602
164 1044
164 1229
164 1429
164 1476
164 1595
164 1801
164 1974
165 592
165 832
165 934
165 1252
165 1613
165 1728
165 1814
166 258
166 523
166 983
166 994
166 1357
167 172
167 272
167 593
167 876
167 1190
167 1267
167 1478
168 305
168 391
168 396
168 688
168 913
168 917
168 1132
168 1419
169 253
169 433
169 609
169 622
169 1427
169 1913
169 1972
170 498
170 649
170 842
170 898
170 1041
170 1181
170 1475
170 1512
170 1712
171 277
171 338
171 610
171 750
171 999
171 1004
171 1091
171 1370
171 1662
171 1755
171 1911
172 300
172 900
172 987
172 1145
172 1237
172 1390
172 1549
172 1590
172 1890
172 1992
173 475
173 772
173 911
173 1501
174 782
174 815
174 961
174 1374
174 1463
174 1765
175 422
175 707
175 756
175 796
175 918
175 1135
175 1436
175 1954
176 202
176 250
176 1154
176 1439
176 1504
176 1910
177 177
177 192
177 315
177 432
177 850
177 1133
177 1400
177 1790
178 238
178 260
178 540
179 546
179 596
179 706
179 862
179 1146
179 1272
179 1402
179 1517
180 260
180 436
180 517
180 617
180 763
180 978
180 1004
180 1097
180 1322
180 1414
180 1532
180 1546
180 1556
180 1971
181 213
181 768
181 1126
181 1314
181 1404
181 1633
181 1677
181 1711
182 527
182 790
182 800
182 1017
182 1990
183 222
183 502
183 747
183 994
183 1130
183 1325
183 1358
183 1579
183 1609
183 1655
183 1658
184 304
184 809
184 813
184 1138
184 1306
184 1657
184 1738
184 1838
184 1842
184 1994
185 541
185 974
185 995
185 1244
185 1594
185 1603
185 1633
186 669
186 854
186 1246
186 1347
186 1817
186 1988
187 920
187 1174
187 1305
187 1582
187 1604
187 1820
187 1900
188 209
188 436
188 892
188 972
188 1151
188 1201
188 1322
189 198
189 416
189 511
189 682
189 738
189 774
189 824
189 912
189 1023
189 1125
189 1939
190 750
190 962
190 1115
190 1428
190 1467
190 1560
190 1573
190 1662
191 764
191 842
191 1058
191 1110
191 1644
191 1714
191 1722
191 1951
191 1971
192 362
192 423
192 483
192 822
192 864
192 958
192 1007
192 1095
192 1209
192 1521
192 1797
192 1809
193 403
193 547
193 693
193 758
193 920
193 1433
193 1758
193 1927
194 845
194 1041
194 1276
194 1656
194 1670
194 1973
195 678
195 891
195 1083
195 1158
195 1330
195 1647
196 244
196 396
196 889
196 1325
196 1867
197 380
197 470
197 490
197 552
197 1022
197 1245
197 1248
197 1333
197 1725
197 1787
198 357
198 366
198 401
198 1060
198 1121
198 1143
198 1376
198 1543
198 1586
198 1587
199 464
199 547
199 685
199 711
199 755
199 1054
199 1619
199 1666
199 1710
200 627
200 793
200 1095
200 1182
200 1210
200 1256
200 1441
201 403
201 472
201 768
201 1008
201 1769
202 603
202 656
202 748
202 1846
202 1884
203 926
203 960
203 1255
203 1396
203 1412
203 1504
203 1560
203 1937
204 577
204 1080
204 1277
204 1348
204 1590
204 1724
204 1743
205 351
205 474
205 683
205 927
205 1083
205 1093
205 1489
205 1866
205 1981
206 348
206 534
206 679
206 1140
206 1236
206 1575
206 1840
207 390
207 459
207 513
207 723
207 1408
208 260
208 578
208 722
208 842
208 1016
208 1179
208 1211
208 1352
208 1497
208 1852
209 430
209 495
209 754
209 766
209 836
209 1103
209 1619
209 1943
209 1955
210 613
210 651
210 842
210 882
210 1831
211 513
211 556
211 594
211 856
211 1087
211 1446
212 386
212 686
212 823
212 1244
212 1274
212 1414
212 1513
212 1986
213 230
213 248
213 273
213 357
213 585
213 1125
213 1402
214 569
214 635
214 1220
214 1717
215 496
215 604
215 616
215 887
215 962
215 1296
215 1515
215 1534
215 1553
215 1586
215 1691
215 1766
215 1815
215 1933
216 442
216 719
216 740
216 758
216 795
216 869
216 1660
216 1762
217 491
217 611
217 766
217 785
217 923
217 1041
217 1351
217 1480
217 1504
217 1816
218 305
218 620
218 1319
218 1548
218 1879
219 230
219 403
219 570
219 1235
219 1483
219 1995
220 557
220 722
220 1132
220 1228
220 1442
220 1641
220 1737
221 317
221 1087
221 1395
221 1430
221 1498
221 1560
221 1753
221 1953
222 590
222 739
222 796
222 930
222 1164
222 1329
222 1530
223 562
223 598
223 629
223 732
223 1331
223 1349
223 1418
223 1504
223 1961
224 686
224 707
224 709
224 1000
224 1038
224 1065
224 1196
224 1464
224 1516
224 1639
224 1922
225 302
225 417
225 1394
225 1669
225 1744
225 1956
226 515
226 672
226 760
226 922
226 1464
226 1522
226 1544
226 1831
227 379
227 858
227 908
227 1034
227 1202
227 1495
227 1648
227 1692
227 1805
228 369
228 1036
228 1053
228 1712
228 1799
228 1963
229 658
229 825
229 859
229 917
229 1076
229 1085
229 1492
229 1602
230 231
230 264
230 355
230 478
230 563
230 610
230 1255
230 1432
230 1450
230 1536
230 1659
231 301
231 307
231 1090
231 1694
231 1877
231 1955
232 398
232 517
232 588
232 598
232 628
232 784
232 1221
233 244
233 397
233 473
233 807
233 1308
233 1578
233 1589
233 1714
233 1822
234 512
234 553
234 615
234 906
234 976
234 1015
234 1285
234 1318
234 1956
235 262
235 313
235 361
235 495
235 553
235 631
235 725
235 834
235 1317
235 1443
235 1476
235 1810
235 1883
235 1910
236 377
236 437
236 590
236 775
236 786
236 867
236 1437
237 583
238 732
238 812
238 819
238 1258
238 1488
238 1628
238 1872
238 1893
239 441
239 515
239 545
239 798
239 905
239 1376
239 1410
239 1683
240 408
240 731
240 1035
240 1146
240 1209
240 1224
240 1254
240 1533
240 1580
240 1695
241 1311
241 1332
241 1761
241 1942
242 423
242 670
242 819
242 881
242 1240
242 1418
242 1595
242 1797
243 351
243 414
243 428
243 431
243 733
243 785
243 1123
243 1457
243 1691
243 1696
243 1744
244 250
244 298
244 1148
244 1178
244 1207
244 1790
244 1883
245 492
245 967
245 1314
245 1389
245 1477
245 1573
245 1598
245 1621
245 1765
245 1799
245 1919
246 254
246 394
246 879
246 1373
246 1395
246 1431
246 1520
246 1580
246 1806
246 1825
247 295
247 336
247 430
247 733
247 735
247 954
247 1787
247 1955
248 386
248 459
248 641
248 723
248 801
248 993
248 1088
248 1334
248 1543
249 414
249 510
249 742
249 1112
249 1444
249 1522
250 293
250 385
250 921
250 1033
251 255
251 1182
251 1267
251 1290
251 1304
251 1390
251 1405
251 1744
252 283
252 323
252 405
252 407
252 693
252 732
252 777
252 1225
252 1539
252 1772
252 1820
253 650
253 728
253 967
253 1094
253 1141
253 1181
253 1499
253 1657
253 1958
254 562
254 633
254 732
254 926
254 929
254 1072
254 1763
255 778
255 997
255 1105
255 1332
255 1425
255 1899
255 1960
256 872
256 997
256 1284
257 437
257 461
257 513
257 690
257 904
257 1202
257 1278
257 1363
257 1429
257 1503
257 1743
258 406
258 753
258 1164
258 1420
258 1639
258 1646
258 1820
259 290
259 301
259 437
259 452
259 771
259 1016
259 1085
259 1324
259 1495
260 544
260 1053
260 1081
260 1538
260 1622
260 1643
260 1784
260 1898
261 368
261 547
261 612
261 818
261 1215
261 1216
261 1737
261 1983
262 266
262 579
262 667
262 831
262 865
262 886
262 1002
262 1597
262 1642
262 1991
263 327
263 727
263 743
263 754
263 888
263 1269
263 1488
263 1741
263 1778
263 1820
263 1843
263 1913
264 863
264 1083
264 1096
264 1252
264 1321
264 1554
264 1642
264 1747
264 1928
265 445
265 509
265 922
265 995
265 1106
265 1659
265 1732
265 1966
266 840
266 1014
266 1062
266 1503
266 1552
266 1809
267 312
267 529
267 541
267 630
267 902
267 958
267 1515
267 1914
267 1936
267 1984
268 305
268 313
268 580
268 605
268 835
268 1035
268 1552
268 1575
269 387
269 444
269 620
269 834
269 1001
269 1018
269 1038
269 1044
269 1064
269 1107
269 1119
269 1350
269 1653
269 1901
269 1944
270 638
270 955
270 1407
270 1734
270 1747
270 1773
270 1801
270 1809
270 1912
271 276
271 480
271 717
271 1579
271 1708
271 1923
272 606
272 979
272 1381
272 1468
272 1943
273 356
273 358
273 469
273 587
273 683
273 860
273 1223
273 1536
273 1687
274 357
274 394
274 548
274 790
274 1460
274 1487
274 1765
274 1805
275 653
275 1022
275 1959
276 822
276 979
276 1031
276 1271
276 1707
276 1721
276 1739
277 520
277 659
277 1084
277 1142
277 1268
277 1420
277 1468
277 1817
277 1971
278 290
278 407
278 535
278 803
278 975
278 1614
278 1625
278 1688
278 1726
278 1885
279 456
279 567
279 898
279 1086
279 1427
279 1588
279 1730
279 1822
279 1829
280 343
280 515
280 1010
280 1043
280 1168
280 1273
280 1550
280 1659
280 1737
281 354
281 469
281 794
281 960
281 1112
281 1189
281 1359
281 1371
281 1579
281 1935
282 342
282 482
282 733
282 734
282 1179
282 1243
282 1278
282 1594
282 1652
282 1857
283 307
283 345
283 384
283 458
283 655
283 1125
283 1311
283 1811
283 1826
284 949
284 1091
284 1424
284 1639
285 287
285 293
285 297
285 690
285 730
285 798
285 1106
285 1641
286 473
286 983
286 1653
287 312
287 358
287 611
287 935
287 1047
287 1258
287 1269
287 1438
287 1441
287 1554
287 1672
288 729
288 854
288 1109
288 1165
288 1268
288 1373
288 1409
289 433
289 534
289 792
289 972
289 1414
289 1448
289 1612
289 1655
289 1666
289 1836
289 1884
289 1886
290 299
290 517
290 694
290 742
290 846
290 969
290 1037
290 1118
290 1227
290 1463
290 1946
291 381
291 444
291 505
291 588
291 839
291 1159
291 1195
291 1338
291 1582
292 765
292 841
292 996
292 1049
292 1466
292 1479
292 1807
292 1919
293 316
293 412
293 460
293 583
293 1509
293 1742
293 1751
293 1839
293 1962
294 346
294 614
294 788
294 929
294 1095
294 1328
294 1465
294 1621
294 1807
295 304
295 364
295 396
295 524
295 903
295 1164
295 1352
296 1096
296 1213
296 1529
296 1641
296 1902
297 325
297 396
297 685
297 930
297 1449
298 361
298 665
298 711
298 725
298 972
298 1352
298 1358
298 1605
298 1678
298 1912
299 523
299 1019
299 1362
299 1601
299 1614
300 571
300 725
300 1114
300 1311
300 1495
300 1528
300 1913
301 1054
301 1273
301 1434
301 1467
301 1483
301 1566
301 1979
302 546
302 795
302 895
302 1072
302 1899
302 1972
303 521
303 979
303 1334
303 1472
303 1540
303 1660
305 729
305 965
305 1012
305 1168
305 1430
305 1771
305 1842
305 1850
305 1871
306 374
306 437
306 663
306 755
306 791
306 1244
306 1365
306 1388
306 1674
307 690
307 930
307 1036
307 1183
307 1208
307 1296
307 1348
307 1713
307 1744
307 1948
308 500
308 550
308 971
308 1143
308 1170
308 1308
308 1356
308 1586
309 545
309 682
309 835
309 874
309 1173
309 1336
309 1426
310 468
310 503
310 621
310 763
310 1096
310 1486
311 562
311 618
311 1338
311 1374
311 1482
311 1850
311 1889
312 384
312 460
312 544
312 646
312 1054
312 1071
312 1619
312 1883
312 1945
313 446
313 813
313 1048
313 1378
314 362
314 564
314 1183
314 1692
314 1821
315 693
315 731
315 751
315 993
315 1082
315 1088
315 1381
316 498
316 534
316 695
316 1031
316 1107
316 1165
316 1194
316 1584
316 1772
316 1838
316 1911
317 472
317 553
317 769
317 1119
317 1198
317 1574
318 648
318 1220
318 1343
318 1782
318 1826
318 1975
319 350
319 859
319 1197
319 1283
320 1266
320 1654
321 441
321 755
321 774
321 818
321 1087
321 1302
321 1368
321 1672
321 1691
321 1830
321 1866
321 1940
322 735
322 1363
322 1385
322 1659
322 1790
322 1855
323 337
323 693
323 961
323 1399
323 1576
323 1627
323 1748
323 1788
324 605
324 629
324 786
324 1033
324 1596
325 463
325 1033
325 1262
325 1465
325 1505
325 1704
325 1738
325 1775
325 1966
326 361
326 551
326 730
326 1124
326 1194
326 1871
327 561
327 762
327 767
327 790
327 1196
327 1287
327 1309
327 1330
327 1339
327 1403
327 1554
327 1960
328 913
328 1058
328 1669
329 358
329 812
329 1615
329 1787
330 387
330 448
330 492
330 615
330 934
330 990
330 1167
330 1407
330 1727
330 1845
330 1926
330 1994
331 365
331 771
331 895
331 1216
331 1862
332 332
332 584
332 910
332 1087
332 1224
332 1348
332 1871
332 1994
333 779
333 1201
333 1246
333 1296
333 1976
334 373
334 1121
334 1413
334 1661
334 1777
334 1870
334 1982
334 1985
335 419
335 1112
335 1425
335 1549
335 1582
335 1894
335 1940
335 1999
336 395
336 468
336 628
336 1156
336 1309
336 1358
336 1450
336 1605
337 675
337 919
337 1069
337 1081
337 1273
337 1333
337 1399
337 1549
337 1950
338 508
338 855
338 1012
338 1133
338 1135
338 1581
338 1687
338 1844
339 516
339 729
339 861
339 939
339 1095
339 1166
339 1404
339 1500
339 1728
339 1900
339 1962
340 567
340 573
340 1388
340 1936
341 471
341 566
341 680
341 1875
342 393
342 586
342 682
342 1166
342 1199
342 1284
342 1403
342 1642
342 1863
342 1908
343 942
343 1374
343 1631
343 1883
344 496
344 1244
344 1727
344 1782
344 1896
345 633
345 928
345 992
345 1016
345 1508
346 836
346 1050
346 1146
346 1823
347 459
347 644
347 744
347 764
347 909
347 950
347 1000
347 1478
347 1986
348 417
348 820
348 1261
348 1875
348 1949
349 518
349 1029
349 1049
349 1082
349 1440
349 1479
349 1493
349 1654
349 1878
349 1880
350 567
350 795
350 1104
350 1430
350 1917
350 1976
351 625
351 1269
351 1540
351 1655
351 1722
351 1944
352 785
352 902
352 1025
352 1102
352 1314
352 1370
352 1389
352 1525
352 1570
352 1640
352 1782
353 492
353 642
353 839
353 981
353 1120
353 1477
353 1893
354 597
354 748
354 1001
354 1224
354 1315
354 1338
354 1591
354 1888
354 1977
355 689
355 1218
355 1469
355 1521
355 1576
355 1903
356 414
356 522
356 660
356 718
356 744
356 932
356 1326
356 1443
356 1497
356 1703
356 1959
357 947
357 1318
358 852
358 985
358 996
358 1307
358 1391
358 1404
358 1419
358 1422
358 1788
359 631
359 731
359 737
359 806
359 808
359 970
359 1069
359 1284
359 1532
359 1667
360 583
360 771
360 1124
360 1821
360 1853
361 846
361 1210
361 1929
362 659
362 862
362 919
362 938
362 996
362 1101
362 1151
362 1393
363 560
363 989
363 1022
363 1046
363 1263
363 1349
363 1927
364 838
364 1135
364 1170
364 1810
365 377
365 578
365 640
365 902
365 1228
365 1588
366 486
366 559
366 1071
366 1548
367 428
367 592
367 899
367 967
367 1817
368 508
368 574
368 736
368 799
368 949
368 1178
368 1347
368 1816
368 1817
368 1978
369 841
369 1082
369 1202
369 1586
370 443
370 508
370 661
370 662
370 727
370 764
370 837
370 1007
370 1018
370 1078
370 1308
370 1554
370 1902
371 495
371 504
371 689
371 884
371 930
371 1230
371 1260
371 1333
371 1355
372 394
372 570
372 630
372 746
372 775
372 859
372 949
372 1024
372 1737
372 1790
372 1906
373 496
373 684
373 697
373 912
373 921
373 1768
374 910
374 969
374 974
374 981
374 1535
374 1743
375 677
375 700
375 858
376 646
376 815
376 910
376 1026
376 1249
376 1454
376 1620
376 1672
376 1787
376 1805
376 1970
377 1276
377 1496
377 1715
377 1831
378 488
378 663
378 817
378 894
378 1693
379 451
379 505
379 525
379 645
379 655
379 1019
379 1118
379 1339
379 1416
379 1579
379 1978
380 552
380 730
380 881
380 904
380 1050
380 1214
380 1282
380 1528
380 1598
380 1898
380 1942
381 935
381 946
381 1770
381 1800
381 1883
381 1943
382 584
382 964
382 1130
382 1472
382 1482
382 1678
382 1748
383 1230
383 1269
383 1388
383 1574
384 411
384 608
384 646
384 912
384 947
384 971
384 1207
384 1359
384 1598
384 1613
384 1627
384 1831
385 395
385 794
385 1081
385 1166
385 1738
386 423
386 900
386 908
386 1028
386 1450
386 1553
387 856
387 869
387 1272
387 1460
388 423
388 461
388 490
388 767
388 782
388 876
388 1033
388 1041
388 1218
388 1260
388 1709
388 1753
388 1764
388 1978
389 494
389 667
389 1044
389 1219
389 1312
389 1317
389 1502
389 1889
390 523
390 1310
390 1719
391 426
391 430
391 675
391 709
391 865
391 922
391 992
391 1111
391 1320
391 1391
391 1881
392 903
392 1194
392 1276
392 1337
392 1396
392 1573
392 1729
392 1746
393 632
393 759
393 843
393 1003
393 1102
393 1753
393 1842
393 1861
393 1981
394 472
394 1001
394 1219
394 1524
394 1552
394 1764
395 446
395 447
395 456
395 726
395 871
395 1115
395 1339
395 1557
396 782
396 785
396 834
396 1201
396 1383
396 1641
396 1936
397 424
397 785
397 1499
397 1530
398 504
398 508
398 513
398 741
398 1233
398 1535
398 1735
398 1781
399 470
399 1107
399 1234
399 1996
400 500
400 737
400 926
400 934
400 1227
400 1609
401 1012
401 1091
401 1116
401 1365
401 1870
401 1906
401 1915
401 1971
401 1985
402 745
402 875
402 1101
402 1485
402 1851
402 1997
403 538
403 831
403 1057
403 1698
403 1917
404 600
404 862
404 866
404 994
404 996
404 1267
404 1609
405 1021
405 1518
405 1523
405 1649
405 1712
406 478
406 669
406 1472
406 1691
406 1838
406 1997
407 1169
407 1179
407 1269
408 535
408 637
408 651
408 1269
408 1945
409 863
409 898
409 976
409 1680
409 1749
410 674
410 1532
410 1568
410 1666
410 1836
410 1879
410 1991
411 514
411 577
411 668
411 729
411 1038
411 1249
411 1296
411 1501
411 1523
411 1726
411 1839
411 1932
412 477
412 544
412 647
412 1114
412 1130
412 1267
412 1756
412 1983
413 516
413 641
413 1288
413 1618
413 1745
413 1750
413 1985
414 775
414 1423
414 1642
414 1754
414 1805
414 1821
414 1945
415 1515
415 1638
415 1779
415 1799
416 444
416 815
416 1011
416 1041
416 1188
416 1366
416 1648
416 1757
416 1795
416 1817
416 1955
417 539
417 687
417 948
417 956
417 1108
417 1358
417 1479
417 1524
417 1715
418 439
418 718
418 878
418 1355
418 1459
418 1545
418 1938
418 1957
419 518
419 547
419 1282
419 1395
419 1782
420 708
420 732
420 734
420 974
420 1014
420 1144
420 1335
420 1420
421 679
421 1134
421 1387
421 1820
422 560
422 597
422 682
422 775
422 1249
422 1475
422 1495
422 1594
422 1600
422 1740
423 789
423 867
423 906
423 954
423 1480
423 1568
423 1569
423 1573
424 530
424 796
424 810
424 1281
424 1303
424 1702
425 769
425 1003
425 1072
425 1527
425 1661
426 470
426 723
426 1159
426 1446
426 1687
426 1896
427 665
427 1044
427 1125
427 1127
427 1327
427 1603
427 1681
427 1738
427 1760
427 1852
427 1931
428 585
428 765
428 1095
428 1369
428 1416
428 1576
429 601
429 894
429 1264
429 1309
429 1808
430 890
430 1298
430 1345
430 1751
430 1766
430 1774
430 1823
430 1902
431 723
431 1046
431 1298
431 1319
431 1372
431 1401
431 1622
432 548
432 1015
432 1053
432 1204
432 1608
432 1706
432 1717
432 1872
433 545
433 733
433 1016
433 1519
433 1524
433 1557
433 1995
434 911
434 966
434 1047
434 1318
434 1501
434 1736
434 1921
435 576
435 717
435 823
435 900
435 1219
435 1289
435 1960
436 501
436 578
436 752
436 1002
436 1181
436 1768
436 1996
437 579
437 766
437 1058
437 1434
438 494
438 599
438 678
438 737
438 918
438 941
438 964
438 1172
439 486
439 513
439 1322
439 1351
439 1823
439 1835
439 1953
440 1321
440 1553
440 1555
440 1603
440 1633
440 1941
441 694
441 1049
441 1154
441 1162
441 1333
441 1402
442 990
442 1126
442 1230
442 1349
442 1381
442 1460
442 1678
442 1987
443 858
443 930
443 1101
443 1339
443 1362
443 1456
443 1606
443 1977
444 915
444 1039
444 1096
444 1269
444 1345
444 1636
444 1788
444 1848
445 469
445 943
445 1621
445 1694
445 1863
445 1939
446 824
446 842
446 1316
446 1377
446 1493
447 759
447 958
447 1186
447 1225
447 1319
447 1545
447 1803
447 1891
448 505
448 540
448 1008
448 1114
448 1984
449 589
449 987
449 1067
449 1200
449 1724
449 1818
449 1875
449 1998
449 1999
450 738
450 774
450 1030
450 1537
450 1695
450 1705
450 1949
450 1974
451 532
451 561
451 667
451 691
451 1003
451 1005
451 1711
452 697
452 848
452 1807
452 1855
453 683
453 916
453 1202
453 1327
453 1384
453 1866
454 528
454 595
454 648
454 736
454 928
454 995
454 996
454 1034
454 1677
454 1873
455 1157
455 1235
455 1271
455 1761
456 778
456 1072
456 1288
456 1890
457 522
457 608
457 640
457 835
457 988
457 1542
457 1604
457 1656
457 1709
457 1971
458 507
458 558
458 764
458 897
458 1133
458 1202
458 1519
458 1550
458 1554
458 1760
458 1769
458 1830
459 650
459 721
459 998
459 1173
459 1928
460 565
460 869
460 889
460 1257
460 1945
461 907
461 1074
461 1277
461 1403
461 1581
461 1873
462 1225
462 1277
462 1329
462 1808
463 481
463 609
463 1036
463 1382
463 1386
463 1403
463 1408
463 1495
464 701
464 843
464 978
464 1140
464 1320
465 838
465 1013
465 1053
465 1444
465 1684
465 1836
465 1923
466 558
466 700
466 741
466 1075
466 1088
466 1514
466 1724
466 1877
467 777
467 1155
467 1384
467 1411
467 1522
467 1769
467 1914
468 524
468 547
468 617
468 776
468 1326
468 1404
468 1639
469 520
469 526
469 646
469 748
469 766
469 832
469 1313
469 1387
469 1522
469 1621
469 1742
469 1774
470 975
470 1157
470 1352
470 1680
470 1711
471 519
471 620
471 675
471 724
471 733
471 789
471 917
471 1275
471 1454
471 1461
471 1872
471 1920
471 1971
472 500
472 586
472 1125
472 1312
472 1636
472 1826
472 1856
472 1967
473 570
473 839
473 964
473 1396
473 1405
473 1572
473 1598
473 1659
474 503
474 669
474 719
474 732
474 1559
474 1930
475 479
475 663
475 858
475 995
475 1699
475 1774
475 1841
476 954
476 1215
476 1224
476 1228
476 1590
477 544
477 549
477 620
477 1452
477 1754
478 724
478 851
478 959
478 1994
479 1314
479 1480
479 1550
479 1692
479 1708
480 558
480 768
480 1087
480 1147
480 1188
481 831
481 957
481 1028
481 1394
481 1407
481 1635
481 1672
482 1062
482 1264
482 1332
482 1378
482 1765
483 553
483 916
483 1103
483 1172
484 1809
484 1876
485 1094
485 1324
485 1405
485 1458
485 1864
485 1885
486 493
486 759
486 1037
486 1263
486 1274
486 1399
486 1550
486 1783
487 518
487 555
487 1315
487 1357
487 1498
487 1621
487 1799
487 1872
488 591
488 1423
488 1484
488 1571
488 1595
488 1937
488 1939
489 603
489 1144
489 1477
489 1719
489 1874
490 650
490 859
490 884
490 1171
490 1368
490 1484
490 1495
490 1791
490 1850
490 1969
491 866
491 989
491 1035
491 1250
491 1531
491 1606
491 1633
491 1849
491 1850
492 910
492 935
492 1013
492 1031
492 1171
492 1567
492 1583
493 576
493 785
493 943
493 964
493 1679
494 760
494 829
494 1508
494 1756
494 1952
495 525
495 539
495 860
495 945
495 957
495 1034
495 1137
495 1391
495 1551
495 1650
495 1812
495 1845
495 1870
495 1913
496 813
496 957
496 1088
496 1103
496 1997
497 844
497 1176
497 1262
497 1363
497 1500
497 1867
497 1903
498 676
498 775
498 902
498 937
498 983
498 1057
498 1345
498 1563
498 1727
498 1780
498 1982
499 609
499 674
499 743
499 1096
499 1137
499 1396
499 1541
499 1547
500 1026
500 1284
500 1505
500 1665
501 548
501 679
501 1600
501 1788
502 911
502 919
502 953
502 1001
502 1054
502 1171
502 1350
502 1376
502 1761
502 1838
502 1973
502 1981
503 770
503 1005
503 1048
503 1083
503 1616
503 1665
503 1669
503 1804
504 708
504 720
504 783
504 937
504 1059
504 1777
504 1921
505 746
505 879
505 1118
505 1450
505 1821
505 1909
506 716
506 749
506 990
506 1077
506 1526
506 1928
507 702
507 926
507 1226
507 1426
507 1725
508 700
508 733
508 1160
508 1800
509 801
509 878
509 954
509 1093
509 1146
509 1197
509 1474
509 1641
509 1813
509 1967
510 666
510 1232
510 1450
510 1471
510 1639
510 1803
511 1159
511 1436
511 1823
512 837
512 1082
512 1095
512 1714
512 1835
512 1923
513 545
513 622
513 911
513 1615
513 1654
513 1763
513 1767
513 1947
514 514
514 623
514 995
514 1141
514 1163
514 1363
514 1431
514 1534
514 1745
514 1903
515 525
515 1086
515 1087
515 1132
515 1385
515 1791
516 529
516 760
516 936
516 1040
516 1285
516 1305
516 1445
517 642
517 1043
517 1257
517 1897
518 1078
518 1716
518 1856
519 1092
519 1868
519 1891
520 955
520 975
520 1116
520 1213
520 1238
520 1452
520 1720
520 1736
520 1869
520 1992
521 1251
521 1456
522 560
522 1273
523 716
523 760
523 826
523 885
523 927
523 1124
523 1141
523 1216
523 1232
523 1490
524 833
524 874
524 883
524 1096
524 1329
524 1935
525 691
525 1241
525 1464
525 1530
525 1662
525 1716
525 1865
526 1094
526 1277
526 1408
526 1454
526 1872
527 628
527 649
527 1180
527 1686
527 1848
528 895
528 1190
528 1437
528 1803
528 1811
528 1875
529 549
529 931
529 970
529 1087
529 1095
529 1622
529 1701
529 1925
529 1965
530 547
530 650
530 918
530 1257
530 1411
530 1695
531 607
531 705
531 732
531 784
531 984
531 1379
531 1609
531 1752
532 558
532 597
532 678
532 926
532 1365
532 1507
533 534
533 581
533 617
533 773
533 1098
534 547
534 1699
534 1750
535 563
535 752
535 1114
535 1241
536 743
536 1015
536 1057
536 1108
536 1514
536 1688
536 1799
537 641
537 719
537 1548
537 1836
538 743
538 1081
538 1149
538 1339
538 1562
538 1674
538 1738
539 947
539 1106
539 1381
539 1408
540 1021
540 1119
540 1408
540 1996
541 1160
541 1166
541 1407
542 810
542 843
542 1399
542 1420
542 1491
542 1492
542 1558
542 1796
543 1106
543 1319
543 1448
543 1790
544 717
544 1038
544 1393
544 1434
544 1484
544 1649
545 889
545 1455
545 1598
545 1631
545 1783
545 1850
546 548
546 607
546 832
546 1003
546 1016
546 1133
546 1402
546 1454
546 1853
546 1969
547 927
547 969
547 1106
547 1222
547 1361
548 1412
548 1572
548 1772
549 1418
549 1713
549 1934
550 634
550 813
550 882
550 1627
550 1989
551 757
551 959
551 1040
551 1077
551 1149
551 1860
551 1900
552 1110
552 1515
552 1559
552 1640
552 1761
552 1971
553 664
553 781
553 912
553 1014
553 1192
553 1200
553 1246
553 1311
553 1336
553 1544
553 1716
554 604
554 658
554 1659
554 1813
555 1002
555 1152
555 1245
555 1344
555 1435
556 1212
556 1280
556 1663
556 1781
557 1030
557 1234
557 1422
557 1488
557 1908
558 803
558 971
558 1022
558 1092
558 1171
558 1340
559 650
559 677
559 743
559 841
559 975
559 1051
559 1076
559 1096
559 1135
559 1162
559 1364
559 1570
559 1716
559 1816
560 1162
560 1182
560 1282
560 1577
560 1616
560 1891
561 575
561 1359
562 1096
562 1179
562 1544
562 1791
562 1977
563 1234
563 1877
564 909
564 1237
564 1476
564 1623
564 1667
564 1856
565 708
565 1468
565 1604
565 1652
565 1900
566 573
566 607
566 690
566 728
566 1038
566 1318
566 1458
566 1547
567 1064
567 1245
567 1267
567 1468
568 657
568 706
568 909
568 1084
568 1247
568 1635
568 1813
568 1836
569 1216
569 1752
570 1818
571 610
571 794
571 905
571 1368
571 1496
571 1526
571 1859
571 1930
572 584
572 727
572 799
572 856
572 1387
572 1388
572 1439
572 1905
572 1948
573 604
573 649
573 728
573 738
573 1069
573 1536
573 1720
573 1869
574 842
574 949
574 1140
574 1348
574 1352
574 1466
574 1502
574 1886
574 1924
575 1040
575 1201
575 1422
575 1935
575 1994
576 662
576 669
576 718
576 900
576 1045
576 1147
576 1360
576 1426
576 1890
577 644
577 741
577 813
577 936
577 977
577 1076
577 1501
577 1669
577 1787
578 1391
578 1408
578 1808
579 622
579 980
579 1084
579 1103
579 1180
579 1456
579 1575
579 1811
580 738
580 966
580 1304
580 1649
580 1703
580 1760
580 1946
581 824
581 908
581 911
581 1053
581 1094
581 1165
581 1185
581 1430
581 1580
581 1743
581 1871
581 1917
581 1994
582 1077
582 1205
582 1286
582 1706
582 1933
583 708
583 833
583 1175
583 1287
583 1534
583 1806
583 1830
584 865
584 1034
584 1298
584 1306
584 1740
584 1904
585 805
585 923
585 1386
585 1666
585 1671
585 1947
585 1974
586 834
586 1174
586 1286
586 1364
586 1442
586 1698
586 1800
586 1976
586 1978
587 741
587 1467
587 1477
587 1556
587 1575
587 1581
587 1917
588 1483
588 1584
588 1666
588 1715
588 1728
589 623
589 649
589 1155
589 1446
589 1528
589 1770
589 1808
590 590
590 812
590 1045
590 1403
590 1688
591 915
591 1072
591 1267
591 1303
591 1540
591 1668
591 1739
592 720
592 794
592 915
592 1424
592 1432
592 1831
592 1883
593 640
593 1204
593 1221
593 1406
593 1476
593 1535
594 784
594 955
594 970
594 1054
594 1136
594 1280
594 1598
594 1754
595 1626
596 596
596 705
596 806
596 1045
596 1516
596 1837
597 684
597 960
597 1035
597 1109
597 1282
597 1661
598 777
598 1012
598 1454
598 1479
598 1788
598 1998
599 1292
599 1822
600 780
600 968
600 991
600 1151
600 1284
600 1822
601 627
601 1744
602 980
602 989
602 1690
602 1707
602 1711
602 1836
602 1903
602 1979
602 1996
603 1297
603 1528
603 1690
603 1794
603 1985
604 615
604 1047
604 1372
604 1377
604 1408
604 1474
604 1693
604 1697
604 1951
605 1345
605 1409
605 1513
605 1543
605 1740
605 1875
606 610
606 892
606 999
606 1013
606 1307
606 1685
607 659
607 946
607 1139
607 1797
607 1865
608 646
608 889
608 963
608 974
608 1361
608 1537
608 1860
608 1981
609 633
609 762
609 1364
609 1588
610 929
610 1059
610 1428
610 1459
610 1646
610 1893
611 844
611 1140
611 1360
612 911
612 1208
612 1609
612 1839
613 623
613 1031
613 1137
613 1396
613 1455
613 1559
613 1789
613 1790
614 809
614 1150
614 1257
614 1297
614 1918
615 776
615 959
615 1596
615 1688
615 1830
615 1878
615 1895
616 664
616 1032
616 1403
616 1972
617 723
617 788
618 1691
618 1876
618 1878
618 1932
619 778
619 846
619 906
619 1002
619 1693
620 1323
620 1400
620 1862
620 1932
621 957
621 1860
622 888
622 947
622 967
622 1058
622 1237
622 1426
622 1959
623 759
623 1087
623 1799
624 1078
624 1240
624 1294
624 1686
624 1692
625 997
625 1256
625 1410
625 1484
625 1485
625 1601
625 1616
625 1810
625 1862
626 783
626 981
626 1213
626 1434
626 1582
626 1839
627 1032
627 1392
627 1513
627 1522
627 1667
627 1767
628 831
628 998
628 1118
628 1332
628 1406
628 1463
628 1482
628 1539
628 1848
628 1930
628 1990
629 1234
629 1434
629 1809
629 1896
629 1955
630 1173
630 1337
630 1422
630 1426
630 1603
630 1604
630 1681
630 1862
631 686
631 705
631 1004
631 1212
631 1487
631 1529
632 722
632 1779
632 1814
633 787
633 884
633 1109
633 1282
633 1351
633 1387
633 1769
633 1805
634 1256
634 1564
634 1583
635 709
635 763
635 1004
635 1122
635 1266
635 1433
635 1482
635 1582
635 1616
636 777
636 809
636 931
636 957
636 1160
636 1551
636 1733
636 1823
636 1890
637 822
637 829
637 898
637 997
637 1175
637 1853
638 904
638 1196
638 1233
638 1557
638 1961
639 719
639 1012
639 1041
639 1209
639 1737
639 1823
640 697
640 831
640 837
640 1497
640 1835
641 891
641 1002
641 1136
641 1377
641 1382
641 1636
641 1650
641 1965
642 706
642 973
642 978
642 1034
642 1153
643 759
643 927
643 1308
643 1655
643 1696
643 1933
644 716
644 1147
644 1474
644 1485
644 1548
644 1790
645 791
645 912
645 1112
645 1245
645 1334
645 1357
645 1596
645 1729
645 1756
646 1034
646 1050
646 1213
646 1222
646 1272
646 1442
646 1625
646 1661
646 1680
646 1720
647 687
647 835
647 960
647 979
647 1131
647 1525
647 1701
647 1730
648 1203
648 1436
648 1586
648 1706
648 1835
648 1982
649 714
649 886
649 1021
649 1606
649 1869
650 995
650 1140
650 1272
650 1355
650 1384
650 1894
651 909
651 1603
651 1955
652 1040
652 1450
652 1833
652 1849
653 898
653 1222
653 1441
653 1537
653 1834
653 1918
654 1589
654 1714
654 1859
655 677
655 799
655 983
655 1070
655 1138
655 1470
656 806
656 1089
656 1346
656 1352
656 1500
656 1624
656 1793
656 1906
657 900
657 907
657 1034
657 1341
657 1397
657 1407
657 1809
657 1898
658 673
658 904
658 1141
658 1316
658 1634
659 951
659 1116
659 1292
659 1592
659 1601
659 1742
659 1747
659 1760
660 779
660 783
660 1205
660 1730
660 1741
661 682
661 1307
662 956
662 1594
662 1621
662 1631
663 957
663 1005
663 1389
663 1400
663 1530
663 1737
664 747
664 786
664 1017
664 1163
664 1487
664 1818
664 1986
665 1010
665 1337
665 1754
665 1796
665 1876
666 765
666 796
666 1003
666 1097
666 1122
666 1179
666 1315
666 1828
667 727
667 1002
667 1729
668 789
668 962
668 1003
668 1153
668 1694
668 1810
668 1877
668 1943
669 991
669 1763
669 1814
671 824
671 944
671 966
671 1074
671 1190
671 1243
671 1526
671 1691
671 1966
672 837
672 851
672 967
672 1000
672 1808
673 742
673 1087
673 1135
673 1615
673 1689
674 687
674 886
674 941
674 1119
674 1163
674 1347
674 1991
675 772
675 993
675 1173
675 1353
675 1380
675 1679
675 1785
675 1882
676 689
676 707
676 1429
676 1492
676 1641
676 1706
676 1803
677 690
677 1191
677 1238
677 1304
677 1318
678 700
678 947
678 966
679 753
679 846
679 914
679 1042
679 1483
679 1488
679 1543
679 1726
679 1738
680 707
680 1238
680 1523
680 1587
681 874
681 881
681 1258
681 1704
682 893
682 1355
682 1422
682 1474
682 1561
682 1617
683 830
683 1341
683 1607
683 1635
683 1690
683 1912
683 1916
683 1972
684 1274
684 1483
684 1719
685 703
685 818
685 1244
685 1540
685 1670
685 1812
686 1090
686 1178
686 1795
686 1960
687 894
687 935
687 1178
687 1213
687 1446
687 1540
687 1955
688 773
688 789
688 798
688 927
688 959
688 1090
689 1123
689 1638
689 1688
689 1918
690 932
690 1067
690 1392
690 1594
690 1705
691 809
691 1411
691 1620
691 1803
691 1878
692 842
692 909
692 1016
692 1093
692 1297
692 1921
693 958
693 1200
694 989
694 1138
694 1163
694 1293
694 1310
694 1380
694 1431
694 1620
695 877
695 879
695 1288
695 1522
695 1546
695 1707
696 1135
696 1829
697 767
697 786
697 1255
697 1277
697 1287
697 1495
697 1640
697 1754
697 1931
697 1941
698 834
698 889
698 1352
698 1497
698 1703
699 947
699 1907
700 813
700 1375
700 1889
701 893
701 1428
701 1828
702 720
702 879
702 1097
702 1708
702 1839
703 1260
703 1358
703 1913
704 713
704 1140
704 1223
704 1253
704 1423
704 1492
704 1829
704 1948
705 846
705 1229
705 1671
706 795
706 840
706 1353
706 1501
706 1689
706 1722
706 1841
706 1933
707 942
707 1167
707 1489
707 1761
707 1787
707 1845
708 992
708 1837
708 1983
709 722
709 934
709 1110
709 1656
710 890
710 1256
710 1523
710 1536
710 1619
710 1806
710 1917
710 1984
711 773
711 1265
712 814
712 1521
712 1636
712 1685
712 1721
712 1922
713 737
713 1143
713 1193
713 1207
713 1380
713 1442
713 1515
713 1664
713 1749
713 1825
713 1973
714 761
714 832
714 1192
714 1707
714 1844
714 1886
714 1906
715 909
715 954
715 1096
715 1199
715 1677
715 1826
715 1876
716 1434
716 1441
716 1546
716 1942
717 851
717 856
717 906
717 1009
717 1598
717 1612
717 1712
718 804
718 806
718 819
718 876
718 1488
718 1670
718 1887
719 783
719 1020
719 1251
719 1516
719 1732
719 1781
719 1860
719 1912
720 1081
720 1087
720 1412
721 733
721 735
721 760
721 1145
721 1156
721 1966
722 876
722 994
722 1086
722 1234
722 1514
723 732
723 1019
723 1195
723 1276
723 1758
723 1828
723 1892
723 1908
724 857
724 926
724 1039
724 1300
724 1501
724 1613
724 1799
724 1912
725 917
725 1174
725 1278
725 1507
725 1772
725 1845
726 838
726 1257
726 1311
726 1530
726 1536
726 1702
726 1759
726 1960
727 784
727 1636
727 1666
727 1671
727 1736
727 1861
728 1857
729 902
729 1029
729 1159
729 1225
729 1334
729 1412
729 1426
730 748
730 882
730 1407
730 1440
730 1483
730 1551
730 1949
730 1994
731 800
731 844
731 1093
731 1219
731 1715
731 1948
732 888
732 1123
732 1288
732 1533
732 1810
732 1928
732 1958
733 882
733 998
733 1062
733 1361
733 1913
733 1984
734 912
734 1175
734 1505
734 1706
734 1839
734 1861
735 866
735 1410
735 1638
735 1655
735 1767
736 1737
737 1079
737 1413
737 1627
737 1680
737 1779
737 1987
738 791
738 1085
738 1391
738 1760
738 1818
738 1909
739 740
739 1344
739 1690
739 1918
740 1040
740 1553
740 1720
740 1768
740 1784
740 1947
741 837
741 1313
741 1363
741 1404
741 1838
741 1972
742 899
742 1082
742 1148
742 1384
742 1641
742 1863
743 996
743 1017
743 1206
743 1354
743 1480
744 830
744 1997
745 908
745 1047
745 1069
745 1159
745 1176
745 1327
745 1685
745 1816
745 1919
746 803
746 1068
746 1122
746 1238
746 1347
747 806
747 1115
747 1144
747 1288
747 1670
748 1007
748 1299
749 1083
749 1757
750 798
750 932
751 818
751 1035
751 1121
751 1192
751 1336
751 1353
751 1421
751 1754
751 1797
752 939
752 982
752 1079
752 1479
752 1824
753 781
753 1498
753 1696
753 1705
753 1876
754 807
754 887
754 1093
754 1146
754 1611
754 1729
755 757
755 788
755 907
755 1068
755 1187
755 1480
755 1960
756 1077
756 1258
756 1518
756 1690
756 1848
756 1980
757 1033
757 1200
757 1636
758 1029
758 1051
758 1245
758 1262
758 1646
758 1901
759 1013
759 1338
759 1607
759 1789
760 1610
760 1887
761 810
761 812
761 1078
761 1084
761 1101
761 1368
761 1550
761 1744
762 980
762 1674
762 1939
762 1961
763 789
763 993
763 1020
763 1326
763 1566
763 1641
763 1772
763 1801
763 1857
764 808
764 904
764 1115
764 1315
764 1353
764 1674
765 864
765 877
765 1734
766 971
766 1317
766 1907
766 1933
767 1056
767 1186
767 1247
767 1498
767 1691
768 906
768 988
768 1138
768 1439
768 1584
768 1927
768 1955
769 989
769 1418
769 1876
770 1097
770 1248
770 1258
771 883
771 973
771 1166
771 1369
772 1078
772 1169
772 1328
772 1388
772 1401
772 1479
772 1558
772 1859
772 1973
773 959
773 1119
773 1273
773 1368
773 1704
773 1944
773 1946
773 1958
774 1118
774 1739
774 1797
774 1996
775 783
775 905
775 968
775 1278
776 924
776 1178
776 1371
776 1822
776 1857
777 1205
777 1433
777 1716
777 1790
778 1451
778 1841
778 1875
779 1135
779 1164
779 1336
779 1527
779 1693
779 1817
779 1959
779 1981
779 1986
780 827
780 1572
781 1328
781 1718
781 1736
781 1751
781 1820
782 1524
782 1534
782 1757
782 1892
783 847
783 1041
783 1394
783 1721
783 1771
783 1925
784 928
784 1038
784 1045
784 1301
784 1415
784 1582
784 1817
785 1112
785 1717
785 1985
786 937
786 1011
786 1806
786 1853
787 818
787 1393
787 1427
787 1570
787 1662
788 825
788 1304
788 1588
788 1604
788 1840
789 814
789 896
789 956
789 1685
790 897
790 918
790 950
790 994
790 1262
790 1283
790 1296
790 1748
790 1793
790 1991
791 905
791 1155
791 1231
791 1673
791 1880
792 1159
792 1447
793 1159
793 1342
793 1349
793 1390
793 1489
793 1848
794 878
794 1198
794 1256
794 1458
794 1643
794 1648
795 838
795 904
795 920
795 940
795 942
795 1271
795 1633
796 1147
796 1360
796 1617
797 1020
797 1115
797 1177
797 1275
797 1518
797 1549
797 1775
798 845
798 1175
798 1302
798 1472
798 1663
798 1740
798 1844
798 1905
799 877
799 1083
799 1222
799 1269
799 1885
800 1318
800 1389
800 1639
800 1971
801 897
801 1344
801 1592
801 1611
801 1889
802 840
802 881
802 1374
802 1684
802 1740
802 1929
803 1313
803 1346
803 1633
803 1664
803 1792
803 1966
804 1320
804 1770
804 1819
805 983
805 1051
805 1085
805 1399
805 1477
806 809
806 1131
806 1424
806 1638
806 1662
807 1167
807 1198
807 1973
808 1256
808 1526
808 1551
808 1990
809 854
809 1131
809 1323
809 1413
810 871
810 925
810 1154
810 1264
810 1632
810 1826
810 1994
811 1142
811 1503
812 1516
813 1193
813 1381
813 1418
813 1558
813 1790
814 1486
814 1502
814 1770
814 1832
814 1886
815 1065
815 1152
815 1607
815 1719
815 1740
815 1753
815 1929
816 899
816 953
816 1489
816 1562
816 1728
816 1935
817 833
817 905
817 1146
817 1410
817 1584
817 1667
817 1820
817 1851
818 862
818 1272
818 1277
818 1453
818 1599
818 1692
818 1776
818 1829
819 874
819 1239
819 1486
819 1658
819 1659
819 1754
819 1771
820 873
820 1253
820 1281
820 1289
820 1444
820 1523
820 1753
821 1048
821 1141
821 1827
822 1418
822 1470
822 1752
822 1826
823 1301
823 1614
823 1886
823 1963
824 868
824 1020
824 1032
824 1044
824 1991
825 1039
825 1316
825 1546
826 913
826 990
826 1438
826 1860
827 951
827 1426
827 1532
827 1878
828 1206
828 1376
828 1480
828 1538
828 1839
828 1896
828 1977
829 920
829 966
829 1010
829 1257
829 1603
829 1825
830 1098
830 1310
830 1367
830 1573
830 1594
830 1801
830 1873
830 1921
831 845
831 1391
831 1410
831 1420
831 1704
831 1809
831 1879
832 877
832 951
832 1143
832 1291
832 1464
833 1562
834 1089
834 1529
834 1592
834 1653
834 1700
834 1760
834 1890
835 966
835 1256
835 1551
835 1627
835 1664
835 1708
835 1753
836 984
836 1454
836 1843
836 1941
837 1098
837 1245
837 1329
837 1452
837 1789
837 1853
838 865
838 927
838 1327
838 1850
839 877
839 1064
839 1288
839 1452
839 1648
839 1920
839 1968
840 1059
840 1100
840 1326
840 1621
840 1731
840 1997
841 900
841 1028
841 1282
841 1626
841 1905
841 1939
842 1085
842 1119
842 1484
842 1766
842 1920
842 1939
843 1168
843 1396
843 1427
843 1454
843 1520
843 1763
844 998
844 1218
844 1607
844 1616
844 1804
844 1957
845 898
845 1329
845 1364
845 1665
845 1791
845 1905
846 963
846 1127
846 1191
846 1681
846 1745
846 1942
847 979
847 1056
847 1251
847 1532
847 1692
847 1874
848 1031
849 1553
849 1555
849 1789
849 1854
849 1973
850 978
850 1031
850 1067
850 1180
850 1261
850 1438
850 1608
850 1629
850 1683
850 1698
851 1051
851 1129
851 1149
851 1916
852 872
852 1027
852 1122
852 1150
852 1153
852 1370
852 1506
852 1686
852 1706
852 1735
853 967
853 1050
853 1189
853 1223
853 1263
853 1264
853 1843
854 1627
854 1743
855 1111
855 1290
855 1434
855 1938
856 1399
856 1621
856 1703
857 905
857 1158
857 1286
857 1444
857 1526
857 1590
857 1636
857 1648
857 1749
858 1391
858 1659
858 1794
859 974
859 1341
859 1868
860 886
860 1350
860 1514
860 1765
861 1404
861 1650
862 934
862 972
862 1161
862 1217
862 1291
862 1822
862 1858
863 924
863 1503
863 1575
864 1296
864 1663
864 1724
865 1181
865 1235
865 1244
865 1466
865 1595
865 1699
865 1813
866 899
866 1241
866 1589
866 1824
866 1899
867 891
867 1352
868 1170
868 1897
868 1970
869 1063
869 1298
869 1302
869 1550
869 1758
870 888
870 1065
870 1144
870 1203
870 1277
870 1386
870 1601
870 1854
871 1125
871 1420
871 1462
871 1804
872 1325
872 1547
872 1608
872 1658
872 1661
872 1953
873 1240
873 1962
874 959
874 1257
874 1488
874 1798
875 1304
875 1520
875 1774
875 1935
876 1455
876 1886
877 927
877 1253
877 1290
878 1466
878 1525
879 954
879 1019
879 1051
879 1401
879 1402
879 1664
880 964
880 1149
880 1158
880 1171
880 1370
880 1502
880 1506
880 1516
881 1224
881 1713
881 1941
882 1126
882 1175
882 1930
883 964
883 1060
883 1147
883 1194
883 1581
883 1920
883 1975
884 913
884 960
884 1053
884 1481
884 1984
885 948
885 1190
885 1553
885 1573
885 1811
885 1945
886 932
886 1105
886 1178
886 1304
886 1568
886 1717
886 1894
886 1899
887 1331
888 1789
888 1806
889 903
889 1121
889 1412
889 1720
890 1319
890 1338
890 1379
890 1381
890 1665
890 1767
891 1084
891 1206
891 1226
891 1543
891 1942
892 929
892 1177
892 1535
892 1976
893 1411
893 1964
893 1978
894 1127
894 1553
894 1756
894 1893
894 1976
895 1430
895 1538
895 1754
895 1798
896 1047
896 1129
896 1302
896 1379
896 1522
896 1801
896 1851
896 1890
897 1276
897 1411
897 1520
898 1011
898 1682
898 1721
899 937
899 1128
899 1511
899 1532
899 1627
899 1639
899 1761
899 1802
899 1913
900 973
900 1192
900 1407
900 1445
900 1735
900 1760
900 1942
901 1098
901 1285
902 1151
902 1191
902 1449
902 1493
902 1743
902 1813
902 1948
903 1023
903 1210
903 1398
903 1479
903 1769
904 1270
904 1403
904 1613
904 1777
904 1810
904 1842
904 1852
905 993
905 1049
905 1104
905 1164
905 1605
906 1035
906 1091
906 1222
906 1538
906 1635
906 1936
906 1945
907 1023
907 1514
907 1651
907 1950
908 912
908 1355
908 1809
908 1922
908 1925
909 1012
909 1210
909 1249
909 1417
909 1467
909 1620
909 1808
909 1928
909 1957
910 1158
910 1307
910 1366
910 1392
910 1412
910 1859
910 1910
911 1051
911 1075
911 1180
911 1506
911 1582
911 1785
911 1820
912 1164
912 1259
912 1302
912 1493
913 1759
913 1779
913 1857
914 1083
914 1096
914 1833
914 1909
915 1009
915 1197
915 1219
915 1515
915 1846
915 1992
916 1347
916 1407
916 1762
916 1870
917 1038
917 1058
917 1156
917 1486
917 1692
917 1797
917 1848
918 1279
918 1517
918 1974
919 1520
919 1998
920 1063
920 1573
920 1747
920 1975
921 1405
921 1665
921 1737
921 1851
921 1872
922 985
922 1620
922 1699
922 1837
922 1868
922 1889
922 1924
923 1103
923 1925
924 1383
924 1397
924 1481
924 1786
924 1894
925 1387
925 1431
925 1750
925 1987
926 1025
926 1407
926 1605
926 1649
927 1097
927 1136
927 1542
927 1553
928 1210
929 976
929 1985
929 1995
930 1479
930 1543
930 1862
930 1877
931 1091
931 1124
931 1137
931 1308
931 1369
931 1402
931 1565
931 1648
932 1001
932 1048
933 1177
933 1198
933 1387
933 1713
933 1874
934 1228
934 1669
934 1707
935 1489
935 1606
935 1614
935 1786
935 1962
936 943
936 1365
936 1674
936 1861
937 1332
937 1887
937 1931
937 1944
938 1108
938 1223
938 1424
938 1676
938 1740
939 1673
940 1028
940 1102
940 1119
940 1172
940 1191
940 1384
940 1500
940 1557
940 1571
940 1635
940 1767
941 1585
941 1665
941 1730
941 1750
941 1878
941 1896
942 1057
942 1477
942 1569
942 1573
943 950
943 1560
943 1619
944 981
944 1237
944 1266
944 1336
944 1399
944 1659
945 992
945 1120
945 1224
945 1612
945 1664
945 1774
945 1822
945 1967
946 1161
946 1519
946 1673
946 1687
947 1000
947 1049
947 1776
948 1064
948 1081
948 1147
948 1391
948 1563
948 1641
949 1665
949 1853
950 950
950 1049
950 1177
950 1589
950 1741
950 1747
950 1854
950 1898
951 1308
951 1411
951 1447
951 1965
951 1995
952 1153
952 1535
953 1057
953 1081
953 1380
953 1404
953 1740
953 1812
954 1114
954 1286
954 1382
954 1692
954 1985
955 1028
955 1212
955 1506
956 1273
957 1299
957 1586
957 1768
957 1947
957 1948
958 963
958 1049
958 1073
958 1252
958 1381
958 1529
958 1598
958 1806
959 1026
959 1803
959 1888
960 1524
960 1608
960 1964
960 1979
961 1115
961 1435
961 1977
962 1037
962 1087
962 1113
962 1498
963 1247
963 1298
963 1439
963 1465
963 1774
963 1936
964 990
964 1198
964 1695
964 1995
965 1135
965 1309
965 1322
965 1502
965 1582
965 1647
965 1656
965 1813
966 1158
966 1296
966 1598
966 1746
967 1353
967 1618
968 1657
968 1761
968 1801
969 1028
969 1056
969 1059
969 1554
969 1976
970 1137
970 1854
971 1271
971 1432
971 1704
972 1580
972 1608
972 1611
972 1806
972 1945
973 1249
973 1388
973 1466
973 1704
974 1089
974 1407
974 1968
975 1065
975 1521
975 1696
976 1677
977 1486
978 1029
978 1128
978 1308
979 1067
979 1086
979 1144
979 1382
979 1466
979 1675
979 1848
980 1360
980 1474
980 1481
980 1989
981 997
981 1316
981 1415
981 1617
981 1849
982 1052
982 1322
982 1630
982 1780
983 1041
983 1155
983 1188
983 1205
983 1233
983 1236
983 1977
984 1304
984 1479
984 1538
984 1764
984 1875
984 1997
985 998
985 1146
985 1382
985 1453
986 1175
986 1284
986 1484
986 1648
986 1687
987 1144
987 1612
987 1947
988 1220
988 1798
989 1131
989 1914
990 1244
990 1357
990 1477
990 1518
990 1937
991 1561
991 1785
992 1002
992 1011
992 1129
992 1187
992 1551
993 1055
993 1279
993 1303
993 1488
993 1948
994 1302
994 1554
994 1565
994 1586
994 1610
994 1839
994 1850
995 1016
995 1304
995 1694
996 1184
996 1319
997 1046
997 1186
997 1804
997 1821
997 1981
997 1982
998 1104
998 1170
998 1679
998 1780
998 1929
999 999
999 1323
999 1650
999 1807
1000 1171
1000 1305
1000 1459
1000 1997
1001 1206
1001 1353
1001 1381
1001 1384
1001 1450
1001 1707
1001 1869
1001 1973
1002 1450
1002 1574
1002 1734
1002 1824
1002 1850
1002 1905
1003 1007
1003 1168
1003 1237
1003 1266
1003 1276
1003 1437
1003 1443
1003 1497
1003 1803
1003 1820
1004 1063
1004 1217
1004 1236
1004 1296
1004 1595
1005 1165
1005 1451
1005 1670
1006 1088
1006 1841
1007 1072
1007 1351
1007 1574
1007 1717
1007 1784
1008 1108
1008 1528
1008 1727
1008 1876
1009 1828
1009 1856
1009 1859
1010 1171
1010 1289
1010 1310
1010 1327
1010 1394
1010 1559
1010 1670
1010 1697
1011 1060
1011 1067
1011 1717
1012 1031
1012 1704
1012 1745
1013 1597
1014 1813
1015 1887
1015 1896
1016 1396
1016 1508
1016 1859
1016 1883
1017 1181
1017 1415
1017 1980
1018 1169
1018 1225
1018 1295
1018 1405
1018 1706
1018 1861
1019 1282
1019 1708
1019 1761
1019 1813
1020 1763
1020 1866
1020 1872
1021 1292
1021 1467
1021 1975
1022 1033
1022 1938
1023 1127
1023 1193
1023 1807
1024 1125
1024 1328
1024 1504
1024 1531
1024 1643
1024 1783
1025 1387
1025 1402
1025 1454
1025 1642
1026 1061
1026 1588
1026 1689
1026 1826
1027 1402
1027 1463
1027 1610
1027 1804
1028 1079
1028 1292
1028 1353
1028 1371
1028 1998
1029 1474
1029 1574
1029 1739
1029 1829
1030 1318
1030 1350
1030 1595
1030 1774
1031 1289
1031 1513
1031 1662
1031 1839
1032 1079
1032 1593
1032 1686
1032 1877
1032 1902
1033 1482
1033 1544
1033 1548
1033 1692
1034 1153
1034 1261
1034 1348
1034 1539
1034 1597
1034 1855
1034 1986
1035 1445
1035 1562
1035 1566
1035 1941
1035 1987
1036 1139
1037 1167
1037 1189
1037 1800
1037 1900
1037 1959
1037 1987
1038 1058
1038 1309
1038 1414
1038 1473
1038 1544
1038 1893
1039 1172
1039 1407
1039 1702
1039 1727
1039 1853
1040 1773
1040 1893
1041 1068
1041 1222
1041 1688
1042 1074
1042 1138
1042 1391
1042 1564
1042 1654
1042 1944
1043 1148
1043 1462
1043 1606
1043 1623
1044 1387
1044 1759
1044 1788
1044 1901
1045 1391
1045 1624
1045 1850
1046 1477
1046 1499
1046 1690
1047 1080
1047 1094
1047 1217
1047 1218
1047 1358
1047 1452
1047 1667
1047 1784
1048 1459
1048 1527
1049 1158
1049 1478
1049 1577
1049 1954
1050 1065
1050 1230
1050 1395
1050 1535
1050 1702
1050 1999
1051 1366
1051 1596
1051 1712
1051 1932
1052 1132
1052 1308
1052 1330
1052 1413
1052 1518
1052 1811
1052 1815
1053 1181
1053 1319
1053 1526
1054 1070
1054 1258
1054 1732
1055 1123
1055 1196
1055 1859
1056 1057
1056 1125
1056 1309
1056 1478
1056 1494
1056 1777
1057 1181
1057 1378
1057 1398
1057 1643
1057 1660
1057 1751
1057 1943
1058 1152
1058 1277
1058 1315
1058 1467
1058 1487
1058 1624
1058 1901
1059 1328
1059 1385
1059 1802
1060 1486
1060 1727
1060 1738
1060 1887
1060 1964
1061 1128
1061 1306
1061 1674
1061 1720
1062 1246
1062 1292
1062 1746
1063 1063
1063 1584
1063 1970
1063 1985
1064 1784
1064 1798
1064 1929
1064 1950
1065 1369
1065 1623
1066 1209
1066 1454
1066 1475
1066 1755
1066 1800
1068 1334
1068 1465
1068 1589
1068 1682
1068 1878
1069 1265
1070 1323
1070 1652
1070 1697
1070 1852
1071 1342
1071 1448
1071 1572
1072 1343
1072 1965
1073 1174
1073 1189
1073 1370
1073 1447
1073 1472
1073 1745
1073 1860
1073 1864
1074 1530
1074 1900
1076 1354
1076 1527
1076 1718
1078 1302
1078 1412
1078 1544
1078 1588
1079 1265
1079 1345
1079 1771
1079 1913
1080 1108
1080 1673
1080 1733
1080 1936
1081 1904
1081 1960
1082 1729
1082 1789
1082 1839
1082 1861
1083 1199
1083 1705
1084 1437
1084 1459
1084 1828
1084 1876
1085 1445
1085 1544
1085 1666
1085 1758
1086 1092
1086 1471
1086 1665
1086 1728
1086 1738
1087 1385
1087 1414
1087 1497
1087 1549
1087 1707
1087 1923
1087 1942
1088 1115
1088 1481
1088 1572
1089 1301
1089 1541
1089 1826
1089 1888
1090 1320
1090 1359
1090 1410
1090 1501
1090 1548
1090 1651
1090 1821
1091 1346
1091 1658
1092 1098
1092 1154
1092 1248
1092 1368
1093 1138
1093 1758
1093 1864
1094 1365
1094 1642
1094 1778
1094 1833
1095 1127
1095 1445
1095 1472
1095 1484
1095 1614
1095 1656
1095 1854
1096 1261
1096 1503
1096 1523
1096 1672
1096 1702
1096 1768
1098 1100
1098 1185
1098 1196
1098 1803
1098 1858
1099 1121
1099 1166
1099 1236
1099 1286
1099 1545
1099 1705
1099 1717
1100 1232
1100 1252
1100 1479
1100 1925
1100 1932
1101 1448
1101 1688
1101 1775
1101 1975
1102 1146
1102 1162
1103 1222
1103 1434
1104 1148
1104 1393
1104 1534
1104 1576
1105 1260
1105 1371
1105 1382
1105 1626
1105 1870
1105 1960
1106 1248
1106 1536
1106 1612
1106 1776
1106 1799
1107 1114
1107 1274
1107 1468
1107 1521
1107 1602
1107 1603
1108 1933
1109 1225
1109 1279
1109 1295
1109 1357
1109 1784
1109 1875
1110 1322
1110 1450
1110 1500
1110 1776
1110 1892
1111 1157
1111 1431
1111 1434
1111 1470
1111 1876
1111 1976
1112 1234
1112 1334
1112 1415
1112 1558
1112 1863
1112 1912
1113 1421
1113 1522
1113 1727
1114 1365
1114 1961
1114 1963
1115 1407
1115 1583
1115 1690
1115 1743
1115 1812
1115 1869
1115 1959
1116 1280
1116 1645
1116 1704
1117 1344
1117 1380
1117 1557
1117 1645
1117 1678
1117 1711
1118 1210
1118 1790
1118 1887
1118 1940
1119 1261
1119 1720
1119 1753
1119 1935
1120 1822
1120 1874
1120 1877
1121 1136
1121 1293
1121 1368
1121 1643
1121 1703
1121 1718
1121 1906
1122 1223
1122 1483
1122 1793
1122 1954
1123 1327
1123 1542
1123 1686
1124 1628
1124 1834
1124 1845
1124 1960
1125 1175
1125 1186
1125 1270
1125 1560
1125 1724
1125 1731
1125 1955
1126 1466
1126 1472
1127 1221
1127 1348
1127 1440
1127 1862
1127 1958
1128 1222
1128 1230
1128 1294
1128 1600
1128 1825
1129 1237
1129 1330
1129 1753
1130 1230
1130 1536
1130 1587
1130 1612
1130 1907
1131 1811
1131 1829
1132 1261
1132 1850
1133 1478
1133 1535
1133 1963
1134 1492
1135 1596
1135 1680
1136 1305
1136 1480
1137 1293
1137 1568
1137 1816
1138 1405
1138 1757
1138 1946
1139 1178
1139 1730
1139 1865
1139 1992
1140 1246
1140 1312
1140 1422
1140 1693
1141 1503
1141 1750
1142 1193
1142 1236
1142 1518
1142 1570
1142 1848
1143 1167
1143 1905
1144 1372
1144 1684
1144 1707
1145 1147
1145 1301
1145 1322
1145 1886
1145 1923
1146 1457
1146 1475
1146 1846
1146 1985
1147 1577
1148 1183
1148 1709
1149 1228
1149 1280
1149 1421
1149 1902
1150 1177
1150 1470
1150 1810
1150 1994
1151 1456
1151 1555
1151 1688
1151 1717
1152 1466
1152 1800
1152 1863
1152 1944
1153 1165
1153 1245
1153 1544
1154 1167
1154 1279
1154 1293
1154 1392
1154 1610
1154 1786
1155 1218
1155 1436
1155 1911
1156 1384
1156 1727
1157 1246
1157 1333
1157 1656
1157 1867
1158 1263
1158 1437
1159 1648
1159 1855
1159 1930
1160 1719
1161 1340
1161 1417
1161 1474
1161 1611
1161 1639
1161 1656
1161 1855
1162 1220
1162 1348
1162 1615
1162 1805
1163 1452
1163 1530
1163 1632
1163 1651
1163 1902
1163 1908
1164 1709
1165 1853
1166 1196
1166 1243
1166 1520
1166 1899
1167 1483
1167 1795
1167 1946
1168 1229
1168 1256
1168 1331
1168 1447
1169 1321
1169 1341
1169 1478
1169 1683
1169 1875
1169 1883
1169 1893
1169 1941
1169 1985
1170 1227
1170 1463
1170 1783
1170 1872
1171 1624
1171 1630
1171 1680
1171 1902
1172 1209
1172 1703
1172 1721
1172 1791
1173 1264
1173 1338
1173 1394
1173 1436
1174 1544
1174 1746
1174 1921
1175 1279
1175 1545
1175 1774
1176 1405
1176 1695
1176 1913
1177 1243
1177 1385
1177 1556
1178 1765
1178 1891
1179 1323
1179 1423
1179 1816
1179 1993
1180 1653
1180 1795
1181 1582
1182 1193
1182 1300
1182 1796
1182 1997
1183 1381
1183 1450
1183 1494
1183 1825
1183 1940
1184 1296
1184 1828
1184 1932
1185 1279
1185 1344
1185 1682
1185 1879
1186 1455
1186 1536
1187 1469
1187 1693
1187 1757
1188 1330
1188 1502
1188 1581
1189 1291
1189 1406
1189 1684
1189 1855
1190 1309
1190 1575
1190 1983
1191 1756
1192 1447
1192 1579
1192 1588
1192 1749
1193 1253
1193 1271
1193 1503
1193 1539
1193 1582
1193 1599
1193 1695
1193 1722
1193 1913
1193 1957
1194 1427
1195 1334
1195 1461
1195 1790
1196 1265
1196 1473
1196 1632
1196 1763
1197 1396
1197 1605
1197 1954
1198 1261
1198 1402
1198 1521
1199 1806
1202 1691
1202 1986
1203 1208
1203 1459
1203 1921
1204 1715
1204 1749
1204 1897
1205 1565
1205 1568
1205 1732
1205 1953
1205 1974
1206 1341
1206 1588
1206 1614
1206 1668
1206 1786
1206 1847
1207 1654
1207 1804
1207 1880
1208 1372
1208 1610
1208 1622
1208 1859
1209 1470
1209 1599
1209 1743
1210 1886
1211 1995
1212 1628
1212 1668
1212 1878
1213 1254
1213 1601
1213 1712
1213 1749
1213 1819
1214 1242
1215 1572
1215 1648
1216 1437
1216 1441
1216 1520
1217 1332
1217 1370
1218 1228
1219 1621
1219 1977
1220 1403
1220 1835
1221 1501
1221 1954
1222 1304
1222 1753
1223 1760
1224 1358
1224 1508
1224 1561
1224 1977
1225 1762
1227 1343
1227 1928
1227 1992
1228 1491
1228 1536
1228 1906
1229 1296
1229 1418
1229 1692
1229 1970
1230 1434
1230 1486
1230 1522
1230 1900
1231 1358
1231 1437
1231 1773
1231 1808
1231 1983
1232 1309
1232 1582
1232 1593
1232 1814
1233 1543
1233 1803
1233 1930
1234 1437
1234 1504
1234 1638
1234 1684
1234 1808
1235 1263
1235 1807
1235 1933
1236 1450
1236 1506
1237 1374
1237 1790
1237 1823
1237 1908
1237 1972
1238 1249
1238 1427
1239 1549
1239 1826
1240 1587
1240 1679
1241 1650
1242 1318
1242 1447
1242 1528
1244 1595
1244 1834
1245 1501
1245 1936
1245 1951
1246 1591
1246 1644
1247 1321
1247 1333
1247 1352
1247 1737
1247 1902
1247 1911
1248 1629
1248 1686
1248 1803
1249 1261
1249 1561
1249 1621
1250 1286
1250 1456
1251 1875
1251 1987
1252 1431
1252 1555
1252 1571
1252 1730
1253 1469
1253 1492
1253 1544
1253 1611
1253 1753
1253 1970
1254 1436
1254 1632
1254 1769
1255 1406
1255 1876
1255 1891
1255 1956
1256 1336
1256 1386
1256 1652
1258 1332
1258 1356
1258 1460
1258 1625
1258 1976
1259 1691
1259 1849
1260 1689
1260 1978
1261 1532
1261 1776
1262 1640
1262 1709
1262 1824
1262 1893
1262 1936
1263 1446
1263 1490
1263 1503
1263 1928
1264 1407
1264 1422
1264 1678
1264 1713
1264 1823
1264 1856
1264 1874
1265 1827
1265 1892
1265 1997
1266 1473
1266 1529
1267 1534
1267 1536
1267 1596
1267 1772
1267 1880
1267 1960
1268 1459
1269 1277
1269 1379
1269 1450
1269 1477
1269 1591
1269 1901
1269 1971
1270 1364
1270 1639
1270 1821
1270 1849
1270 1964
1270 1988
1271 1274
1271 1383
1271 1845
1271 1864
1272 1396
1272 1672
1272 1822
1273 1319
1273 1416
1273 1485
1274 1766
1275 1542
1275 1829
1275 1914
1276 1311
1277 1307
1277 1358
1277 1511
1277 1603
1277 1724
1278 1283
1278 1514
1278 1540
1278 1710
1278 1907
1279 1308
1280 1550
1281 1613
1281 1767
1281 1813
1282 1413
1282 1661
1282 1720
1282 1941
1282 1952
1283 1355
1283 1357
1283 1607
1283 1737
1283 1799
1284 1643
1285 1696
1285 1742
1286 1541
1286 1607
1286 1640
1286 1698
1286 1909
1286 1982
1287 1553
1287 1601
1287 1799
1287 1895
1288 1388
1288 1623
1288 1789
1288 1882
1289 1576
1289 1693
1289 1782
1290 1418
1290 1558
1290 1735
1291 1627
1291 1832
1292 1323
1292 1619
1292 1696
1292 1829
1293 1472
1293 1489
1293 1720
1293 1755
1294 1506
1294 1746
1294 1824
1295 1391
1295 1621
1295 1763
1296 1486
1296 1515
1296 1603
1296 1734
1297 1386
1297 1797
1298 1692
1298 1934
1298 1982
1299 1355
1299 1363
1299 1372
1299 1590
1300 1316
1300 1972
1301 1432
1302 1458
1302 1605
1302 1626
1302 1780
1302 1857
1303 1366
1303 1738
1303 1772
1304 1536
1304 1697
1304 1860
1305 1609
1305 1745
1306 1345
1306 1536
1306 1791
1307 1453
1307 1523
1307 1643
1308 1492
1308 1573
1308 1912
1309 1375
1309 1482
1309 1679
1309 1840
1309 1892
1310 1665
1310 1753
1311 1335
1311 1407
1311 1411
1311 1481
1311 1530
1311 1666
1311 1820
1312 1912
1313 1392
1313 1501
1313 1941
1314 1755
1315 1401
1315 1653
1315 1722
1315 1748
1315 1794
1315 1816
1315 1953
1316 1393
1316 1532
1317 1428
1317 1483
1318 1546
1318 1942
1319 1471
1319 1890
1319 1894
1320 1389
1320 1504
1320 1516
1320 1901
1321 1632
1321 1642
1321 1741
1323 1570
1323 1901
1323 1912
1325 1822
1325 1897
1326 1462
1326 1494
1326 1567
1326 1629
1326 1639
1326 1695
1326 1862
1327 1693
1328 1483
1328 1731
1329 1387
1329 1917
1330 1655
1330 1698
1330 1729
1331 1585
1331 1906
1331 1999
1332 1697
1333 1513
1333 1724
1334 1347
1334 1960
1335 1650
1335 1968
1336 1836
1337 1401
1337 1563
1337 1631
1337 1678
1337 1916
1338 1351
1338 1649
1338 1767
1338 1902
1339 1474
1339 1638
1340 1405
1340 1410
1340 1444
1340 1497
1340 1634
1340 1757
1340 1966
1341 1374
1341 1423
1341 1720
1341 1971
1342 1396
1343 1409
1343 1725
1344 1417
1344 1527
1344 1533
1344 1586
1344 1692
1344 1712
1344 1748
1345 1469
1345 1513
1345 1695
1345 1761
1346 1732
1347 1397
1347 1947
1348 1468
1348 1791
1349 1509
1349 1559
1349 1624
1349 1912
1349 1942
1350 1730
1350 1801
1351 1449
1351 1639
1351 1974
1352 1630
1352 1983
1354 1629
1354 1642
1355 1456
1355 1571
1355 1959
1355 1980
1357 1645
1357 1772
1358 1522
1358 1643
1358 1894
1358 1920
1358 1931
1358 1943
1359 1458
1359 1506
1359 1605
1359 1632
1359 1687
1359 1815
1360 1634
1360 1654
1360 1804
1361 1377
1361 1516
1361 1757
1362 1720
1362 1871
1362 1924
1363 1443
1363 1795
1363 1833
1364 1409
1364 1455
1364 1598
1364 1724
1364 1873
1366 1688
1366 1722
1366 1737
1366 1791
1366 1864
1367 1527
1368 1664
1369 1469
1369 1589
1370 1910
1371 1703
1371 1714
1371 1793
1371 1903
1371 1943
1372 1664
1372 1732
1373 1539
1373 1926
1374 1428
1374 1655
1375 1432
1375 1879
1375 1937
1376 1648
1376 1850
1377 1711
1377 1744
1377 1873
1377 1903
1378 1486
1379 1694
1379 1722
1380 1641
1380 1741
1381 1468
1381 1527
1382 1510
1382 1901
1382 1940
1383 1405
1383 1640
1383 1715
1383 1746
1384 1466
1384 1578
1384 1873
1384 1896
1385 1398
1385 1543
1385 1720
1386 1413
1386 1564
1386 1639
1386 1716
1386 1739
1387 1559
1388 1836
1388 1862
1389 1593
1389 1953
1390 1866
1390 1871
1390 1888
1390 1910
1390 1970
1391 1573
1391 1994
1392 1446
1392 1452
1392 1842
1392 1981
1393 1477
1393 1494
1393 1505
1393 1508
1393 1637
1393 1735
1394 1941
1395 1451
1395 1576
1395 1912
1396 1574
1396 1588
1397 1420
1397 1522
1397 1635
1397 1695
1397 1788
1397 1996
1398 1477
1398 1782
1400 1411
1400 1698
1400 1733
1400 1889
1401 1945
1402 1619
1402 1846
1402 1948
1403 1559
1403 1567
1404 1572
1404 1606
1404 1867
1405 1410
1405 1477
1405 1520
1405 1552
1405 1645
1405 1669
1405 1834
1406 1722
1406 1897
1407 1416
1407 1512
1407 1539
1407 1747
1408 1490
1408 1643
1408 1934
1409 1492
1409 1681
1409 1944
1409 1982
1410 1623
1410 1845
1411 1694
1411 1896
1412 1508
1412 1670
1412 1742
1413 1608
1413 1732
1414 1511
1414 1588
1414 1700
1414 1736
1414 1923
1414 1940
1415 1422
1415 1430
1415 1660
1417 1631
1417 1719
1418 1918
1419 1473
1419 1569
1419 1987
1419 1991
1420 1718
1421 1496
1421 1633
1422 1431
1422 1449
1422 1498
1422 1867
1422 1882
1422 1956
1423 1431
1423 1679
1423 1902
1423 1929
1423 1979
1424 1879
1425 1687
1425 1803
1425 1847
1425 1858
1426 1601
1426 1824
1426 1831
1426 1991
1427 1497
1427 1820
1427 1893
1428 1780
1428 1830
1428 1896
1429 1651
1430 1489
1430 1630
1430 1923
1432 1664
1432 1785
1433 1693
1433 1841
1434 1502
1434 1719
1435 1660
1435 1685
1435 1911
1436 1609
1436 1797
1437 1673
1437 1700
1437 1785
1437 1988
1438 1608
1438 1792
1440 1455
1441 1643
1441 1687
1441 1716
1442 1647
1443 1631
1444 1719
1445 1934
1446 1700
1447 1614
1447 1648
1447 1719
1448 1554
1448 1892
1449 1469
1451 1519
1451 1574
1451 1857
1452 1514
1452 1913
1453 1529
1453 1860
1454 1492
1454 1554
1454 1764
1455 1656
1455 1740
1455 1791
1455 1964
1456 1665
1456 1815
1456 1837
1456 1858
1457 1640
1457 1789
1457 1904
1457 1912
1458 1585
1458 1666
1458 1968
1459 1678
1459 1965
1460 1942
1461 1587
1461 1894
1462 1494
1463 1628
1464 1775
1465 1493
1465 1586
1466 1509
1466 1820
1467 1839
1467 1907
1468 1510
1468 1694
1469 1558
1469 1671
1470 1943
1471 1523
1471 1656
1471 1666
1471 1937
1472 1507
1472 1957
1473 1737
1473 1890
1473 1958
1473 1987
1474 1722
1475 1516
1475 1549
1475 1602
1475 1912
1475 1937
1475 1958
1476 1533
1477 1808
1478 1565
1478 1615
1479 1566
1479 1568
1479 1601
1479 1723
1480 1684
1480 1817
1480 1962
1481 1526
1482 1543
1482 1644
1483 1504
1483 1805
1485 1511
1485 1583
1486 1489
1486 1644
1487 1959
1488 1501
1488 1747
1489 1949
1489 1958
1489 1990
1490 1810
1490 1948
1491 1518
1491 1630
1491 1811
1491 1822
1491 1843
1492 1583
1494 1582
1495 1815
1495 1864
1496 1967
1497 1510
1497 1723
1498 1637
1499 1737
1499 1902
1500 1574
1500 1919
1501 1615
1501 1779
1502 1669
1502 1734
1502 1977
1503 1618
1503 1799
1503 1868
1503 1970
1504 1597
1504 1687
1506 1736
1507 1808
1508 1602
1508 1610
1509 1642
1510 1780
1510 1946
1511 1897
1512 1588
1512 1773
1512 1822
1513 1750
1514 1594
1514 1726
1514 1826
1514 1904
1515 1778
1515 1908
1515 1970
1516 1599
1516 1727
1516 1761
1516 1789
1517 1692
1517 1693
1517 1766
1518 1844
1518 1959
1519 1889
1519 1909
1519 1999
1520 1592
1520 1599
1520 1702
1520 1816
1520 1927
1521 1609
1521 1645
1521 1802
1521 1973
1521 1981
1522 1627
1522 1751
1522 1768
1523 1608
1523 1719
1523 1825
1523 1916
1524 1749
1524 1837
1524 1920
1525 1571
1525 1636
1525 1844
1525 1855
1525 1901
1526 1621
1526 1746
1527 1562
1527 1626
1527 1962
1527 1980
1529 1539
1529 1776
1529 1784
1529 1951
1530 1687
1530 1969
1531 1544
1532 1816
1533 1999
1534 1992
1535 1985
1537 1935
1538 1734
1538 1871
1538 1925
1539 1618
1539 1718
1539 1868
1540 1647
1540 1708
1540 1883
1540 1920
1540 1924
1541 1687
1543 1844
1543 1953
1545 1616
1545 1723
1549 1709
1550 1941
1551 1779
1551 1976
1555 1755
1555 1796
1555 1823
1556 1681
1556 1908
1556 1954
1556 1966
1558 1867
1560 1714
1561 1563
1561 1972
1562 1834
1562 1860
1562 1961
1563 1696
1563 1783
1564 1658
1564 1684
1564 1894
1564 1919
1565 1861
1565 1907
1565 1970
1566 1644
1567 1580
1567 1596
1567 1623
1567 1672
1567 1988
1568 1941
1569 1947
1570 1665
1571 1600
1571 1607
1571 1679
1571 1797
1572 1958
1573 1664
1573 1797
1573 1931
1573 1961
1574 1748
1574 1770
1574 1883
1575 1642
1575 1740
1575 1833
1576 1591
1576 1654
1577 1784
1577 1827
1578 1680
1578 1872
1578 1950
1579 1616
1579 1795
1579 1911
1580 1681
1580 1802
1582 1747
1582 1792
1582 1866
1583 1819
1583 1835
1583 1846
1583 1958
1584 1666
1584 1762
1584 1806
1585 1998
1586 1981
1587 1601
1588 1828
1588 1956
1589 1706
1589 1931
1589 1951
1590 1821
1590 1970
1591 1904
1592 1699
1593 1738
1594 1834
1594 1865
1595 1810
1597 1705
1597 1806
1597 1866
1597 1904
1599 1747
1600 1711
1601 1895
1603 1813
1604 1655
1604 1790
1604 1998
1606 1681
1606 1922
1608 1703
1608 1778
1608 1789
1608 1855
1608 1978
1608 1979
1609 1641
1609 1715
1609 1719
1612 1872
1612 1911
1613 1667
1613 1870
1613 1948
1614 1723
1614 1958
1615 1968
1616 1805
1616 1904
1617 1744
1617 1863
1618 1619
1618 1628
1618 1706
1618 1844
1619 1780
1619 1866
1620 1704
1620 1742
1621 1637
1621 1694
1621 1995
1623 1681
1623 1993
1625 1764
1626 1793
1626 1866
1627 1923
1628 1967
1629 1855
1629 1887
1629 1916
1630 1664
1631 1775
1631 1859
1632 1709
1633 1821
1634 1896
1634 1907
1636 1699
1637 1880
1637 1881
1639 1919
1639 1986
1641 1648
1641 1720
1642 1772
1642 1918
1644 1681
1644 1794
1644 1929
1645 1657
1645 1792
1646 1702
1646 1826
1647 1833
1648 1830
1648 1911
1649 1664
1649 1741
1650 1686
1650 1804
1650 1877
1650 1977
1651 1734
1651 1817
1652 1886
1653 1928
1653 1980
1654 1711
1655 1704
1655 1850
1656 1816
1656 1904
1658 1780
1658 1830
1659 1883
1659 1941
1659 1989
1660 1674
1660 1956
1660 1977
1661 1869
1661 1951
1663 1705
1663 1899
1663 1932
1664 1737
1664 1771
1664 1993
1665 1887
1666 1709
1666 1767
1666 1784
1666 1808
1667 1733
1668 1918
1669 1688
1670 1927
1671 1930
1673 1771
1673 1775
1673 1851
1674 1952
1675 1704
1676 1897
1677 1774
1678 1854
1679 1834
1680 1749
1681 1905
1681 1978
1682 1813
1682 1847
1682 1932
1683 1825
1683 1850
1684 1710
1684 1778
1686 1905
1687 1844
1688 1792
1689 1870
1690 1951
1691 1773
1692 1716
1692 1770
1693 1893
1694 1764
1694 1851
1694 1914
1695 1903
1696 1736
1696 1990
1696 1994
1697 1709
1699 1825
1700 1984
1702 1730
1702 1742
1702 1963
1703 1879
1706 1886
1707 1947
1709 1711
1709 1746
1710 1879
1710 1914
1711 1788
1711 1968
1712 1756
1713 1745
1713 1842
1714 1724
1715 1899
1716 1861
1717 1813
1717 1825
1719 1799
1722 1724
1723 1861
1723 1883
1724 1845
1725 1733
1725 1761
1725 1764
1726 1934
1727 1815
1727 1930
1729 1740
1730 1737
1730 1813
1730 1928
1730 1964
1730 1969
1732 1755
1732 1932
1732 1942
1732 1948
1733 1744
1733 1990
1734 1875
1735 1909
1736 1866
1737 1804
1737 1939
1737 1995
1738 1765
1738 1817
1738 1937
1739 1841
1741 1977
1742 1917
1743 1764
1743 1821
1744 1772
1744 1799
1748 1770
1749 1909
1750 1848
1752 1841
1755 1832
1755 1924
1756 1832
1757 1815
1757 1898
1757 1931
1760 1809
1760 1822
1760 1868
1760 1954
1761 1761
1761 1890
1761 1919
1762 1782
1763 1819
1764 1999
1765 1920
1765 1993
1766 1898
1767 1884
1768 1892
1769 1777
1769 1832
1770 1877
1770 1973
1772 1970
1774 1892
1776 1839
1777 1853
1777 1855
1778 1799
1778 1814
1780 1994
1781 1783
1782 1867
1785 1973
1786 1796
1786 1887
1786 1969
1787 1900
1787 1953
1787 1980
1791 1841
1792 1869
1794 1803
1796 1820
1796 1861
1797 1857
1797 1934
1798 1810
1798 1937
1798 1964
1800 1831
1801 1929
1802 1954
1802 1965
1803 1906
1804 1915
1806 1871
1807 1815
1807 1977
1808 1977
1809 1999
1811 1887
1811 1936
1812 1898
1815 1894
1816 1840
1820 1921
1820 1926
1820 1955
1820 1990
1821 1908
1821 1922
1821 1986
1823 1917
1824 1851
1825 1971
1826 1837
1826 1843
1827 1876
1827 1886
1828 1987
1829 1845
1831 1903
1832 1870
1834 1845
1834 1913
1835 1995
1840 1986
1841 1989
1841 1998
1843 1886
1843 1942
1845 1908
1845 1992
1846 1981
1847 1868
1851 1939
1851 1962
1854 1986
1855 1948
1856 1905
1858 1879
1860 1956
1861 1997
1863 1883
1863 1938
1865 1901
1865 1974
1866 1868
1868 1965
1870 1979
1872 1998
1873 1991
1874 1929
1874 1939
1876 1889
1876 1928
1877 1934
1882 1897
1882 1999
1885 1973
1887 1962
1888 1915
1888 1983
1889 1990
1892 1906
1896 1907
1896 1975
1902 1986
1903 1998
1915 1989
1917 1938
1921 1955
1922 1981
1931 1972
1934 1944
1940 1995
1941 1991
1942 1956
1943 1952
1949 1957
1949 1964
1950 1981
1951 1997
1954 1960
1955 1995
1959 1985
1979 1999
1980 1992
1982 1988
1990 1994
1992 1995
