2000
2 478
2 508
2 1723
3 1572
4 106
5 820
5 970
5 1639
5 1749
6 769
6 860
6 1242
6 1493
7 104
7 1906
8 1434
8 1893
9 1195
9 1220
10 180
10 1391
10 1591
11 784
11 1121
11 1183
12 112
12 956
12 1039
14 966
14 1891
15 765
16 833
16 862
17 492
17 1727
18 674
18 1207
19 68
19 562
19 827
19 1450
19 1518
20 908
20 1009
20 1642
20 1969
21 50
21 611
21 1242
23 352
23 366
23 580
24 723
24 945
24 1852
25 600
25 768
26 298
26 1398
27 320
27 1119
27 1738
27 1873
28 1249
28 1559
30 921
30 1292
32 78
32 959
32 1067
33 369
33 1262
33 1275
34 487
34 1509
35 472
35 484
35 635
35 1611
35 1788
35 1980
37 46
37 434
37 1933
38 186
38 200
38 308
38 426
38 435
38 1128
39 373
39 965
39 1177
39 1186
39 1274
40 708
40 1715
41 432
41 1220
42 1534
42 1866
42 1910
43 394
43 1396
43 1701
43 1872
43 1927
44 1129
44 1132
45 59
45 1634
46 409
47 735
47 1862
48 564
49 1684
50 1935
50 1984
51 750
51 1603
52 938
52 1253
53 287
53 325
53 421
53 646
53 766
53 832
53 1560
55 863
55 1104
56 859
57 888
57 966
57 1315
57 1890
58 595
59 621
60 505
60 637
60 857
60 1694
60 1831
61 252
61 521
61 837
62 417
63 94
63 789
63 824
64 365
64 520
64 1448
64 1537
64 1875
65 308
65 710
65 1748
66 474
66 773
66 851
66 897
67 430
67 1068
67 1723
68 690
68 1048
69 467
69 742
69 917
69 1955
71 530
71 595
72 139
72 1347
73 207
73 895
73 1090
73 1336
73 1606
73 1761
74 532
75 389
75 1096
76 204
77 1744
78 604
78 1048
78 1146
78 1820
79 1679
80 1118
80 1612
81 785
82 581
82 1286
83 1357
84 1589
85 427
85 1351
85 1964
86 628
86 1173
86 1404
86 1463
87 303
87 1361
87 1503
87 1627
88 1061
89 460
89 615
89 1233
90 876
90 1596
90 1862
91 743
92 320
92 1071
92 1550
93 1667
94 402
94 485
94 1159
95 503
96 186
96 523
97 124
98 1699
99 1414
99 1961
101 148
101 462
101 855
101 987
102 1305
102 1486
103 280
103 322
103 1247
103 1381
103 1903
104 1241
104 1673
105 508
105 1113
106 472
107 1435
108 275
108 1923
109 530
109 1480
110 1110
110 1581
110 1702
111 415
111 496
111 767
111 1520
111 1978
112 438
112 473
113 831
113 905
113 1056
113 1430
114 410
114 1572
115 996
116 889
117 233
117 1083
117 1782
117 1889
118 832
118 927
118 1410
119 745
119 1136
119 1174
119 1344
120 417
120 482
120 1543
120 1828
121 922
121 1380
122 1244
123 167
123 1021
124 162
124 751
124 913
124 1022
124 1862
125 275
125 328
126 731
126 1039
127 221
127 648
128 1336
129 1381
129 1692
130 1624
131 232
131 434
131 1281
132 266
132 1107
132 1369
132 1646
132 1647
133 188
133 660
134 891
135 1637
135 1777
136 395
136 401
136 641
136 891
137 490
137 1768
137 1884
138 239
138 887
138 1607
139 1107
139 1250
139 1762
140 1653
141 1191
141 1376
141 1582
142 1251
142 1463
142 1878
143 845
143 886
143 975
143 1922
144 964
144 1073
144 1127
144 1243
146 490
146 816
147 172
147 321
147 365
147 535
147 1822
147 1858
147 1894
148 301
148 487
148 1096
148 1657
148 1853
148 1900
149 385
149 1231
150 1237
150 1969
151 1579
152 375
152 738
152 912
152 1342
154 451
154 1628
155 156
155 975
155 1890
156 802
156 1058
156 1800
156 1816
157 802
157 1887
157 1932
158 567
159 1667
160 1123
160 1259
161 466
161 1449
162 573
163 228
163 389
163 1338
164 279
164 354
164 764
165 454
165 1826
165 1899
166 726
166 937
168 425
168 475
168 1350
169 274
169 817
169 867
169 1034
170 322
170 508
170 948
170 1308
170 1949
171 604
171 1577
172 376
172 762
172 846
172 1030
173 784
173 1117
175 288
175 734
175 865
175 1157
175 1270
176 176
176 378
176 1925
177 1443
178 673
178 963
178 1062
178 1225
178 1633
180 1325
181 593
181 635
182 1383
182 1735
183 1304
183 1530
183 1804
184 927
184 1510
185 674
185 1973
186 979
187 527
188 260
188 741
188 888
188 1235
189 621
191 377
191 936
191 1637
191 1766
193 1648
193 1982
195 628
195 985
197 1182
198 306
198 1252
198 1898
199 1706
199 1717
199 1981
200 540
200 839
200 1109
200 1763
201 261
201 300
201 911
201 1571
201 1965
202 797
202 1899
203 234
203 628
203 1352
204 244
204 460
204 1566
204 1759
205 721
206 1213
206 1728
207 1204
207 1377
208 416
208 914
209 581
209 751
209 1170
209 1488
211 438
211 772
212 979
213 346
213 400
213 855
213 1708
213 1888
214 255
214 1294
214 1428
214 1548
215 860
215 949
215 1388
216 581
216 602
216 1213
216 1336
216 1676
216 1897
217 750
218 682
218 1206
219 432
220 315
220 1972
221 992
221 1125
222 910
222 1105
223 864
223 1658
224 1633
225 1449
226 1852
227 531
227 1605
228 782
228 1340
228 1410
228 1580
228 1729
229 1069
229 1562
229 1910
230 370
230 1580
230 1711
232 845
233 1561
233 1581
233 1629
234 1000
235 373
235 428
235 1333
235 1719
237 1564
238 917
238 1633
238 1936
239 387
239 1925
240 317
240 583
240 1068
240 1454
240 1531
242 373
242 1238
243 478
243 545
244 333
244 1549
245 1066
246 1640
246 1970
247 589
247 656
247 1365
248 856
248 1104
248 1340
249 957
249 1280
250 509
250 833
250 848
251 850
251 1560
252 1531
253 298
253 763
253 816
253 1110
253 1885
254 790
254 1294
254 1433
254 1942
255 1960
256 376
256 810
257 490
257 788
257 874
257 1017
258 1470
258 1493
260 271
260 469
260 628
261 1161
262 1474
263 309
263 987
263 1515
263 1618
264 490
264 944
264 1105
264 1962
265 283
265 1566
266 993
266 1680
266 1778
267 402
267 757
267 1628
268 397
268 685
268 1019
268 1924
269 1853
269 1988
271 862
271 1146
272 1879
273 335
274 946
274 970
274 1337
275 307
275 1942
276 397
277 1877
278 1057
278 1348
279 379
279 920
280 301
280 1499
281 691
281 1800
281 1840
282 1451
282 1789
283 337
283 860
283 1756
283 1879
284 1704
285 1325
286 1309
287 620
287 650
287 821
287 1731
287 1882
287 1980
288 685
288 797
288 1724
289 311
289 1825
290 427
290 822
290 1301
292 918
293 1433
293 1716
294 810
294 1055
294 1237
295 825
295 1500
295 1558
295 1607
295 1670
296 727
296 941
297 948
297 1089
298 370
298 1323
298 1324
298 1881
299 1145
299 1429
300 967
301 783
301 1191
301 1983
303 577
303 1930
305 321
305 930
305 1564
305 1865
308 746
308 1010
309 1428
309 1963
310 437
310 1159
310 1869
310 1965
311 1485
312 1334
312 1618
312 1767
312 1871
313 671
313 766
314 1093
315 751
315 1159
316 822
316 1141
317 400
319 574
319 867
319 869
319 1231
319 1291
319 1422
319 1793
319 1967
320 1057
321 1130
321 1594
322 561
322 1053
322 1138
322 1228
322 1267
322 1397
323 1285
324 418
324 988
325 738
325 1827
325 1952
326 1034
326 1321
328 657
328 677
328 1207
328 1487
328 1499
328 1909
329 760
330 479
330 520
330 522
330 1851
331 456
331 984
331 1260
332 584
334 865
334 1111
334 1603
335 1639
336 1277
337 1443
337 1961
338 977
338 1118
339 1073
340 435
341 938
341 1167
342 1084
342 1397
343 770
344 1447
345 1540
346 1592
347 374
347 901
347 1292
348 413
348 454
348 1061
348 1477
349 1960
349 1986
350 694
350 1438
351 593
351 726
351 745
351 926
351 1200
352 909
352 1813
352 1884
353 1422
353 1653
353 1945
354 515
354 1589
354 1853
355 1185
356 783
356 1976
357 360
357 1429
357 1624
358 465
358 1333
358 1480
358 1594
358 1721
358 1874
359 1292
359 1340
360 470
360 582
360 965
360 1628
360 1990
361 467
361 850
361 1551
361 1748
361 1978
362 988
362 1256
362 1524
362 1866
363 1685
363 1858
364 871
364 1069
364 1637
365 372
365 1650
365 1729
366 652
366 1097
367 1012
367 1828
368 655
368 976
368 1078
369 442
369 594
369 1313
369 1607
370 1466
371 426
371 1699
372 1673
373 1259
373 1856
376 1413
378 1720
379 610
379 684
379 903
379 1357
379 1431
381 553
381 882
381 1246
382 629
383 1186
383 1493
383 1848
383 1917
384 695
385 1105
385 1620
386 631
386 925
386 1035
386 1624
387 513
387 761
388 1796
389 1567
390 826
390 875
390 1292
390 1625
391 1355
391 1937
392 500
392 1230
393 1301
393 1701
393 1754
394 629
395 1448
395 1757
396 871
397 941
397 988
397 1677
397 1879
398 1204
399 1250
399 1977
401 467
401 542
402 625
402 740
402 885
402 927
402 977
402 988
402 1574
402 1988
403 824
403 1864
404 992
404 1276
404 1520
405 412
406 503
406 1878
407 669
407 998
408 1001
409 1057
410 643
410 789
410 1862
412 778
412 1416
412 1430
413 703
413 992
413 1687
413 1714
415 499
415 632
415 1520
415 1540
416 798
416 900
416 1310
416 1939
417 656
417 1208
417 1232
417 1501
418 560
418 910
418 1290
418 1363
418 1406
418 1667
419 1712
420 720
420 971
420 1816
421 1664
422 743
422 756
423 1119
424 714
424 1225
425 736
425 1264
425 1738
425 1778
426 457
426 856
426 977
427 566
428 582
428 693
428 1525
429 795
429 859
429 1958
429 1982
430 1450
430 1939
431 834
431 1195
432 522
432 1251
433 518
434 552
434 689
434 1048
434 1055
434 1784
434 1876
435 865
435 1005
435 1265
435 1371
436 1689
437 556
437 965
437 966
437 1516
438 861
439 619
439 1316
439 1407
439 1878
441 995
443 955
443 1829
445 737
445 1480
445 1806
446 1118
446 1318
446 1452
446 1477
446 1486
448 932
448 1539
448 1854
449 1113
449 1696
449 1955
450 704
450 858
450 1457
450 1859
450 1888
451 1774
452 1235
452 1351
452 1878
452 1900
453 1033
455 1690
455 1697
456 1632
457 783
457 1107
458 748
458 1090
459 843
460 763
460 1365
460 1591
460 1716
461 916
461 1350
461 1613
462 825
462 875
463 522
463 642
463 1978
464 691
464 1166
464 1312
464 1337
464 1704
465 1452
466 1170
467 728
470 701
471 1593
471 1765
472 1242
473 1154
473 1185
474 917
476 485
476 522
476 963
476 1943
477 1577
478 902
478 1138
479 882
480 1405
481 781
481 1260
481 1321
481 1515
482 578
482 1127
483 1470
483 1883
484 671
484 1908
485 747
485 764
485 1562
486 990
486 1404
487 1720
487 1905
487 1947
488 1935
489 1455
489 1856
489 1961
490 538
490 1267
491 994
491 1516
492 1437
493 1044
493 1140
493 1686
494 1302
494 1800
495 975
495 1192
495 1727
495 1892
496 1496
496 1870
497 621
497 1263
497 1329
497 1523
497 1904
498 590
498 1905
500 548
501 905
501 1333
502 1040
502 1281
503 1836
504 1111
504 1182
504 1777
505 509
505 1070
505 1492
505 1956
505 1973
506 534
506 796
506 1428
507 768
507 1202
508 1311
508 1615
509 1354
510 1877
511 1530
511 1660
513 586
513 838
513 965
513 1339
513 1873
513 1924
514 737
514 1590
516 1278
516 1803
517 941
517 1367
517 1989
519 634
520 713
520 922
520 1108
520 1176
521 1793
521 1966
522 598
523 1143
523 1387
525 894
525 1419
526 535
526 1807
526 1901
527 1237
527 1245
527 1631
529 674
529 912
530 1480
530 1657
531 883
531 1024
531 1188
531 1225
532 1542
533 673
533 924
534 914
534 1019
534 1054
534 1059
534 1460
535 1817
536 618
536 1060
536 1082
536 1450
537 608
538 1764
541 990
541 1415
542 1451
542 1499
543 1370
544 1753
545 645
545 1584
545 1731
547 807
548 931
549 802
549 1437
549 1841
550 750
550 1579
550 1648
552 870
552 1446
553 1083
553 1713
554 1525
555 694
555 1688
555 1727
556 1389
557 1910
558 758
558 1531
558 1709
558 1929
559 1281
559 1571
560 1503
560 1509
560 1882
561 590
561 1977
562 1666
562 1798
563 698
563 853
563 1442
564 1830
565 1030
565 1292
565 1354
565 1532
565 1772
566 1548
566 1975
567 787
567 1403
567 1813
568 1483
569 645
570 1078
570 1786
571 1256
571 1616
571 1903
572 797
573 1492
573 1702
574 758
574 884
574 1748
575 855
575 971
575 1734
576 961
576 983
577 1079
578 736
578 980
578 1063
579 665
580 646
580 719
581 1935
582 975
583 1346
584 978
584 1052
584 1819
584 1829
585 784
585 827
585 1496
585 1504
586 835
586 1218
586 1447
589 1452
591 1533
592 873
592 1684
593 597
593 727
594 631
594 1845
595 1648
596 597
596 1038
596 1397
597 1803
597 1877
598 664
598 1016
598 1485
599 861
599 1336
600 1302
600 1916
601 872
601 1192
601 1673
601 1711
602 772
604 636
605 1756
606 1037
608 889
609 1258
610 1105
611 720
611 1334
611 1466
611 1749
611 1806
612 976
612 980
612 1397
612 1586
614 1373
615 917
615 1068
616 1060
616 1396
616 1678
617 1181
618 971
618 1710
620 1290
620 1805
621 1151
621 1466
621 1579
623 1478
623 1625
626 1013
626 1163
626 1490
627 817
627 875
627 1409
628 1347
628 1623
629 1889
629 1911
629 1999
630 1045
631 1997
632 925
632 960
632 1943
633 913
633 1129
634 807
634 1027
635 1489
635 1780
636 872
637 884
637 1214
637 1830
638 1224
638 1278
639 653
639 1472
639 1759
640 1127
640 1928
641 871
641 1793
642 1138
643 797
643 1336
643 1513
644 1567
644 1903
647 701
647 1371
647 1786
648 921
648 1862
648 1913
649 1002
650 1157
651 1838
652 697
652 740
653 821
653 1106
653 1268
653 1295
653 1336
654 1648
655 881
656 1686
656 1950
657 911
657 998
657 1186
657 1557
659 779
659 1562
660 806
660 1289
661 802
662 1225
664 1390
665 1938
667 839
667 1155
668 1452
668 1743
669 1783
670 958
671 1528
673 1425
673 1453
673 1506
673 1815
673 1908
674 1275
674 1387
675 837
675 1067
675 1718
676 973
676 1891
677 1059
677 1060
677 1222
677 1358
678 1246
679 809
679 1177
680 1233
680 1362
681 740
681 942
681 1140
681 1557
681 1996
682 854
682 876
682 1487
683 704
684 684
684 933
684 1022
684 1150
684 1735
685 1407
686 1541
687 1187
687 1643
688 708
688 1113
688 1191
688 1510
688 1529
688 1709
690 1438
690 1674
691 1548
693 930
693 1839
693 1949
694 1031
695 1645
697 1783
697 1922
700 1814
702 1157
702 1270
703 1785
704 1118
704 1319
704 1499
704 1820
705 1071
705 1281
705 1347
706 851
706 1419
707 1512
707 1788
708 888
708 1298
708 1503
708 1938
709 1683
710 852
710 1686
711 742
711 817
711 1668
712 1843
712 1955
714 1532
714 1858
714 1963
717 1764
718 1760
719 1078
719 1112
719 1127
719 1768
720 1749
721 1463
721 1763
722 1110
723 867
723 1387
724 862
724 1368
724 1608
726 860
726 1030
726 1064
726 1545
728 1228
728 1242
729 1119
729 1139
730 1176
730 1270
731 1119
731 1227
732 1692
732 1894
733 1080
733 1215
734 1219
734 1275
735 803
735 1033
736 1206
736 1612
737 793
737 1591
737 1603
738 826
738 1112
738 1645
738 1716
739 1697
739 1948
740 1149
740 1347
741 777
741 1503
741 1631
742 1044
742 1588
743 1353
743 1843
743 1952
744 1028
745 1104
745 1888
746 1237
746 1821
747 1326
747 1886
748 1988
749 1016
749 1411
750 1811
751 1410
751 1672
752 1957
754 1572
755 961
755 1815
756 1841
757 918
757 1078
757 1123
758 1088
758 1610
759 1001
760 1310
761 956
761 1318
761 1607
763 840
763 847
763 1164
763 1910
765 826
765 1579
768 1206
769 810
769 905
770 927
770 962
770 1370
771 1393
773 1214
773 1705
774 1233
775 1188
775 1820
776 1707
777 1402
779 1536
780 1876
781 967
781 1275
782 1434
782 1751
783 1142
783 1433
783 1790
783 1831
784 1791
785 1557
787 962
788 1514
791 814
791 1053
791 1900
792 1558
792 1807
792 1944
795 837
796 1681
797 798
797 1074
798 1937
799 1116
799 1139
799 1499
799 1737
799 1918
800 1397
801 1042
801 1263
802 1113
802 1184
804 1063
804 1142
804 1210
804 1356
804 1590
807 1607
808 1350
809 1483
810 901
811 813
811 980
811 1544
811 1598
812 1053
813 1845
815 916
815 1729
815 1755
816 827
816 1189
816 1929
818 1657
819 1748
821 1337
822 1201
822 1451
824 1260
824 1913
825 1271
825 1372
825 1791
826 1954
827 1754
827 1865
828 840
828 1126
829 1649
829 1705
830 1080
830 1893
830 1922
831 1013
831 1294
831 1731
832 838
832 904
832 1005
832 1893
833 1570
833 1655
835 1555
835 1634
836 1518
837 912
837 1390
837 1502
837 1677
838 991
838 1192
838 1665
839 1073
840 1215
841 1042
842 1445
842 1888
843 1814
845 971
845 1072
845 1895
846 1607
847 864
847 886
847 1944
848 963
848 1956
849 1054
849 1276
849 1584
849 1684
850 1087
850 1185
851 1054
851 1615
852 1202
854 1194
854 1563
854 1880
855 1021
855 1431
855 1585
856 1160
856 1416
856 1442
856 1473
856 1759
857 957
859 882
859 886
860 974
860 1817
861 1464
862 1319
863 1997
864 1046
864 1572
865 1530
865 1939
866 1408
867 1084
867 1327
868 913
868 988
868 1160
868 1386
869 1768
870 1216
870 1498
871 1044
872 1081
872 1299
873 981
874 1234
875 1031
876 1159
877 1386
877 1441
877 1496
880 1197
880 1918
881 1050
882 1130
882 1428
882 1976
883 1001
884 1096
884 1447
884 1742
885 1628
885 1898
886 1298
886 1889
886 1962
887 1752
890 1281
890 1393
892 1671
893 1434
894 1586
894 1833
896 1926
898 1712
898 1731
899 1708
899 1928
900 1429
900 1553
900 1790
902 1287
902 1666
902 1943
903 1173
903 1475
904 1891
905 1279
905 1454
905 1489
906 1493
906 1545
907 1738
908 1184
908 1673
909 1734
910 1225
910 1327
910 1635
912 1091
913 1821
913 1912
914 1849
915 1369
916 1275
917 1074
918 1824
919 1526
919 1747
919 1768
919 1925
922 1580
923 1714
924 1574
925 1863
927 934
927 992
927 1842
929 1138
930 1201
930 1205
931 1820
932 1000
932 1329
933 1870
934 1261
935 1270
936 1059
936 1326
936 1551
937 1534
938 1089
938 1680
939 1386
939 1923
940 1560
941 1067
942 1038
942 1570
943 1476
944 1601
945 1488
945 1552
946 1347
946 1728
946 1890
949 1485
950 1130
952 998
953 1292
955 1693
956 1088
957 1498
957 1595
957 1854
958 1308
958 1670
959 1104
959 1664
961 1105
962 1544
963 970
963 1635
964 1164
964 1310
966 970
967 1357
967 1488
968 1061
968 1171
968 1611
968 1801
969 1256
969 1360
969 1922
970 1503
970 1903
971 1411
973 1003
975 1005
975 1936
976 996
976 1427
977 1806
978 1075
978 1854
978 1970
979 1871
981 995
981 1107
981 1419
981 1736
982 1283
985 1570
985 1987
987 1344
987 1986
988 1109
988 1973
989 1086
989 1143
989 1366
989 1874
990 1289
991 1281
991 1509
991 1700
993 1277
997 1138
997 1445
998 1093
999 1209
999 1322
1000 1868
1001 1119
1001 1204
1002 1096
1003 1697
1004 1604
1004 1980
1005 1609
1008 1637
1008 1805
1009 1814
1010 1884
1011 1579
1011 1731
1011 1879
1011 1955
1012 1623
1012 1971
1014 1863
1015 1631
1015 1718
1018 1642
1018 1850
1019 1220
1021 1661
1022 1296
1022 1848
1022 1921
1023 1279
1025 1075
1025 1534
1026 1186
1026 1510
1026 1582
1026 1645
1027 1565
1029 1755
1030 1613
1033 1471
1034 1490
1035 1095
1039 1535
1040 1805
1042 1621
1042 1738
1042 1834
1042 1923
1044 1447
1045 1434
1045 1989
1046 1265
1047 1237
1047 1934
1048 1193
1049 1895
1051 1122
1055 1780
1058 1564
1059 1524
1060 1147
1061 1989
1062 1238
1062 1498
1063 1076
1063 1545
1064 1427
1065 1125
1065 1184
1065 1774
1065 1898
1065 1923
1066 1470
1067 1284
1067 1312
1067 1411
1068 1409
1070 1459
1071 1840
1076 1249
1078 1792
1079 1584
1080 1991
1081 1196
1081 1902
1082 1467
1082 1757
1085 1374
1088 1407
1089 1541
1089 1617
1089 1827
1090 1108
1092 1742
1092 1945
1093 1776
1095 1225
1095 1489
1095 1700
1096 1111
1096 1777
1097 1771
1097 1792
1097 1900
1098 1297
1098 1395
1098 1679
1099 1391
1099 1764
1100 1287
1100 1418
1101 1457
1102 1312
1102 1952
1103 1604
1104 1164
1105 1754
1105 1763
1105 1950
1107 1285
1107 1421
1107 1623
1107 1648
1108 1705
1109 1790
1109 1910
1110 1375
1113 1551
1113 1572
1113 1576
1113 1665
1114 1268
1114 1909
1115 1312
1115 1391
1115 1422
1116 1498
1116 1708
1117 1443
1117 1482
1117 1569
1119 1123
1119 1231
1119 1770
1120 1203
1121 1579
1122 1139
1122 1866
1123 1529
1125 1574
1126 1497
1127 1649
1128 1445
1128 1518
1129 1139
1129 1705
1130 1355
1130 1835
1131 1514
1134 1655
1136 1984
1137 1343
1137 1420
1138 1781
1139 1417
1139 1679
1139 1988
1141 1997
1142 1490
1142 1644
1142 1902
1144 1413
1144 1523
1145 1334
1146 1251
1146 1374
1148 1887
1150 1512
1150 1997
1154 1261
1155 1337
1155 1485
1156 1212
1156 1619
1157 1977
1158 1366
1159 1962
1160 1224
1160 1358
1160 1481
1162 1701
1162 1727
1167 1957
1168 1205
1168 1782
1169 1426
1171 1815
1173 1187
1173 1725
1173 1935
1175 1579
1177 1465
1178 1300
1180 1722
1181 1741
1182 1920
1183 1726
1184 1203
1184 1234
1184 1629
1184 1901
1185 1435
1186 1850
1186 1880
1187 1288
1188 1249
1189 1337
1189 1512
1191 1624
1193 1468
1193 1743
1194 1854
1199 1830
1200 1941
1201 1454
1202 1303
1202 1533
1203 1790
1204 1725
1205 1977
1206 1556
1207 1349
1207 1567
1207 1581
1208 1849
1209 1486
1211 1376
1211 1934
1214 1233
1214 1458
1214 1852
1217 1331
1217 1667
1218 1617
1218 1724
1220 1725
1221 1756
1224 1812
1225 1480
1228 1378
1228 1629
1229 1990
1230 1800
1230 1840
1234 1442
1235 1465
1237 1823
1240 1249
1240 1816
1241 1474
1241 1607
1242 1979
1243 1309
1246 1499
1246 1515
1246 1913
1247 1470
1247 1780
1251 1758
1253 1799
1254 1814
1256 1492
1256 1619
1258 1545
1258 1747
1260 1659
1260 1731
1264 1748
1265 1357
1265 1407
1265 1456
1265 1768
1266 1761
1267 1974
1268 1268
1270 1736
1271 1945
1273 1303
1273 1524
1276 1773
1279 1983
1283 1484
1283 1751
1283 1811
1289 1929
1290 1528
1291 1428
1292 1631
1293 1298
1296 1655
1296 1672
1296 1937
1297 1846
1298 1375
1300 1565
1300 1873
1301 1839
1302 1642
1305 1925
1306 1579
1306 1675
1306 1956
1307 1650
1308 1565
1311 1497
1312 1550
1313 1822
1315 1379
1315 1631
1316 1914
1317 1657
1317 1894
1317 1973
1318 1527
1318 1551
1319 1389
1319 1788
1320 1944
1323 1492
1323 1603
1324 1424
1324 1735
1325 1420
1325 1750
1329 1388
1329 1689
1331 1753
1332 1780
1333 1557
1334 1754
1334 1831
1335 1970
1336 1585
1336 1671
1336 1834
1338 1450
1338 1628
1339 1911
1340 1583
1340 1860
1342 1439
1342 1911
1344 1500
1344 1768
1344 1844
1345 1566
1348 1974
1349 1498
1350 1588
1352 1869
1355 1399
1357 1476
1357 1751
1358 1696
1360 1713
1361 1775
1362 1797
1363 1522
1364 1880
1365 1703
1372 1756
1373 1978
1375 1481
1375 1767
1376 1572
1376 1772
1379 1600
1379 1789
1380 1458
1380 1962
1381 1662
1382 1491
1382 1510
1382 1657
1383 1449
1383 1520
1384 1904
1386 1650
1388 1675
1389 1665
1391 1686
1392 1532
1392 1929
1394 1806
1396 1702
1396 1853
1398 1816
1399 1905
1400 1816
1400 1908
1400 1950
1401 1452
1401 1970
1403 1450
1403 1844
1404 1588
1404 1734
1406 1559
1407 1751
1407 1927
1408 1514
1408 1537
1409 1833
1410 1943
1411 1421
1411 1957
1413 1707
1413 1807
1413 1855
1414 1882
1415 1520
1415 1756
1418 1669
1419 1479
1419 1563
1421 1819
1422 1538
1422 1833
1422 1854
1423 1755
1428 1921
1430 1508
1430 1987
1431 1610
1431 1867
1432 1802
1433 1867
1434 1607
1434 1835
1435 1526
1435 1860
1438 1515
1440 1563
1440 1577
1441 1526
1442 1888
1443 1562
1443 1837
1443 1909
1444 1699
1444 1842
1444 1897
1447 1464
1447 1616
1449 1823
1449 1948
1456 1754
1458 1834
1459 1807
1461 1898
1462 1779
1464 1496
1464 1530
1464 1538
1464 1821
1465 1825
1469 1948
1470 1930
1472 1534
1473 1584
1475 1778
1475 1983
1477 1756
1478 1543
1478 1623
1478 1735
1478 1952
1480 1508
1480 1959
1483 1665
1484 1487
1486 1748
1486 1858
1488 1945
1489 1807
1496 1946
1497 1578
1499 1818
1502 1801
1502 1948
1503 1831
1503 1986
1507 1741
1508 1964
1509 1738
1512 1623
1512 1873
1514 1825
1514 1948
1514 1951
1517 1724
1518 1845
1520 1579
1520 1614
1520 1720
1522 1938
1522 1967
1524 1626
1524 1821
1525 1834
1526 1744
1531 1683
1531 1996
1536 1866
1539 1549
1541 1701
1544 1905
1545 1920
1548 1879
1548 1958
1550 1550
1553 1914
1554 1814
1555 1602
1556 1890
1561 1756
1562 1682
1563 1799
1563 1851
1570 1973
1572 1612
1579 1615
1581 1639
1591 1874
1594 1618
1594 1924
1595 1694
1597 1720
1598 1969
1603 1756
1605 1912
1605 1927
1606 1948
1606 1971
1609 1729
1612 1887
1615 1729
1616 1945
1616 1984
1618 1762
1618 1828
1620 1879
1621 1812
1621 1994
1623 1859
1628 1949
1629 1729
1631 1826
1632 1959
1635 1874
1639 1935
1640 1648
1643 1744
1645 1663
1646 1720
1649 1797
1651 1654
1655 1753
1655 1754
1657 1843
1663 1989
1665 1824
1667 1673
1667 1955
1669 1690
1669 1899
1674 1956
1675 1735
1677 1701
1681 1700
1681 1914
1684 1739
1684 1901
1687 1807
1693 1764
1693 1936
1694 1739
1696 1864
1698 1757
1698 1896
1700 1836
1706 1826
1706 1832
1709 1844
1710 1840
1713 1738
1715 1862
1717 1871
1719 1794
1721 1936
1734 1833
1736 1783
1738 1741
1738 1849
1740 1753
1740 1936
1741 1889
1745 1754
1750 1869
1752 1817
1752 1883
1754 1787
1760 1952
1763 1971
1765 1888
1769 1774
1769 1811
1771 1955
1775 1802
1778 1934
1787 1824
1787 1946
1789 1806
1798 1882
1804 1932
1808 1890
1821 1996
1827 1829
1850 1943
1856 1952
1859 1983
1863 1980
1870 1903
1877 1915
1879 1999
1902 1948
1910 1919
1921 1994
1935 1940
1938 1945
