2000
0 71
0 84
0 308
0 549
0 588
0 1327
0 1633
0 1715
0 1792
1 220
1 246
1 1010
1 1620
1 1630
1 1811
2 387
2 510
2 702
2 769
2 841
2 1074
2 1285
2 1464
2 1673
3 44
3 748
3 818
3 1395
3 1410
3 1441
3 1923
4 41
4 103
4 206
4 602
4 783
4 1133
4 1478
4 1740
4 1965
5 136
5 512
5 988
5 1070
5 1129
5 1144
5 1203
5 1254
5 1393
5 1964
6 119
6 269
6 361
6 373
6 611
6 746
6 890
6 998
6 1466
7 68
7 216
7 277
7 299
7 488
7 502
7 549
7 759
7 1494
8 19
8 336
8 481
8 627
8 760
8 1343
8 1635
8 1823
8 1842
8 1894
9 258
9 1225
9 1237
9 1250
10 34
10 91
10 311
10 582
10 705
10 760
10 816
10 817
10 870
10 912
10 1010
10 1091
10 1264
10 1767
10 1773
10 1919
11 162
11 198
11 783
11 893
11 1040
11 1042
11 1045
11 1049
11 1093
11 1384
11 1454
11 1791
11 1924
12 15
12 18
12 353
12 474
12 635
12 754
12 764
12 1326
12 1328
12 1654
12 1743
13 123
13 769
13 1683
14 680
14 734
14 1135
14 1175
14 1279
14 1631
14 1699
14 1988
15 124
15 146
15 204
15 331
15 508
15 521
15 1115
15 1123
15 1713
15 1777
15 1950
16 101
16 227
16 309
16 660
16 977
16 1083
16 1084
16 1388
16 1653
16 1891
17 176
17 264
17 572
17 640
17 846
17 901
17 1028
17 1109
17 1658
17 1940
17 1947
18 310
18 414
18 441
18 815
18 888
18 948
18 1059
18 1086
18 1225
18 1357
18 1491
18 1499
18 1569
19 77
19 321
19 698
19 1681
19 1746
19 1835
20 187
20 537
20 617
20 1123
20 1234
20 1513
20 1759
21 488
21 523
21 996
21 1018
21 1099
21 1196
21 1363
21 1641
22 368
22 409
22 411
22 586
22 957
22 1102
22 1145
22 1659
22 1890
23 221
23 747
23 924
23 958
23 1110
23 1145
23 1148
23 1239
23 1309
23 1372
23 1586
23 1717
23 1963
24 93
24 283
24 613
24 1472
24 1819
24 1995
25 46
25 127
25 151
25 425
25 749
25 770
25 1020
25 1111
25 1375
25 1461
25 1465
25 1512
25 1634
25 1640
25 1751
25 1913
25 1935
26 145
26 422
26 505
26 663
26 989
26 1099
26 1441
26 1623
26 1631
26 1945
27 102
27 458
27 811
27 1060
27 1608
27 1832
28 56
28 139
28 263
28 289
28 438
28 531
28 742
28 882
28 1165
28 1196
28 1319
28 1328
28 1587
28 1720
28 1803
28 1882
29 124
29 220
29 297
29 902
29 1770
29 1813
30 273
30 477
30 821
30 1001
30 1164
30 1481
30 1626
30 1932
31 227
31 553
31 633
31 761
31 930
31 1188
31 1800
32 127
32 143
32 205
32 225
32 231
32 428
32 559
32 589
32 722
32 796
32 899
32 1037
32 1242
32 1267
32 1832
32 1867
32 1886
33 58
33 100
33 123
33 159
33 796
33 952
33 1220
33 1237
33 1294
33 1368
33 1508
33 1551
33 1650
34 143
34 268
34 513
34 557
34 570
34 784
34 894
34 1482
34 1493
34 1632
34 1794
34 1990
35 193
35 380
35 400
35 805
35 933
35 1518
35 1584
35 1842
36 265
36 532
36 678
36 784
36 982
36 1274
36 1563
36 1685
36 1805
36 1998
37 275
37 471
37 764
37 933
37 936
37 1091
37 1623
37 1825
37 1869
37 1961
38 251
38 394
38 1053
38 1640
38 1679
39 70
39 338
39 455
39 1303
39 1336
39 1809
40 881
40 1351
40 1437
40 1544
40 1688
40 1760
40 1910
41 126
41 200
41 460
41 630
41 672
41 685
41 729
41 1077
41 1158
41 1277
41 1546
41 1611
41 1666
42 423
42 619
42 730
42 820
42 952
42 1119
42 1391
42 1426
42 1671
42 1868
42 1949
42 1998
43 49
43 377
43 721
43 876
43 923
43 1493
44 539
44 884
44 939
44 1002
44 1052
44 1183
44 1250
44 1430
44 1582
44 1967
45 375
45 518
45 580
45 721
45 868
45 1062
45 1311
46 232
46 233
46 388
46 742
46 891
46 1248
46 1295
46 1767
46 1808
46 1944
47 417
47 540
47 1185
47 1313
47 1453
47 1662
48 60
48 102
48 264
48 643
48 905
48 1031
48 1207
48 1795
49 143
49 369
49 467
49 627
49 1501
50 601
50 709
50 851
50 931
50 1035
50 1162
50 1176
50 1897
51 464
51 816
51 1155
51 1580
51 1970
52 373
52 773
52 864
52 870
52 938
52 1170
52 1282
52 1378
52 1505
52 1669
52 1866
53 243
53 288
53 534
53 718
53 1092
53 1139
53 1185
53 1805
54 539
54 583
54 649
54 784
54 1783
54 1788
55 387
55 448
55 495
55 636
55 915
55 1210
55 1250
55 1506
56 82
56 207
56 224
56 841
56 1151
56 1206
56 1391
56 1457
56 1590
56 1600
56 1857
56 1989
57 241
57 420
57 594
57 684
57 1128
57 1221
57 1276
57 1377
57 1604
57 1943
58 205
58 654
58 664
58 694
58 771
58 991
58 996
58 1011
58 1357
58 1597
58 1659
58 1885
59 298
59 424
59 880
59 917
59 1176
59 1408
60 82
60 189
60 268
60 378
60 584
60 899
60 970
60 1014
60 1120
60 1190
60 1335
60 1932
60 1982
61 144
61 866
61 910
61 1354
61 1638
61 1642
62 462
62 576
62 783
62 1167
62 1792
62 1817
62 1923
62 1939
63 130
63 276
63 485
63 610
63 827
63 831
63 1060
63 1154
63 1211
63 1277
63 1438
63 1512
64 672
64 1261
64 1498
64 1505
64 1555
64 1670
64 1738
64 1814
65 153
65 427
65 476
65 520
65 817
65 937
65 1534
65 1640
65 1723
65 1764
65 1768
65 1904
66 86
66 92
66 105
66 213
66 300
66 689
66 716
66 1473
66 1716
66 1756
67 619
67 979
67 1223
67 1603
67 1755
67 1785
68 446
68 463
68 1062
68 1076
68 1306
68 1589
68 1914
68 1971
68 1984
69 115
69 282
69 368
69 598
69 854
69 1008
69 1287
69 1499
69 1602
69 1695
69 1720
69 1855
69 1912
69 1950
70 214
70 564
70 1159
70 1215
70 1482
70 1642
70 1730
70 1919
71 85
71 216
71 610
71 647
71 905
71 1028
71 1071
71 1130
71 1191
71 1197
71 1237
71 1254
71 1505
71 1515
71 1576
71 1600
71 1756
71 1783
71 1899
71 1904
72 177
72 496
72 541
72 700
72 874
72 976
72 1228
72 1516
72 1618
72 1691
72 1750
73 186
73 249
73 267
73 403
73 904
73 1081
73 1139
73 1320
73 1755
73 1836
74 83
74 486
74 1357
74 1424
74 1473
74 1481
74 1652
74 1781
75 385
75 1050
75 1072
75 1101
75 1725
76 471
76 603
76 704
76 977
76 1313
76 1677
76 1787
77 82
77 421
77 603
77 617
77 1127
77 1211
77 1639
77 1864
77 1995
78 403
78 613
78 669
78 941
78 987
78 1460
78 1462
78 1884
78 1960
78 1981
79 209
79 410
79 600
79 778
79 797
79 946
79 1077
79 1269
79 1525
79 1561
79 1678
79 1957
80 634
80 650
80 1109
80 1303
80 1388
80 1618
80 1702
80 1842
80 1885
80 1891
81 94
81 122
81 161
81 261
81 365
81 616
81 682
81 824
81 935
81 1024
81 1032
81 1086
81 1561
81 1631
81 1781
81 1873
81 1957
82 303
82 369
82 531
82 1000
82 1156
82 1524
82 1613
82 1953
83 155
83 169
83 366
83 726
83 936
83 1075
83 1112
83 1137
83 1358
83 1586
83 1698
83 1949
84 198
84 218
84 527
84 1306
84 1501
84 1575
84 1799
85 354
85 503
85 804
85 1208
85 1541
85 1630
85 1751
86 220
86 562
86 764
86 932
86 1387
86 1597
86 1602
86 1671
86 1890
87 355
87 422
87 680
87 1131
87 1252
87 1258
87 1268
87 1486
88 270
88 331
88 376
88 390
88 494
88 519
88 562
88 902
88 977
88 1163
88 1409
88 1540
88 1559
88 1809
89 560
89 748
89 827
89 1120
89 1451
89 1706
90 184
90 616
90 831
90 1361
90 1452
90 1657
90 1765
91 494
91 675
91 729
91 1381
91 1386
91 1748
92 511
92 1579
92 1705
92 1879
92 1931
93 237
93 322
93 1061
93 1152
93 1346
93 1464
93 1655
94 680
94 811
94 1044
94 1989
95 485
95 709
95 874
95 885
95 1182
95 1538
95 1623
95 1898
95 1914
95 1972
96 356
96 1046
96 1218
96 1868
96 1935
97 293
97 515
97 777
97 1099
97 1122
97 1329
97 1514
97 1784
97 1793
97 1807
98 134
98 432
98 841
98 1062
98 1152
98 1245
98 1264
98 1426
98 1533
98 1593
98 1660
99 147
99 327
99 740
99 855
99 1075
99 1206
99 1321
99 1467
99 1512
99 1634
99 1874
100 765
100 1306
100 1358
100 1379
100 1461
100 1623
101 360
101 404
101 488
101 572
101 690
101 1069
101 1481
101 1720
102 110
102 118
102 291
102 522
102 661
102 704
102 1020
102 1190
102 1464
102 1860
103 545
103 717
103 956
103 1028
103 1189
103 1558
104 631
104 777
104 832
104 1006
104 1610
104 1865
104 1939
105 506
105 672
105 692
105 1195
105 1267
105 1291
105 1578
105 1822
105 1841
105 1909
106 114
106 148
106 641
106 1160
106 1262
106 1550
106 1933
106 1996
107 127
107 188
107 303
107 435
107 973
107 1074
107 1154
107 1513
107 1519
108 144
108 456
108 553
108 673
108 884
108 1311
108 1371
108 1427
108 1586
108 1945
109 209
109 256
109 268
109 426
109 431
109 691
109 791
109 1254
109 1283
109 1769
110 163
110 401
110 431
110 445
110 451
110 504
110 1017
110 1118
110 1173
110 1232
110 1289
110 1350
110 1419
110 1571
111 719
111 737
111 809
111 838
111 928
111 1039
111 1147
111 1422
111 1459
112 259
112 448
112 610
112 722
112 786
112 848
112 1032
112 1169
112 1383
112 1993
113 183
113 202
113 979
113 1215
113 1336
113 1356
113 1432
113 1470
113 1710
113 1990
114 253
114 356
114 434
114 954
114 1546
114 1710
114 1871
115 184
115 259
115 413
115 479
115 1089
115 1208
115 1307
116 256
116 395
116 488
116 681
116 740
116 815
116 975
116 993
116 1200
116 1215
116 1678
116 1909
117 266
117 856
117 931
117 1053
117 1068
117 1922
118 422
118 449
118 453
118 471
118 862
118 1130
118 1461
118 1626
118 1807
119 260
119 382
119 544
119 1077
119 1268
119 1382
119 1567
119 1686
120 120
120 503
120 570
120 655
120 765
120 783
120 876
120 957
120 984
120 1204
120 1274
120 1275
120 1351
121 242
121 427
121 752
121 1202
121 1291
121 1605
121 1682
122 415
122 419
122 614
122 667
122 952
122 1243
123 151
123 286
123 329
123 415
123 487
123 554
123 988
123 1467
124 298
124 327
124 626
124 668
124 1040
124 1080
124 1184
124 1235
124 1284
124 1446
124 1569
124 1953
124 1975
125 554
125 1057
125 1172
125 1198
125 1244
125 1701
125 1758
125 1992
126 231
126 713
126 824
126 912
126 1440
126 1774
126 1818
126 1977
127 435
127 503
127 799
127 1125
127 1132
127 1137
127 1219
127 1336
127 1436
127 1489
127 1548
127 1861
128 349
128 580
128 978
128 1207
128 1254
128 1298
128 1318
128 1840
128 1912
128 1994
129 220
129 270
129 287
129 523
129 1175
129 1267
129 1283
129 1370
130 235
130 268
130 360
130 454
130 592
130 686
130 690
130 823
130 954
130 1184
130 1261
130 1887
131 141
131 178
131 184
131 372
131 659
131 1223
131 1544
132 620
132 839
132 860
132 1263
132 1417
132 1479
132 1727
132 1744
132 1834
133 421
133 1157
133 1291
133 1360
133 1404
133 1612
133 1631
133 1935
134 480
134 593
134 1388
134 1396
134 1422
134 1602
134 1670
134 1924
135 219
135 263
135 291
135 294
135 1065
135 1557
135 1571
135 1680
135 1694
135 1840
136 217
136 358
136 417
136 456
136 568
136 724
136 892
136 991
136 1205
136 1448
136 1659
136 1733
136 1781
137 479
137 574
137 593
137 1268
137 1392
138 148
138 163
138 1105
138 1285
138 1600
139 156
139 303
139 311
139 368
139 554
139 953
139 1124
139 1133
139 1188
139 1229
139 1364
139 1499
139 1585
139 1737
139 1803
139 1827
140 175
140 219
140 475
140 513
140 665
140 786
140 975
140 1070
140 1311
140 1842
140 1879
141 419
141 484
141 928
141 1137
141 1428
141 1479
141 1559
141 1760
142 337
142 706
142 996
142 1632
142 1834
142 1884
142 1963
143 412
143 729
143 911
143 1155
143 1602
143 1685
143 1700
143 1867
144 174
144 395
144 927
144 1211
145 699
145 780
145 1054
145 1232
145 1297
145 1595
145 1628
145 1700
145 1812
145 1830
146 490
146 726
146 746
146 939
146 1108
146 1311
146 1339
146 1812
146 1986
147 502
147 577
147 1033
147 1438
147 1464
147 1731
148 249
148 316
148 375
148 1330
148 1430
148 1486
148 1614
148 1697
148 1767
148 1926
149 413
149 866
149 1054
149 1080
149 1103
149 1163
149 1195
149 1245
149 1333
150 456
150 460
150 740
150 1063
150 1184
150 1285
150 1560
150 1648
150 1790
151 288
151 505
151 698
151 711
151 749
151 773
151 857
151 874
151 971
151 982
151 1261
151 1285
151 1473
151 1952
152 489
152 551
152 916
152 926
152 930
152 1409
152 1539
152 1702
152 1769
152 1989
153 302
153 692
153 774
153 1012
153 1019
153 1265
153 1312
153 1661
153 1909
154 290
154 658
154 773
154 1143
154 1234
154 1732
154 1795
154 1814
155 218
155 456
155 1221
155 1338
155 1490
155 1938
156 452
156 527
156 573
156 734
156 961
156 1600
157 774
157 815
157 1108
157 1138
157 1678
158 1220
158 1633
158 1704
158 1967
159 420
159 427
159 1496
159 1986
160 288
160 310
160 388
160 463
160 940
160 1206
160 1273
160 1671
160 1823
161 397
161 505
161 578
161 1046
161 1174
161 1636
162 328
162 625
162 755
162 784
162 967
162 1146
162 1247
162 1586
162 1663
162 1811
162 1830
163 173
163 600
163 681
163 1403
163 1463
163 1714
163 1996
164 222
164 429
164 622
164 798
164 891
164 904
164 1105
164 1712
164 1793
164 1915
165 262
165 584
165 1227
165 1380
165 1442
165 1443
165 1662
165 1778
165 1952
166 329
166 339
166 430
166 720
166 780
166 804
166 832
166 835
166 1044
166 1449
166 1553
166 1686
166 1981
167 367
167 424
167 480
167 636
167 760
167 1491
167 1867
168 396
168 656
168 768
168 770
168 992
168 1084
169 493
169 902
169 1036
170 312
170 440
170 918
170 1374
170 1583
170 1678
171 360
171 365
171 454
171 462
171 508
171 621
171 649
171 652
171 877
171 954
171 1372
171 1400
171 1403
171 1513
172 183
172 246
172 606
172 723
172 789
172 1356
172 1479
172 1558
172 1766
172 1865
172 1972
173 278
173 544
173 560
173 645
173 798
173 830
173 931
173 1270
173 1663
173 1896
174 245
174 310
174 670
174 933
174 1064
174 1284
174 1702
175 311
175 607
175 665
175 696
175 811
175 1051
175 1127
175 1289
175 1401
175 1627
176 556
176 656
176 750
176 1064
176 1169
176 1409
176 1495
176 1657
176 1726
176 1756
176 1770
177 391
177 494
177 565
177 582
177 728
177 863
177 1069
177 1407
177 1678
177 1689
177 1740
177 1858
178 553
178 1024
178 1208
178 1492
178 1916
179 457
179 472
179 563
179 651
179 1201
179 1261
180 238
180 653
180 1019
180 1103
181 331
181 460
181 541
181 554
181 896
181 915
181 945
181 1177
181 1312
181 1325
181 1377
181 1515
181 1773
181 1917
182 377
182 591
182 599
182 867
182 881
182 1016
182 1265
182 1350
182 1411
182 1440
182 1658
183 517
183 626
183 776
183 1128
183 1139
184 204
184 336
184 570
184 703
184 745
184 773
184 776
184 863
184 977
184 1073
184 1473
184 1802
184 1971
185 525
185 884
185 909
185 1413
185 1527
185 1921
186 808
186 1252
186 1591
186 1662
186 1902
186 1955
187 218
187 282
187 401
187 663
187 1016
187 1021
187 1027
188 293
188 313
188 394
188 796
188 884
188 1003
188 1202
188 1230
188 1311
188 1325
188 1644
188 1803
188 1826
188 1924
189 375
189 685
189 1263
189 1879
190 395
190 399
190 494
190 676
190 938
190 994
190 1200
191 476
191 707
191 778
191 1024
191 1025
191 1143
191 1807
192 257
192 610
192 647
192 1050
192 1191
193 230
193 449
193 540
193 729
193 953
193 974
193 1222
193 1691
193 1835
193 1997
194 431
194 557
194 825
194 919
194 1281
194 1575
194 1664
194 1763
195 427
195 967
195 1056
195 1079
195 1228
195 1544
195 1956
196 220
196 264
196 581
196 671
196 683
196 837
196 902
196 1144
196 1289
196 1300
197 475
197 1401
197 1415
197 1510
197 1523
197 1644
197 1868
197 1927
198 391
198 624
198 672
198 699
198 808
198 828
198 1367
198 1842
199 634
199 688
199 703
199 775
199 913
199 1355
199 1615
199 1708
199 1839
200 235
200 461
200 637
200 922
200 934
200 1094
200 1727
201 518
201 589
201 1016
201 1171
201 1290
201 1308
201 1436
201 1618
201 1885
201 1951
202 773
202 822
202 942
202 1173
202 1215
202 1437
202 1731
202 1810
202 1860
202 1984
203 370
203 479
203 1431
203 1635
204 287
204 1318
204 1838
204 1875
205 360
205 464
205 650
205 675
205 790
205 832
205 932
205 950
205 986
205 1010
205 1099
205 1433
205 1866
205 1930
206 251
206 623
206 834
206 864
206 1284
206 1330
206 1349
206 1350
206 1386
206 1514
206 1664
206 1874
206 1934
206 1984
207 269
207 301
207 536
207 593
207 798
207 810
207 915
207 926
207 950
207 988
207 1413
207 1621
207 1726
207 1800
207 1884
207 1929
207 1984
208 453
208 822
208 1215
208 1297
208 1345
208 1420
208 1638
208 1722
208 1745
208 1764
208 1827
208 1860
208 1952
209 293
209 303
209 856
209 880
209 1136
209 1210
209 1410
209 1560
209 1943
209 1972
210 268
210 964
210 1258
210 1581
210 1657
210 1807
211 234
211 900
211 1603
211 1774
212 387
212 534
212 783
212 1067
212 1192
212 1203
212 1473
213 370
213 681
213 1002
213 1188
214 232
214 1045
214 1387
214 1419
214 1901
215 275
215 418
215 524
215 965
215 1272
215 1308
215 1666
215 1745
215 1792
215 1861
216 259
216 446
216 521
216 815
216 1064
216 1303
217 709
217 1075
217 1154
217 1170
217 1212
217 1335
217 1641
217 1802
218 264
218 314
218 436
218 1102
218 1199
218 1310
218 1405
218 1655
218 1803
219 335
219 572
219 620
219 664
219 941
219 1176
219 1338
219 1503
219 1681
219 1692
219 1905
220 620
220 641
220 995
220 1249
220 1421
220 1486
220 1595
220 1836
220 1860
220 1883
220 1936
221 323
221 757
221 772
221 1163
221 1270
221 1340
221 1804
221 1945
222 289
222 469
222 608
222 644
222 697
222 734
222 863
222 870
222 1039
222 1182
222 1625
223 454
223 521
223 562
223 758
223 769
223 858
223 1775
223 1780
224 324
224 349
224 411
224 523
224 564
224 671
224 963
224 1013
224 1182
224 1284
224 1520
224 1571
224 1677
224 1696
224 1998
225 357
225 406
225 571
225 733
225 767
225 1000
225 1039
225 1093
225 1181
225 1217
225 1302
225 1428
225 1448
225 1535
225 1631
225 1943
226 240
226 313
226 403
226 904
226 1107
226 1379
226 1420
226 1501
226 1763
226 1880
227 526
227 610
227 638
227 768
227 1013
227 1421
227 1533
227 1761
228 310
228 986
228 1018
228 1766
228 1941
229 470
229 595
229 727
229 836
229 870
229 1362
229 1624
229 1653
229 1973
230 432
230 548
230 699
230 775
230 927
230 1068
230 1336
230 1434
230 1464
230 1715
230 1905
231 409
231 753
231 869
231 880
231 1049
231 1098
231 1106
231 1276
231 1288
231 1762
232 285
232 332
232 473
232 633
232 681
232 1022
232 1086
232 1277
232 1401
232 1470
232 1480
232 1785
233 342
233 433
233 566
233 773
233 1049
233 1153
233 1300
233 1445
233 1776
234 389
234 808
234 829
234 846
234 1200
234 1399
234 1723
234 1992
235 286
235 587
235 723
235 999
235 1049
235 1431
235 1631
235 1780
236 391
236 543
236 911
236 1008
236 1446
236 1450
236 1637
236 1714
236 1809
236 1912
237 239
237 263
237 391
237 499
237 970
237 1178
237 1475
237 1575
237 1590
237 1696
237 1796
237 1865
237 1943
238 414
238 1072
238 1108
238 1344
238 1395
238 1584
239 450
239 664
239 669
239 738
239 896
239 933
239 1342
239 1451
239 1750
239 1783
239 1860
239 1937
240 341
240 759
240 905
240 932
240 1005
240 1362
240 1677
240 1866
240 1958
240 1991
241 366
241 430
241 557
241 661
241 671
241 685
241 760
241 1007
241 1308
241 1411
241 1890
241 1894
242 257
242 634
242 640
242 800
242 860
242 915
242 986
242 1417
242 1601
242 1649
243 448
243 628
243 969
243 1493
243 1631
243 1666
244 320
244 404
244 806
244 949
244 1572
244 1602
244 1723
244 1800
244 1818
244 1835
245 415
245 451
245 567
245 1376
245 1381
245 1658
245 1787
245 1826
245 1930
245 1943
246 320
246 638
246 701
246 739
246 852
246 866
246 1048
246 1480
246 1636
246 1806
246 1852
247 397
247 537
247 890
247 912
247 1016
247 1315
247 1984
248 270
248 570
248 593
248 760
248 831
248 953
248 1058
248 1072
248 1308
248 1361
248 1512
248 1602
248 1671
248 1731
249 588
249 697
249 921
249 1468
249 1560
250 284
250 741
250 900
250 1020
250 1138
250 1874
250 1914
251 257
251 264
251 320
251 329
251 741
251 1322
251 1512
251 1571
251 1803
251 1901
251 1933
252 579
252 902
252 1194
252 1421
252 1499
253 586
253 762
253 1054
253 1201
253 1382
253 1478
254 432
254 1396
254 1531
254 1656
254 1788
255 435
255 473
255 487
255 544
255 670
255 736
255 976
255 1199
255 1286
255 1299
255 1302
255 1730
255 1908
256 284
256 971
256 1320
256 1345
257 510
257 711
257 1053
257 1228
257 1538
257 1582
257 1657
257 1752
258 311
258 362
258 488
258 754
258 843
258 871
258 1172
258 1453
259 834
259 948
259 1037
259 1060
259 1183
260 437
260 700
260 1245
260 1512
260 1524
260 1755
261 377
261 455
261 472
261 630
261 703
261 807
261 942
261 1044
261 1094
261 1274
261 1382
261 1459
262 400
262 502
262 593
262 779
262 1016
262 1088
262 1192
262 1422
262 1486
262 1685
262 1736
262 1771
263 273
263 370
263 390
263 588
263 735
263 991
263 1031
263 1220
263 1442
263 1524
263 1573
263 1662
263 1774
263 1786
264 363
264 511
264 625
264 746
264 1062
264 1104
264 1418
264 1532
264 1751
264 1992
265 279
265 728
265 837
265 1016
265 1077
265 1251
265 1332
265 1400
265 1454
265 1828
266 385
266 658
266 802
266 866
266 1073
266 1221
266 1262
266 1727
266 1945
267 306
267 458
267 1104
267 1443
267 1562
268 297
268 306
268 474
268 865
268 1226
268 1284
268 1316
268 1536
268 1653
268 1986
269 667
269 678
269 720
269 795
269 956
269 1110
269 1781
269 1795
269 1831
269 1849
269 1866
269 1917
270 277
270 491
270 562
270 769
270 866
270 1062
270 1107
270 1212
270 1434
270 1687
270 1755
271 284
271 362
271 655
271 772
271 893
271 1210
271 1233
271 1407
271 1488
271 1749
272 527
272 988
272 1120
273 310
273 595
273 608
273 642
273 1410
273 1572
273 1609
274 459
274 874
274 1092
274 1376
275 322
275 483
275 894
275 973
275 1158
275 1186
275 1189
275 1481
275 1834
276 375
276 546
276 615
276 947
276 969
276 1270
277 372
277 460
277 667
277 1097
277 1293
277 1875
278 366
278 525
278 658
278 750
278 760
278 782
278 1486
278 1810
279 314
279 426
279 1243
279 1344
280 305
280 456
280 688
280 750
280 1277
280 1318
280 1578
280 1834
280 1836
281 359
281 820
281 1225
281 1480
282 293
282 595
282 630
282 722
282 831
282 887
282 1820
282 1951
283 306
283 1023
283 1147
283 1937
284 596
284 1798
284 1876
285 326
285 330
285 807
285 1360
285 1365
285 1439
285 1461
285 1644
285 1871
286 361
286 719
286 1147
286 1292
286 1552
286 1572
286 1935
286 1971
287 292
287 548
287 743
287 785
287 1336
287 1558
287 1612
288 634
288 683
288 792
288 917
288 1372
288 1570
289 536
289 756
289 1204
289 1406
289 1456
289 1489
289 1593
290 339
290 361
290 434
290 557
290 716
290 839
290 882
290 1053
290 1243
290 1679
290 1974
291 340
291 394
291 1048
291 1096
291 1267
291 1291
291 1298
291 1626
291 1650
291 1731
291 1849
291 1958
292 334
292 414
292 429
292 506
292 537
292 857
292 1034
292 1181
292 1583
292 1670
292 1702
292 1903
293 524
293 652
293 681
293 1105
293 1572
293 1775
293 1952
294 384
294 583
294 636
294 1049
294 1077
294 1080
294 1332
294 1479
294 1484
294 1906
295 458
295 562
295 795
295 1109
295 1118
295 1621
295 1805
295 1909
296 464
296 515
296 739
296 937
296 1345
296 1368
296 1529
296 1745
297 350
297 374
297 574
297 637
297 1061
297 1131
297 1179
297 1568
297 1769
297 1835
297 1993
298 579
298 691
298 808
298 926
298 1150
298 1237
298 1266
298 1595
298 1869
299 302
299 467
299 565
299 689
299 766
299 796
299 878
299 1487
299 1706
300 322
300 426
300 664
300 1002
300 1470
300 1873
300 1951
301 348
301 393
301 825
301 1501
301 1853
302 356
302 491
302 656
302 874
302 949
302 964
302 1185
302 1191
302 1199
302 1448
302 1748
302 1749
302 1850
302 1877
302 1964
302 1986
303 479
303 861
303 961
303 1084
303 1171
303 1819
304 307
304 366
304 374
304 516
304 1128
304 1306
304 1436
305 393
305 453
305 714
305 881
305 897
305 1034
305 1381
305 1530
305 1872
305 1975
306 480
306 1263
306 1500
306 1893
307 431
307 738
307 1194
307 1259
307 1635
307 1979
308 691
308 748
308 821
308 1022
308 1114
308 1167
308 1321
308 1401
308 1614
309 528
309 616
309 650
309 821
309 1078
309 1080
309 1179
309 1180
309 1681
309 1731
310 799
310 915
310 996
310 1500
310 1726
310 1773
310 1927
310 1998
311 466
311 568
311 583
311 1215
311 1258
311 1407
311 1500
311 1762
312 346
312 473
312 537
312 810
312 922
312 989
312 1035
312 1226
312 1368
312 1652
312 1801
313 599
313 757
313 1079
313 1088
313 1097
313 1228
313 1551
314 416
314 1146
314 1668
315 686
315 772
315 817
315 935
315 1298
315 1414
315 1868
315 1940
316 841
316 897
316 915
316 1427
316 1813
316 1840
316 1881
317 543
317 606
317 1409
318 685
318 880
318 923
318 1214
318 1270
318 1343
318 1476
318 1543
318 1575
318 1682
319 760
319 960
319 1711
320 320
320 1025
320 1162
320 1573
320 1672
320 1745
321 385
321 546
321 632
321 836
321 876
321 1081
321 1246
321 1331
321 1756
322 374
322 408
322 560
322 721
322 824
322 901
322 1135
322 1287
322 1520
322 1720
322 1788
323 368
323 559
323 718
323 1011
323 1476
323 1678
323 1680
323 1907
323 1919
323 1943
324 424
324 660
324 808
324 1398
325 401
325 443
325 611
325 734
325 925
325 1055
325 1532
325 1594
325 1668
325 1813
325 1991
326 411
326 698
326 843
326 1222
326 1278
326 1319
326 1487
326 1554
326 1744
327 892
327 940
327 976
327 1023
327 1437
327 1731
327 1936
328 346
328 347
328 381
328 513
328 676
328 1217
328 1387
328 1612
328 1642
328 1979
328 1993
329 476
329 497
329 695
329 1493
329 1659
329 1845
329 1923
330 520
330 887
330 1007
330 1115
330 1669
330 1727
330 1797
331 358
331 465
331 860
331 976
331 1094
331 1152
331 1269
331 1309
331 1615
331 1775
331 1874
331 1992
332 573
332 864
332 937
332 966
332 1144
332 1253
333 550
333 752
333 836
333 1130
333 1254
333 1875
333 1893
334 336
334 746
334 783
334 1044
334 1390
334 1414
334 1571
334 1692
334 1827
334 1856
334 1928
335 426
335 486
335 727
335 748
335 988
335 1114
335 1128
335 1311
335 1771
335 1953
336 528
336 579
336 646
336 954
336 1238
336 1403
336 1505
336 1761
336 1995
337 495
337 572
337 1191
337 1590
337 1777
338 346
338 891
338 928
338 1026
338 1442
338 1721
338 1752
339 405
339 1023
339 1224
339 1418
339 1888
340 402
340 789
340 797
340 941
340 1260
340 1453
340 1462
341 865
341 1006
341 1396
341 1659
341 1872
341 1988
342 474
342 900
342 912
342 1630
342 1701
342 1808
342 1972
342 1980
343 812
343 1332
343 1357
343 1532
343 1743
343 1770
343 1861
343 1911
343 1972
343 1993
344 636
344 914
344 1162
344 1282
344 1336
344 1358
344 1909
345 736
345 1271
345 1459
345 1508
345 1599
345 1935
345 1942
346 352
346 470
346 1140
346 1303
346 1456
346 1718
346 1831
346 1850
347 503
347 627
347 973
347 1047
347 1096
347 1141
347 1365
347 1458
347 1896
347 1946
347 1952
348 532
348 775
348 943
348 1027
348 1306
348 1409
348 1474
348 1497
348 1688
349 849
349 907
349 1221
349 1390
349 1431
349 1601
349 1770
350 1149
350 1325
350 1603
351 559
351 692
351 1132
351 1156
351 1818
351 1989
351 1992
352 472
352 706
352 818
352 966
352 987
352 1088
352 1105
352 1132
352 1244
352 1559
352 1599
352 1784
352 1819
352 1986
353 551
353 643
353 749
353 1052
353 1112
353 1437
353 1627
353 1650
353 1795
354 606
354 1068
354 1133
354 1322
355 368
355 612
355 632
355 641
355 680
355 1010
355 1422
355 1620
355 1795
355 1955
356 420
356 518
356 550
356 1036
356 1202
356 1354
356 1412
356 1781
356 1960
357 450
357 666
357 680
357 1027
357 1152
357 1295
357 1558
357 1634
357 1674
357 1904
358 1102
358 1401
358 1848
359 406
359 541
359 860
359 890
359 1098
359 1527
359 1535
359 1742
359 1789
359 1883
359 1941
359 1942
360 587
360 642
360 659
360 858
360 1095
360 1105
360 1592
360 1672
360 1683
360 1841
361 710
361 758
361 850
361 1400
361 1733
361 1758
361 1769
361 1830
362 377
362 780
362 850
362 1112
362 1141
362 1359
362 1404
362 1605
362 1752
362 1820
362 1842
362 1931
363 711
363 965
363 1076
363 1234
363 1264
363 1366
363 1530
363 1817
363 1915
363 1937
364 773
364 1490
364 1506
364 1582
364 1657
364 1719
364 1788
364 1806
364 1833
365 501
365 814
365 1007
365 1500
365 1607
365 1896
366 555
366 660
366 719
366 770
366 787
366 963
366 1182
366 1317
366 1413
366 1867
366 1932
366 1966
367 686
367 744
367 799
367 1009
367 1061
367 1330
367 1384
367 1555
367 1669
367 1691
368 450
368 463
368 485
368 638
368 1071
368 1437
368 1547
368 1958
369 1103
369 1195
369 1254
369 1260
369 1397
369 1413
369 1430
369 1566
369 1634
369 1736
370 433
370 510
370 609
370 854
370 994
370 1094
370 1099
370 1117
370 1242
371 440
371 558
371 585
371 723
371 733
371 1238
371 1520
371 1579
371 1645
371 1895
372 554
372 658
372 1096
372 1174
372 1238
372 1318
372 1716
373 1017
373 1131
373 1240
373 1305
373 1504
373 1677
373 1984
373 1997
374 612
374 818
374 843
374 930
374 988
374 1554
374 1804
374 1820
375 543
375 953
375 1019
375 1130
376 402
376 441
376 721
376 782
376 956
376 1401
376 1469
376 1685
376 1730
377 725
377 1359
377 1371
377 1420
377 1626
377 1638
377 1922
378 818
378 844
378 891
378 1451
378 1494
378 1544
378 1636
378 1756
378 1761
379 731
379 925
379 1698
379 1724
379 1832
380 572
380 659
380 1141
380 1357
380 1456
380 1533
380 1666
381 729
381 738
381 752
381 796
381 1076
381 1091
381 1113
381 1183
381 1209
381 1531
381 1646
381 1727
381 1836
382 760
382 869
382 901
382 1013
382 1138
382 1141
382 1259
382 1971
383 471
383 1071
383 1397
384 466
384 782
384 851
384 1214
384 1409
384 1763
384 1828
384 1836
384 1954
385 670
385 1127
385 1679
385 1887
386 467
386 814
386 866
386 892
386 1061
386 1279
386 1325
386 1358
386 1895
387 494
387 597
387 633
387 712
387 1060
387 1197
387 1204
387 1370
387 1403
388 422
388 980
388 1070
388 1681
388 1791
389 418
389 482
389 615
389 617
389 694
389 791
389 1108
389 1173
389 1361
389 1435
389 1457
390 528
390 844
390 911
391 579
391 720
391 1082
391 1139
391 1428
391 1776
391 1958
392 453
392 752
392 1393
392 1747
392 1780
392 1890
393 603
393 629
393 894
393 945
393 1295
393 1496
393 1835
393 1996
394 423
394 465
394 478
394 544
394 656
394 675
394 1022
394 1074
394 1096
394 1369
394 1401
394 1439
394 1587
394 1607
394 1682
394 1945
395 591
395 830
395 1281
395 1370
395 1724
396 398
396 507
396 520
396 587
396 639
396 888
396 1302
396 1346
396 1602
396 1741
396 1782
396 1823
396 1824
397 479
397 499
397 559
397 939
397 994
397 1157
397 1231
397 1235
397 1360
397 1530
397 1564
397 1614
397 1796
397 1848
397 1972
398 609
398 639
398 699
398 884
398 942
398 1095
398 1100
398 1403
398 1697
398 1823
399 417
399 617
399 698
399 822
399 913
399 1328
399 1452
399 1821
400 828
400 1045
400 1092
400 1128
400 1364
400 1381
400 1635
400 1992
401 433
401 436
401 583
401 606
401 1302
401 1442
401 1506
401 1631
401 1722
401 1724
401 1757
401 1773
401 1815
402 414
402 895
402 1363
402 1432
402 1580
402 1620
402 1645
402 1659
403 457
403 562
403 1170
403 1418
403 1444
403 1581
404 637
404 924
404 1201
404 1269
405 506
405 681
405 1030
405 1148
405 1178
405 1332
405 1682
405 1830
406 785
406 795
406 811
406 953
406 1146
406 1301
406 1404
406 1578
406 1737
407 410
407 609
407 619
407 768
407 927
407 1710
407 1932
407 1957
408 589
408 707
408 765
408 1089
408 1243
408 1337
408 1732
409 434
409 693
409 721
409 724
409 888
409 1168
409 1436
409 1666
409 1712
409 1791
409 1828
410 829
410 937
410 1019
410 1411
410 1591
410 1645
410 1758
411 447
411 756
411 1244
411 1631
411 1966
412 615
412 671
412 893
412 1176
412 1264
412 1333
412 1344
412 1347
412 1774
412 1875
412 1961
413 487
413 819
413 991
413 1279
414 950
414 1040
414 1231
414 1337
414 1516
414 1983
415 723
415 899
415 1032
415 1249
415 1293
415 1338
415 1523
415 1793
415 1894
415 1998
416 1033
416 1046
416 1232
416 1308
416 1367
416 1813
416 1885
417 429
417 504
417 949
417 991
417 1158
417 1245
417 1925
418 646
418 675
418 1172
418 1179
418 1362
418 1630
418 1982
419 626
419 862
419 875
419 1234
419 1396
419 1643
419 1675
420 541
420 597
420 814
420 826
420 984
420 1191
420 1312
420 1388
420 1779
421 466
421 526
421 771
421 836
421 871
421 945
421 1243
421 1317
421 1400
421 1534
421 1579
421 1591
421 1767
421 1816
421 1818
422 468
422 498
422 705
422 724
422 1031
422 1098
422 1304
422 1666
422 1999
423 749
423 885
423 1803
424 569
424 1027
424 1324
424 1358
424 1428
424 1620
424 1645
425 796
425 1506
425 1550
425 1725
425 1786
425 1802
426 618
426 648
426 1351
426 1475
426 1667
427 566
427 1146
427 1341
427 1417
427 1593
427 1907
427 1913
427 1939
428 692
428 711
428 1271
428 1434
428 1916
428 1942
429 436
429 443
429 535
429 922
429 994
429 1028
429 1274
429 1791
430 614
430 843
430 1149
430 1191
430 1297
430 1495
430 1518
431 1139
431 1998
432 492
432 885
432 1114
432 1813
432 1822
432 1870
432 1971
433 744
433 774
433 1155
433 1644
433 1653
434 624
434 649
434 931
434 1112
434 1382
434 1719
434 1762
435 735
435 780
435 1038
435 1326
435 1364
435 1548
435 1646
436 469
436 471
436 574
436 1003
436 1042
436 1371
436 1422
436 1437
436 1627
437 1017
437 1234
437 1238
437 1537
437 1756
438 668
438 843
438 1187
438 1317
438 1363
438 1373
438 1392
438 1765
438 1801
438 1980
439 1095
439 1229
439 1267
439 1572
439 1577
439 1636
439 1743
440 614
440 788
440 816
440 1010
440 1126
440 1697
440 1817
441 706
441 1025
441 1086
441 1096
441 1358
442 796
442 825
442 1218
442 1453
442 1480
442 1578
442 1922
443 705
444 1283
444 1692
444 1855
444 1900
444 1986
445 839
445 896
445 1045
445 1080
445 1533
445 1710
446 715
446 1194
446 1284
446 1355
446 1707
447 635
447 806
447 1409
447 1448
447 1520
447 1802
447 1897
447 1979
448 489
448 609
448 1008
448 1124
448 1157
448 1284
448 1862
448 1892
448 1914
449 656
449 740
449 1246
449 1308
449 1426
449 1449
449 1716
449 1814
449 1848
450 814
450 930
450 1252
450 1291
451 567
451 656
451 879
451 1390
451 1717
451 1719
451 1946
452 570
452 575
452 705
452 1017
452 1092
452 1240
452 1273
452 1301
452 1443
452 1491
452 1602
452 1812
453 483
453 786
453 805
453 1245
453 1444
453 1564
454 810
454 1249
454 1835
455 994
455 1645
456 823
456 889
456 1100
456 1922
457 482
457 683
457 1122
457 1388
457 1727
457 1845
457 1879
457 1882
457 1898
458 575
458 717
458 1135
458 1576
458 1579
458 1626
458 1799
458 1895
459 574
459 846
459 883
459 925
459 1076
459 1829
460 690
460 900
460 1013
460 1173
460 1174
460 1284
460 1555
460 1784
460 1816
460 1962
461 674
461 832
461 1310
461 1657
462 510
462 543
462 605
462 690
462 719
462 796
462 976
462 1053
462 1144
462 1153
462 1668
463 517
463 783
463 1041
463 1278
463 1436
463 1836
463 1936
463 1956
463 1966
464 628
464 717
464 1278
464 1442
464 1491
464 1802
464 1861
465 643
465 664
465 857
465 1020
465 1267
465 1393
465 1556
465 1777
465 1779
466 574
466 880
466 961
466 1541
466 1731
466 1753
466 1933
467 627
467 733
467 783
467 896
467 957
467 1023
467 1062
467 1231
467 1243
467 1745
467 1916
467 1992
468 617
468 626
468 701
468 1004
468 1231
468 1494
468 1577
469 608
469 645
469 741
469 1103
469 1140
469 1243
469 1695
469 1753
469 1846
470 610
470 624
470 801
470 889
470 913
470 1011
470 1471
470 1619
470 1678
471 807
471 945
471 1805
472 642
472 838
472 1430
472 1548
472 1734
472 1736
472 1954
473 713
473 764
473 814
473 878
473 1322
473 1373
473 1518
474 818
474 1257
474 1278
474 1299
474 1301
474 1691
474 1744
474 1991
475 606
475 974
475 1021
475 1062
475 1143
475 1532
475 1540
476 850
476 1130
476 1303
476 1923
477 590
477 1196
477 1261
477 1454
477 1646
477 1815
477 1828
477 1945
477 1991
478 647
478 990
478 1297
478 1715
479 587
479 594
479 642
479 1266
479 1599
479 1636
480 821
480 894
480 1295
480 1645
480 1667
481 639
481 902
481 1065
481 1200
481 1348
481 1950
482 1029
482 1141
482 1274
482 1392
482 1565
482 1661
483 577
483 1325
483 1645
483 1741
483 1890
484 581
484 863
484 1102
484 1436
484 1448
484 1766
484 1786
484 1830
485 635
485 803
485 884
485 944
485 1094
485 1128
485 1660
486 515
486 596
486 602
486 1124
486 1255
486 1490
487 1163
487 1256
487 1410
487 1601
488 544
488 645
488 707
488 1068
488 1280
488 1654
488 1826
488 1952
489 786
489 1332
489 1380
489 1414
489 1463
489 1476
489 1576
490 541
490 565
490 883
490 949
490 975
490 1382
490 1471
490 1524
490 1627
490 1771
490 1881
491 516
491 699
491 750
491 832
491 1263
491 1606
491 1784
492 561
492 997
492 1114
492 1159
492 1278
492 1358
492 1443
492 1653
492 1708
492 1771
492 1838
492 1845
492 1889
493 554
493 793
493 946
493 1021
493 1142
493 1464
493 1482
493 1488
493 1519
493 1669
494 927
494 993
494 1670
494 1898
494 1979
495 756
495 1392
495 1477
495 1560
495 1701
496 528
496 762
496 771
496 910
496 1082
496 1915
496 1927
497 804
497 1343
498 514
498 542
498 557
498 679
498 1026
498 1659
498 1910
498 1924
499 637
499 1122
499 1688
499 1967
500 557
500 776
500 783
500 837
500 1372
500 1695
501 557
501 659
501 807
501 1069
501 1114
501 1281
501 1574
502 1036
502 1047
502 1263
502 1290
502 1330
502 1628
502 1639
502 1970
503 518
503 626
503 1009
503 1026
503 1169
503 1197
503 1200
503 1253
503 1544
503 1570
504 986
504 1190
504 1520
504 1731
504 1849
505 623
505 731
505 748
505 1010
505 1177
505 1223
505 1278
505 1320
505 1717
505 1738
505 1748
505 1891
506 627
506 672
506 924
506 1198
506 1348
506 1811
507 925
507 1310
507 1366
507 1429
507 1576
507 1627
508 826
508 914
508 1223
508 1348
508 1409
508 1807
509 1114
509 1240
509 1464
509 1606
509 1640
509 1821
509 1887
510 525
510 869
510 993
510 1210
510 1261
510 1366
510 1566
510 1888
511 516
511 583
511 642
511 740
511 747
511 818
511 1540
511 1641
511 1823
512 628
512 1337
512 1374
512 1945
513 646
513 818
513 1070
513 1083
513 1113
513 1203
513 1620
513 1969
514 611
514 979
514 1297
514 1312
514 1340
514 1343
514 1455
514 1711
515 558
515 794
515 847
515 896
515 1011
515 1560
515 1565
515 1683
515 1873
516 1142
516 1455
516 1605
516 1630
517 810
517 837
517 927
517 1109
517 1125
517 1443
517 1747
517 1816
517 1904
518 720
518 1382
518 1425
518 1432
518 1515
518 1663
518 1901
519 955
519 1273
519 1946
519 1969
520 638
520 670
520 844
520 1205
520 1369
520 1660
520 1967
521 1218
521 1255
521 1410
522 615
522 690
522 1038
522 1625
522 1972
523 721
523 1158
523 1159
523 1623
523 1688
523 1768
523 1902
523 1928
524 569
524 615
524 655
524 690
524 920
524 924
524 986
524 1056
524 1390
524 1423
524 1605
525 1029
525 1055
525 1260
525 1273
525 1582
525 1660
525 1661
525 1739
525 1839
526 583
526 601
526 717
526 763
526 921
526 1032
526 1156
526 1582
526 1758
526 1930
527 777
527 1142
527 1164
527 1587
528 604
528 905
528 1144
528 1265
528 1304
528 1366
528 1435
528 1953
529 1467
530 598
530 1141
530 1334
530 1435
530 1453
530 1459
530 1554
531 594
531 1425
531 1647
531 1981
532 577
532 673
532 954
532 1091
532 1652
532 1758
532 1959
533 559
533 735
533 798
533 925
533 1047
533 1155
533 1215
533 1356
533 1467
533 1587
533 1675
533 1859
533 1989
534 603
534 649
534 1028
534 1372
534 1699
534 1812
534 1902
534 1997
535 556
535 580
535 589
535 615
535 871
535 1146
535 1388
535 1563
535 1722
535 1971
536 1210
536 1229
536 1837
537 716
537 777
537 787
537 865
537 995
537 1379
537 1603
537 1654
538 563
538 840
538 1330
538 1486
539 659
539 777
539 1126
539 1546
539 1611
539 1975
540 548
540 681
540 976
540 993
540 1060
540 1130
540 1326
540 1653
540 1676
540 1905
540 1915
540 1938
540 1987
541 690
541 1159
541 1652
541 1846
541 1922
542 762
542 1096
542 1198
542 1685
542 1832
542 1868
543 622
543 695
543 1041
543 1100
543 1484
543 1675
543 1690
544 711
544 905
544 1174
544 1242
544 1258
544 1592
544 1794
544 1899
545 657
545 798
545 825
546 908
546 1096
546 1223
546 1305
546 1381
546 1892
547 806
547 1499
548 691
548 758
548 990
548 1091
548 1207
548 1432
548 1486
548 1505
548 1705
548 1717
549 734
549 826
549 868
549 1230
549 1255
549 1542
549 1631
550 855
550 1150
550 1288
550 1589
551 579
551 787
551 1277
551 1419
551 1581
551 1693
551 1994
552 624
552 993
552 1000
552 1317
552 1498
552 1818
553 1249
553 1638
553 1739
553 1878
553 1914
554 623
554 643
554 662
554 674
554 798
554 951
554 1190
554 1353
554 1427
554 1638
554 1706
554 1971
555 629
555 1693
555 1808
556 1275
556 1401
556 1641
557 613
557 798
557 890
557 1102
557 1173
557 1280
557 1671
557 1721
557 1775
558 742
558 860
558 927
558 954
558 1046
558 1097
558 1279
558 1329
558 1638
558 1807
558 1991
559 708
559 913
559 989
559 1641
560 845
560 1262
560 1485
560 1587
560 1745
561 627
561 633
561 712
561 922
561 1068
561 1467
561 1473
561 1736
561 1748
561 1763
561 1992
562 567
562 695
562 930
562 1034
562 1220
562 1276
562 1379
562 1499
562 1593
562 1733
562 1740
563 748
563 853
563 1202
563 1348
563 1390
563 1447
563 1563
564 755
564 757
564 803
564 897
564 1016
564 1307
564 1511
564 1773
564 1782
565 748
565 795
565 985
565 1011
565 1069
565 1159
565 1396
565 1501
565 1502
565 1986
566 731
566 812
566 1556
566 1575
566 1695
566 1723
567 842
567 871
567 878
567 914
567 1000
567 1224
567 1304
567 1328
567 1793
567 1942
568 671
568 674
568 682
568 960
568 961
568 983
568 1249
568 1629
568 1828
569 968
569 1008
569 1081
569 1184
569 1250
569 1287
569 1309
569 1464
570 641
570 1532
570 1616
570 1824
570 1852
570 1855
571 862
571 1048
571 1218
571 1242
571 1383
572 1089
572 1279
572 1398
572 1497
572 1881
573 603
573 1105
573 1216
573 1274
573 1310
573 1922
573 1938
574 588
574 644
574 662
574 744
574 813
574 1292
574 1456
574 1463
574 1540
575 1458
575 1604
575 1944
576 633
576 826
576 1041
576 1051
576 1821
576 1851
577 653
577 692
577 1226
577 1254
577 1257
577 1363
577 1460
577 1577
577 1639
578 1137
578 1349
578 1357
578 1512
578 1527
578 1654
578 1930
578 1951
579 957
579 1138
579 1351
579 1387
579 1419
579 1441
579 1464
579 1568
579 1669
579 1775
579 1780
579 1826
579 1929
580 638
580 1554
580 1623
580 1756
581 744
581 758
581 827
581 1061
581 1310
581 1336
581 1883
581 1941
582 591
582 596
582 982
582 1034
582 1254
582 1607
582 1795
582 1985
583 717
583 906
583 1095
583 1990
583 1991
584 1232
584 1508
584 1591
584 1773
585 909
585 1707
585 1798
585 1871
586 1085
586 1355
586 1558
586 1953
586 1959
586 1996
586 1998
587 1637
587 1885
587 1929
588 744
588 797
588 950
588 1353
588 1810
588 1882
588 1919
589 602
589 901
589 1030
589 1183
589 1246
589 1311
589 1328
589 1447
590 608
590 839
590 1165
590 1663
590 1721
590 1946
591 764
591 951
591 1079
591 1086
591 1333
591 1442
591 1734
592 850
592 1095
592 1341
592 1469
592 1502
592 1512
593 697
593 765
593 843
593 925
593 1324
593 1343
593 1399
594 1048
594 1223
594 1350
594 1610
594 1801
594 1893
594 1929
595 679
595 1107
595 1267
595 1397
595 1520
595 1616
595 1653
595 1682
595 1742
595 1758
596 672
596 895
596 997
596 1359
596 1482
596 1858
596 1954
596 1968
597 750
597 772
597 923
597 1208
597 1283
597 1559
597 1867
597 1936
598 747
598 766
598 897
598 1310
598 1635
598 1768
599 808
599 897
599 1096
599 1107
599 1411
599 1634
599 1663
599 1727
599 1969
600 672
600 1331
600 1343
600 1780
600 1810
601 634
601 811
601 1386
601 1525
602 622
602 727
602 812
602 1262
602 1276
603 746
603 1054
603 1126
603 1165
603 1239
603 1396
603 1666
603 1781
603 1908
604 966
604 971
604 1040
604 1112
604 1520
604 1907
604 1957
605 726
605 1031
605 1039
605 1540
605 1792
605 1810
606 831
606 854
606 1157
606 1390
606 1504
606 1706
606 1735
606 1892
606 1999
607 1574
607 1920
608 737
608 817
608 905
608 963
608 1388
608 1921
609 612
609 824
609 1154
609 1310
609 1447
609 1852
609 1865
610 739
610 957
610 1181
610 1388
610 1558
610 1704
611 901
611 1148
611 1366
611 1598
612 717
612 1197
612 1824
613 1070
613 1128
614 669
614 674
614 791
614 885
614 913
614 916
614 1432
614 1550
615 1324
615 1553
615 1680
615 1744
615 1745
615 1973
615 1995
616 1087
616 1193
616 1280
616 1309
616 1466
616 1801
616 1879
617 647
617 769
617 989
617 996
617 1704
617 1809
617 1971
617 1977
618 1014
618 1118
618 1378
618 1690
618 1710
618 1729
618 1751
618 1938
619 715
619 977
619 1009
619 1056
619 1079
619 1352
619 1784
619 1976
620 1004
620 1287
620 1350
620 1386
620 1532
620 1760
620 1948
621 781
621 890
621 1127
621 1150
621 1277
621 1768
621 1850
622 623
622 723
622 902
622 1685
622 1736
622 1770
622 1796
622 1800
622 1979
623 1236
623 1480
623 1565
624 733
624 784
624 1018
624 1103
624 1316
624 1673
624 1754
624 1932
624 1993
625 645
625 878
625 1636
625 1770
625 1991
626 642
626 717
626 913
626 1008
626 1075
626 1198
626 1591
626 1923
626 1985
627 854
627 916
627 1197
627 1586
627 1805
627 1892
628 668
628 691
628 1060
628 1225
628 1400
628 1796
629 752
629 798
629 834
629 1207
629 1242
629 1444
629 1555
629 1651
629 1867
630 646
630 756
630 957
630 1010
630 1020
630 1064
630 1295
630 1472
630 1541
631 708
631 989
631 1650
631 1659
631 1771
631 1826
631 1936
632 649
632 1092
632 1143
632 1379
632 1508
632 1733
632 1781
632 1852
632 1924
633 818
633 1056
633 1154
633 1415
633 1684
633 1964
633 1975
634 768
634 840
634 879
634 1087
634 1423
634 1599
634 1687
634 1807
634 1985
635 802
635 1034
635 1417
635 1641
635 1880
635 1988
636 685
636 768
636 1297
637 640
637 658
637 668
637 671
637 695
637 866
637 959
637 1022
637 1904
638 934
638 1450
638 1657
638 1685
638 1688
638 1743
638 1908
639 791
639 1153
639 1520
639 1893
640 653
640 668
640 838
640 1050
640 1213
640 1674
640 1798
641 795
641 824
641 841
641 1007
641 1081
641 1222
641 1559
641 1605
642 689
642 916
642 1004
642 1041
642 1064
642 1346
642 1434
642 1463
642 1561
642 1885
643 709
643 844
643 1009
643 1267
643 1326
643 1337
643 1664
644 676
644 975
644 984
644 1586
644 1591
644 1722
644 1736
644 1809
645 649
645 851
645 977
645 1067
645 1366
646 772
646 850
646 1100
646 1226
646 1248
646 1811
646 1815
646 1880
647 935
647 1041
647 1069
647 1072
647 1280
647 1584
647 1657
647 1732
648 652
648 961
648 1170
648 1200
648 1219
648 1559
648 1688
648 1886
648 1918
649 858
649 1013
649 1213
649 1479
649 1715
650 687
650 1119
650 1137
650 1563
650 1607
650 1655
650 1724
650 1815
651 744
651 828
651 1076
651 1156
651 1236
652 1386
652 1501
652 1632
652 1825
652 1963
653 748
653 764
653 849
653 1029
653 1046
653 1229
653 1279
653 1295
653 1466
653 1554
653 1685
653 1718
653 1835
654 655
654 1509
654 1528
654 1569
654 1720
654 1744
654 1753
654 1797
654 1855
655 723
655 929
655 1012
655 1443
655 1743
655 1781
656 929
656 1408
656 1446
656 1662
656 1668
656 1796
656 1940
657 966
657 1746
657 1765
657 1853
658 1172
658 1228
658 1375
658 1863
658 1967
659 665
659 742
659 759
659 834
659 937
659 1205
659 1302
659 1421
659 1629
660 702
660 821
660 1232
660 1279
660 1469
660 1503
660 1898
661 961
661 1169
661 1288
661 1329
661 1360
661 1683
661 1943
662 1264
662 1371
662 1427
662 1560
662 1728
662 1757
662 1959
662 1993
663 943
663 1362
663 1466
663 1493
663 1672
664 674
664 872
664 1054
664 1239
664 1310
664 1441
664 1468
664 1569
664 1802
665 722
665 801
665 1482
665 1593
665 1762
665 1996
666 677
666 692
666 781
666 786
666 1075
666 1298
666 1307
666 1497
666 1912
667 911
667 1111
668 729
668 798
668 832
668 967
668 1075
668 1157
668 1309
668 1379
668 1602
668 1884
669 710
669 831
669 873
669 1577
669 1937
670 832
670 880
670 1131
670 1367
670 1913
671 959
671 974
671 1037
671 1623
671 1748
671 1776
671 1779
672 679
672 702
672 865
672 1013
672 1058
672 1070
672 1304
672 1367
672 1573
672 1579
672 1669
672 1919
673 841
673 877
673 1254
673 1303
673 1474
673 1644
674 742
674 1500
674 1505
674 1802
674 1937
675 751
675 789
675 896
675 986
675 1153
675 1386
675 1558
675 1955
676 1040
676 1140
676 1206
676 1354
676 1543
676 1589
676 1674
676 1694
676 1988
677 852
677 1042
677 1046
677 1144
677 1377
677 1488
677 1792
677 1975
678 1021
678 1619
678 1763
678 1975
679 824
679 1221
679 1492
679 1768
679 1895
680 796
680 996
680 1109
680 1469
681 724
681 991
681 1305
681 1348
681 1384
681 1506
681 1587
681 1810
681 1830
681 1857
682 918
682 1170
682 1291
682 1576
682 1870
682 1902
683 748
683 1202
683 1638
683 1665
683 1820
684 760
684 875
684 1215
684 1234
684 1278
684 1726
684 1903
685 786
685 1007
685 1082
685 1381
685 1494
685 1522
685 1525
685 1589
685 1667
685 1928
686 700
686 713
686 873
686 1151
686 1408
686 1598
686 1905
687 699
687 712
687 1032
687 1261
687 1585
687 1859
687 1899
688 1182
688 1430
688 1450
688 1526
688 1886
689 701
689 745
689 771
689 826
689 960
689 1104
689 1317
689 1573
689 1903
690 860
690 1119
690 1241
690 1436
690 1442
690 1521
690 1665
690 1765
690 1893
690 1948
690 1987
691 766
691 1024
691 1066
691 1221
691 1312
691 1637
691 1712
691 1831
691 1901
691 1985
692 703
692 784
692 939
692 1007
692 1215
692 1554
692 1617
693 1030
693 1051
693 1462
693 1814
694 1201
694 1229
694 1389
694 1669
694 1893
694 1914
695 794
695 944
695 1137
695 1435
695 1496
695 1670
695 1741
695 1747
695 1862
695 1948
696 1111
696 1333
696 1491
696 1730
696 1791
696 1884
697 753
697 842
697 1009
697 1100
697 1134
697 1355
697 1397
697 1874
697 1875
697 1974
698 746
698 850
698 1241
698 1508
698 1668
698 1868
699 889
699 981
699 1004
699 1180
699 1322
699 1374
699 1430
699 1480
699 1591
699 1687
699 1914
700 934
700 1214
700 1687
700 1763
701 825
701 1064
701 1080
701 1161
701 1218
701 1488
701 1855
701 1929
701 1931
702 714
702 851
702 980
702 1091
702 1119
702 1394
702 1580
703 731
703 745
703 749
703 781
703 787
703 1093
703 1264
703 1294
703 1333
703 1481
703 1523
703 1769
704 961
704 1020
704 1072
704 1142
704 1346
704 1481
704 1687
705 823
705 980
705 1487
705 1858
705 1870
706 764
706 780
706 830
706 941
706 1286
706 1665
706 1992
707 788
707 893
707 921
707 924
707 988
707 1073
707 1243
707 1516
707 1782
708 1518
708 1698
708 1856
709 712
709 858
709 1110
709 1294
709 1523
709 1753
710 919
710 1099
710 1155
710 1159
710 1394
710 1488
710 1511
710 1858
710 1867
710 1872
711 824
711 885
711 929
711 1112
711 1201
711 1410
711 1612
712 795
712 1301
712 1426
712 1507
712 1603
713 1443
713 1650
713 1749
713 1802
714 726
714 801
714 1225
714 1417
714 1418
714 1586
714 1872
715 885
715 902
715 1035
715 1210
715 1371
715 1396
715 1442
715 1600
716 828
716 865
716 877
716 921
716 1023
716 1102
716 1358
716 1443
716 1996
717 1124
717 1691
717 1699
717 1767
717 1851
717 1884
718 750
718 830
718 848
718 932
718 1207
718 1271
718 1709
718 1951
719 953
719 1284
719 1442
719 1634
720 914
720 1163
720 1705
720 1872
720 1918
721 1164
721 1286
721 1441
721 1452
721 1966
722 882
722 1128
722 1437
722 1783
723 778
723 929
723 1059
723 1558
723 1773
723 1872
723 1962
723 1984
723 1985
724 738
724 1014
724 1027
724 1250
724 1741
724 1743
725 807
725 1444
726 789
726 800
726 828
726 843
726 1244
726 1523
726 1671
726 1710
727 1005
727 1139
727 1180
727 1222
727 1292
727 1941
727 1954
728 799
728 1067
728 1234
728 1323
728 1477
728 1682
728 1747
728 1838
728 1918
728 1970
729 972
729 1022
729 1263
729 1629
729 1726
730 755
730 969
730 1476
730 1491
730 1594
730 1637
730 1752
730 1916
730 1917
731 1504
731 1618
731 1642
731 1691
731 1852
732 875
732 903
732 906
732 1207
732 1320
732 1486
732 1618
732 1957
733 990
733 1233
733 1592
734 1209
734 1227
734 1245
734 1355
734 1833
735 842
735 890
735 1116
735 1198
735 1584
735 1598
736 824
736 940
736 974
736 1175
736 1197
736 1458
736 1623
736 1703
736 1944
737 846
737 891
737 1146
737 1202
737 1228
737 1294
737 1316
737 1405
737 1643
738 1283
738 1364
738 1831
739 1184
739 1241
739 1258
739 1820
739 1878
740 779
740 909
740 1267
740 1603
740 1716
741 805
741 868
741 878
741 1411
741 1458
741 1470
741 1567
741 1670
741 1823
741 1875
741 1878
741 1970
741 1989
742 852
742 910
742 1027
742 1068
742 1344
742 1367
742 1582
742 1805
743 853
743 991
743 1001
743 1006
743 1029
743 1032
743 1103
743 1341
743 1381
743 1540
743 1820
743 1827
744 1014
744 1275
744 1743
744 1758
745 914
745 969
745 1239
745 1472
745 1701
745 1852
746 1447
746 1618
746 1646
746 1649
746 1940
747 853
747 928
747 942
747 1297
747 1408
747 1465
747 1575
748 1404
748 1460
749 793
749 1166
749 1482
749 1495
749 1502
749 1726
750 916
750 958
750 1008
750 1235
750 1657
751 1158
751 1171
751 1319
751 1537
751 1890
752 1283
752 1296
752 1775
752 1990
753 892
753 1087
753 1115
753 1137
753 1207
753 1434
753 1515
753 1613
753 1853
754 844
754 901
754 902
754 1190
754 1655
754 1681
755 761
755 778
755 988
755 1112
755 1237
755 1344
755 1359
755 1460
755 1468
755 1577
756 766
756 773
756 1054
756 1101
756 1446
756 1751
756 1832
756 1944
757 909
757 1057
757 1102
757 1203
757 1658
757 1740
757 1812
758 1287
758 1422
758 1495
758 1626
758 1884
759 1061
759 1470
759 1569
759 1624
759 1916
760 924
760 1790
761 827
761 889
761 1722
761 1863
761 1928
762 1049
762 1399
762 1534
762 1895
762 1933
763 867
763 1338
763 1707
763 1794
764 1632
765 1133
765 1163
765 1188
765 1686
766 1073
766 1542
766 1777
766 1975
767 1171
767 1660
767 1736
767 1825
767 1859
768 900
768 939
768 1126
768 1310
768 1592
768 1912
768 1999
770 836
770 948
770 1329
770 1460
770 1700
771 815
771 856
771 1232
771 1295
771 1579
771 1720
772 1143
772 1299
772 1496
772 1721
773 1054
773 1125
773 1141
773 1282
773 1850
774 1207
774 1228
774 1256
774 1951
775 848
775 1645
775 1958
775 1962
776 913
776 1902
776 1924
777 781
777 905
777 1051
777 1222
777 1295
777 1505
777 1646
777 1796
777 1886
778 890
778 1099
778 1162
778 1277
778 1290
778 1348
778 1525
778 1727
778 1811
779 1095
779 1705
779 1720
779 1787
780 829
780 867
780 950
780 1972
781 825
781 1608
781 1637
781 1914
782 812
782 916
782 1083
782 1316
782 1830
782 1853
783 975
783 1136
783 1369
783 1378
784 904
784 1292
784 1456
784 1648
784 1773
785 794
785 1408
785 1677
786 982
786 1171
786 1192
786 1337
786 1631
786 1826
787 924
787 1758
788 1316
788 1408
788 1999
789 862
789 1108
789 1151
789 1379
789 1473
789 1597
789 1727
790 1037
790 1254
790 1859
790 1978
791 938
791 1229
791 1253
791 1259
791 1301
791 1817
792 812
792 819
792 1629
792 1747
793 902
793 1565
794 940
794 1102
794 1181
794 1733
794 1951
795 1028
795 1591
795 1631
796 1309
796 1369
796 1404
796 1617
797 976
797 1041
797 1134
797 1146
797 1208
797 1348
798 1054
798 1189
798 1307
798 1430
798 1485
798 1721
798 1762
798 1787
798 1973
799 1429
799 1478
799 1517
799 1654
800 972
800 1285
800 1300
800 1373
800 1530
800 1577
801 935
801 937
801 1048
801 1345
801 1698
801 1959
802 813
802 862
802 901
802 952
802 1055
802 1092
802 1103
802 1200
802 1271
802 1278
802 1436
802 1468
802 1699
802 1952
802 1953
803 872
803 881
803 932
803 1873
803 1882
804 1057
804 1489
804 1704
805 979
805 1096
805 1177
805 1419
805 1461
805 1472
805 1514
805 1959
806 1385
806 1602
806 1654
807 1074
807 1110
807 1335
807 1694
807 1701
807 1976
808 1024
808 1278
808 1444
808 1468
808 1580
808 1735
809 1109
809 1177
809 1324
809 1346
810 905
810 1028
810 1285
810 1556
810 1724
810 1729
810 1781
811 824
811 919
811 954
811 967
811 1004
811 1087
811 1244
811 1267
811 1627
811 1721
812 921
812 951
812 1154
812 1236
812 1642
813 944
813 949
813 1032
813 1299
813 1450
813 1541
813 1692
813 1832
813 1870
813 1973
814 1149
814 1476
814 1534
814 1548
814 1881
815 819
815 907
815 1203
815 1217
816 1012
816 1084
816 1393
816 1441
816 1878
817 828
817 1034
817 1365
817 1377
817 1483
817 1489
817 1874
818 951
818 1107
818 1129
818 1159
818 1401
818 1765
818 1873
819 841
819 1082
819 1349
819 1383
820 936
820 1116
820 1170
820 1205
820 1642
820 1675
821 1139
821 1399
821 1606
821 1921
821 1978
822 843
822 989
822 1046
822 1251
822 1320
822 1745
822 1923
823 1023
823 1223
823 1273
823 1332
823 1684
823 1822
824 1158
824 1483
824 1639
824 1936
824 1972
825 842
825 1234
825 1322
825 1412
825 1448
825 1839
826 867
826 1259
826 1375
826 1727
826 1896
827 1576
828 881
828 928
828 1116
828 1391
828 1735
828 1834
829 957
829 1024
829 1034
829 1170
829 1776
830 1172
830 1625
830 1636
831 985
831 1978
832 874
832 991
832 1031
832 1486
832 1771
832 1863
833 882
833 1511
833 1516
833 1552
833 1611
833 1859
833 1968
834 1069
834 1118
834 1144
834 1218
834 1259
834 1449
834 1503
835 879
835 985
835 1368
835 1509
835 1648
835 1918
836 863
836 930
836 1156
836 1276
836 1400
836 1738
836 1787
836 1805
837 1257
837 1272
837 1606
837 1983
838 857
838 863
838 1033
838 1154
838 1281
838 1331
838 1379
838 1771
839 885
839 942
839 994
839 1010
839 1358
839 1699
839 1715
839 1865
840 919
840 925
840 1779
840 1862
840 1901
840 1929
841 938
841 990
841 1183
841 1223
841 1279
841 1733
841 1974
842 1009
842 1075
842 1267
842 1673
842 1676
843 929
843 1028
843 1073
843 1499
843 1589
844 1015
844 1066
844 1173
844 1444
844 1538
844 1579
844 1621
844 1644
844 1780
844 1786
844 1820
845 908
845 1044
845 1071
845 1262
845 1501
846 955
846 1049
846 1155
846 1612
846 1669
846 1748
846 1977
847 910
847 1027
847 1310
847 1420
847 1844
847 1946
848 1563
848 1574
849 1036
849 1321
849 1460
849 1475
849 1548
849 1621
849 1776
849 1884
849 1952
850 896
850 1250
850 1374
850 1388
850 1452
850 1978
851 1232
851 1322
851 1347
851 1352
851 1369
851 1453
851 1570
851 1603
851 1752
852 935
852 936
852 1571
852 1764
853 956
853 1004
853 1376
853 1590
853 1774
853 1802
854 1634
854 1636
854 1716
854 1750
855 1174
855 1202
855 1302
855 1653
855 1673
855 1817
855 1849
856 894
856 1024
856 1083
856 1453
856 1664
857 1025
857 1040
857 1613
857 1708
857 1713
857 1779
858 916
858 1114
858 1289
858 1311
858 1384
858 1505
858 1614
859 1162
859 1272
859 1289
859 1403
859 1513
859 1593
859 1594
860 1315
860 1837
860 1876
860 1877
861 1143
861 1478
861 1676
861 1687
861 1768
862 1184
862 1297
862 1426
862 1483
862 1909
863 1124
863 1175
863 1245
863 1426
863 1439
863 1627
863 1686
863 1925
864 1175
864 1191
864 1213
864 1502
864 1733
864 1791
865 1117
865 1213
865 1294
865 1735
865 1905
866 1098
866 1553
866 1577
866 1817
867 874
867 1063
867 1070
867 1633
867 1650
867 1991
868 999
868 1062
868 1278
868 1440
868 1951
869 1034
869 1150
869 1209
869 1375
869 1720
869 1764
869 1917
870 1316
870 1366
870 1420
870 1626
870 1771
871 990
871 1098
871 1144
871 1192
871 1393
871 1537
871 1619
871 1773
871 1836
872 904
872 1094
872 1477
872 1946
873 985
873 1114
873 1128
873 1181
873 1656
874 1265
874 1407
874 1549
874 1635
874 1789
875 1147
875 1239
875 1287
875 1305
875 1348
875 1522
875 1873
875 1878
875 1957
876 996
876 1459
876 1639
876 1855
877 908
877 1522
877 1829
877 1946
878 1030
878 1055
878 1172
878 1969
879 1243
879 1424
879 1873
880 1199
880 1400
880 1481
880 1797
880 1921
880 1931
880 1972
881 886
881 1022
881 1563
881 1907
882 898
882 1069
882 1332
883 926
883 1481
883 1816
884 1028
884 1100
884 1253
884 1301
884 1326
884 1467
884 1629
884 1834
884 1838
885 925
885 1138
885 1593
885 1865
886 899
886 1336
886 1807
887 928
887 995
887 1691
887 1809
888 1106
888 1230
888 1235
888 1486
889 1077
889 1215
889 1424
889 1777
889 1920
890 1373
890 1386
890 1490
890 1636
890 1756
891 992
891 1099
891 1430
891 1595
891 1710
891 1713
891 1858
891 1862
891 1892
892 1316
892 1451
892 1937
893 1203
893 1362
893 1367
893 1580
893 1772
894 1011
894 1013
894 1416
894 1456
894 1584
894 1973
895 1208
895 1387
895 1477
895 1575
895 1591
896 1159
896 1381
896 1622
896 1766
896 1826
897 1067
897 1179
897 1514
897 1780
898 1156
898 1316
898 1725
899 976
899 1295
899 1307
899 1320
899 1336
899 1526
899 1589
899 1764
899 1913
899 1935
900 1583
901 953
901 980
901 1537
901 1640
902 943
902 1101
902 1246
902 1687
902 1911
903 959
903 1634
903 1642
903 1650
903 1745
903 1995
904 1193
904 1798
904 1928
905 1403
905 1845
905 1997
906 1095
906 1163
906 1172
906 1180
906 1307
906 1394
906 1434
906 1435
906 1763
906 1785
906 1859
907 954
907 1432
907 1442
908 1082
908 1728
908 1772
909 965
909 1056
909 1088
909 1494
909 1581
909 1848
909 1912
910 1313
910 1670
910 1736
911 1810
911 1911
911 1934
912 1131
912 1207
912 1413
912 1454
912 1925
912 1956
913 1014
913 1058
913 1059
913 1380
913 1554
913 1557
913 1595
913 1769
914 992
914 1077
914 1210
914 1660
915 1040
915 1075
915 1120
915 1791
915 1803
916 1121
916 1173
916 1661
917 1170
917 1417
918 1024
918 1183
918 1340
918 1384
918 1737
918 1741
918 1865
918 1866
918 1922
919 1170
919 1367
919 1757
919 1782
919 1808
920 985
920 1466
920 1506
921 931
921 1186
921 1568
921 1627
921 1650
921 1787
921 1846
921 1964
922 1646
922 1733
923 1119
923 1270
923 1287
923 1368
923 1550
923 1607
923 1637
923 1790
924 1316
924 1467
924 1561
924 1698
924 1700
924 1828
925 1497
925 1557
925 1617
925 1727
925 1829
926 1155
926 1180
926 1241
926 1656
926 1738
926 1889
927 963
927 1014
927 1190
927 1659
928 928
928 1493
928 1846
930 958
930 979
930 1021
930 1754
931 1269
931 1333
931 1366
931 1509
931 1867
932 1203
932 1355
932 1359
932 1388
932 1415
932 1554
932 1690
933 1284
933 1531
933 1698
933 1846
934 1005
934 1074
934 1113
934 1701
935 1678
935 1706
935 1709
935 1965
936 1792
936 1855
937 1102
937 1257
937 1350
937 1433
937 1562
937 1718
937 1981
938 1010
938 1764
938 1901
938 1922
939 1291
939 1742
939 1788
940 1251
940 1520
940 1591
940 1666
940 1851
940 1986
941 1376
941 1619
941 1857
941 1931
942 1164
942 1328
942 1570
942 1646
942 1683
942 1685
943 1335
943 1642
943 1763
943 1832
943 1983
944 1321
944 1366
944 1436
944 1754
944 1772
944 1973
945 1024
945 1079
945 1250
945 1583
945 1603
946 970
946 1119
946 1188
946 1243
946 1424
946 1509
946 1643
946 1711
946 1748
946 1821
946 1835
946 1854
947 985
947 1128
947 1130
947 1248
947 1380
947 1389
947 1410
947 1918
948 1192
948 1483
949 1027
949 1170
949 1310
949 1431
949 1445
949 1711
949 1864
950 978
950 1304
950 1326
950 1395
950 1567
950 1830
950 1955
951 1112
951 1171
951 1373
951 1496
951 1505
951 1572
952 1465
952 1477
952 1949
953 1028
953 1063
953 1268
953 1356
953 1411
953 1742
954 1356
954 1389
954 1597
954 1810
954 1815
955 990
955 1057
955 1272
955 1468
955 1489
955 1604
956 973
956 1077
956 1270
956 1371
956 1828
957 1067
957 1096
957 1176
957 1565
957 1597
957 1780
957 1849
957 1865
957 1873
957 1936
958 1033
958 1338
959 1143
959 1156
959 1268
959 1298
959 1446
959 1796
959 1837
960 1094
960 1658
960 1833
960 1852
960 1860
961 986
961 1016
961 1027
961 1135
961 1221
961 1528
961 1702
962 1349
963 1248
963 1265
963 1336
963 1515
963 1531
963 1975
964 1172
964 1215
964 1568
965 1332
965 1383
965 1568
965 1595
965 1606
965 1649
965 1674
965 1758
965 1850
966 982
966 1046
966 1064
966 1204
966 1658
966 1665
967 1043
967 1092
967 1833
968 1857
969 1103
969 1536
969 1914
970 1220
970 1360
970 1483
970 1794
970 1811
971 1057
971 1215
971 1461
971 1579
971 1581
971 1657
971 1800
972 1054
972 1168
972 1193
972 1343
972 1544
972 1571
973 1041
973 1576
973 1578
973 1584
973 1901
973 1936
974 1091
974 1223
974 1274
974 1503
974 1918
974 1939
975 1332
975 1521
975 1544
975 1571
975 1764
975 1771
976 983
976 1105
976 1228
976 1240
976 1379
976 1443
976 1457
976 1673
976 1740
976 1921
977 1076
977 1572
977 1958
978 980
978 985
978 1153
978 1295
978 1461
978 1503
978 1730
978 1997
979 1654
979 1766
980 1326
980 1491
980 1970
981 1134
981 1543
981 1608
982 1064
982 1290
982 1413
982 1464
982 1591
982 1843
982 1855
983 1076
983 1288
983 1290
984 1128
984 1188
984 1348
984 1763
985 1177
985 1220
985 1239
985 1964
986 1034
986 1412
986 1808
987 1696
987 1720
988 1021
988 1072
988 1087
988 1316
988 1321
988 1475
988 1702
988 1814
988 1862
988 1875
989 1027
989 1137
989 1148
989 1336
989 1494
989 1637
989 1749
989 1773
990 991
990 1618
990 1716
990 1760
990 1816
990 1972
990 1977
991 1577
991 1930
992 1226
992 1285
992 1432
992 1890
993 996
993 1055
993 1061
993 1390
994 1313
994 1763
994 1855
995 1188
995 1306
995 1458
995 1698
996 1107
996 1153
996 1694
996 1907
996 1948
996 1998
997 1574
997 1827
997 1892
997 1971
998 1099
998 1124
998 1148
998 1266
998 1374
998 1493
999 1324
999 1420
999 1585
999 1807
999 1997
1000 1305
1000 1353
1000 1597
1001 1065
1001 1437
1001 1812
1002 1278
1002 1830
1002 1860
1003 1013
1003 1109
1003 1254
1003 1644
1003 1934
1004 1093
1004 1127
1004 1676
1004 1681
1004 1856
1005 1061
1005 1285
1005 1308
1005 1389
1005 1474
1005 1543
1005 1810
1006 1155
1006 1341
1006 1410
1006 1589
1006 1744
1006 1900
1007 1295
1008 1085
1008 1159
1008 1265
1008 1378
1008 1631
1008 1807
1008 1812
1009 1086
1009 1320
1009 1628
1009 1697
1009 1933
1010 1239
1010 1541
1010 1581
1010 1916
1010 1961
1010 1991
1011 1054
1011 1177
1011 1187
1011 1572
1011 1694
1011 1954
1012 1152
1012 1228
1012 1281
1012 1375
1012 1673
1013 1281
1013 1463
1013 1477
1013 1542
1013 1566
1013 1658
1013 1958
1014 1160
1014 1190
1014 1838
1015 1079
1015 1101
1015 1280
1015 1580
1015 1646
1016 1043
1016 1094
1016 1141
1016 1160
1016 1276
1016 1495
1016 1573
1017 1135
1017 1197
1017 1244
1017 1493
1017 1577
1017 1618
1017 1846
1018 1035
1018 1180
1018 1664
1018 1880
1018 1997
1019 1048
1019 1295
1019 1406
1019 1663
1019 1709
1019 1915
1019 1930
1019 1997
1020 1490
1020 1735
1021 1882
1021 1899
1022 1408
1022 1414
1022 1566
1022 1612
1022 1667
1023 1241
1023 1305
1023 1349
1023 1375
1023 1462
1023 1486
1023 1595
1024 1558
1025 1036
1025 1144
1025 1162
1027 1207
1027 1406
1027 1422
1027 1448
1027 1545
1028 1430
1028 1462
1028 1723
1028 1881
1028 1943
1028 1957
1029 1192
1029 1549
1030 1117
1030 1170
1030 1357
1030 1398
1030 1456
1031 1048
1031 1069
1031 1439
1031 1576
1031 1612
1031 1774
1031 1794
1032 1370
1033 1069
1033 1571
1033 1712
1033 1805
1033 1993
1034 1222
1034 1266
1034 1357
1034 1375
1034 1507
1034 1536
1034 1800
1034 1819
1034 1823
1035 1211
1035 1296
1035 1310
1035 1626
1036 1050
1036 1233
1036 1345
1036 1969
1037 1324
1037 1341
1037 1501
1037 1974
1038 1128
1038 1250
1038 1320
1038 1546
1038 1566
1038 1785
1038 1879
1038 1944
1039 1167
1039 1420
1039 1543
1039 1651
1039 1861
1040 1191
1040 1288
1040 1667
1040 1871
1041 1426
1041 1476
1041 1768
1042 1429
1042 1438
1042 1910
1043 1447
1043 1933
1044 1191
1044 1915
1044 1995
1045 1331
1045 1955
1046 1615
1046 1945
1047 1234
1047 1260
1048 1097
1048 1150
1048 1152
1048 1220
1048 1279
1048 1570
1048 1860
1049 1652
1049 1689
1050 1090
1050 1116
1050 1246
1051 1271
1051 1430
1052 1195
1052 1416
1052 1641
1052 1710
1053 1292
1053 1507
1053 1577
1053 1585
1053 1668
1053 1991
1053 1995
1054 1183
1054 1288
1054 1364
1054 1368
1054 1529
1054 1591
1054 1926
1055 1097
1055 1144
1055 1216
1055 1283
1055 1365
1056 1077
1056 1147
1056 1170
1056 1388
1056 1455
1057 1512
1057 1651
1058 1232
1058 1690
1059 1074
1059 1242
1059 1588
1059 1734
1059 1817
1060 1142
1060 1233
1060 1236
1060 1336
1060 1418
1060 1475
1060 1540
1060 1555
1060 1664
1061 1067
1061 1173
1061 1400
1061 1884
1062 1367
1062 1508
1062 1672
1062 1852
1062 1891
1063 1292
1063 1918
1063 1985
1064 1188
1064 1425
1064 1726
1064 1948
1065 1086
1065 1164
1065 1610
1065 1758
1066 1238
1066 1298
1066 1580
1066 1777
1067 1448
1067 1461
1067 1505
1067 1555
1067 1610
1068 1167
1068 1201
1068 1530
1068 1643
1069 1424
1069 1563
1071 1293
1071 1605
1071 1726
1071 1878
1071 1933
1072 1601
1073 1119
1073 1321
1073 1601
1073 1611
1073 1778
1073 1795
1073 1797
1073 1832
1073 1877
1074 1184
1074 1261
1074 1326
1074 1548
1074 1751
1074 1815
1074 1874
1075 1559
1075 1702
1075 1719
1075 1734
1075 1876
1075 1889
1076 1153
1076 1457
1076 1530
1076 1596
1076 1601
1076 1628
1076 1702
1076 1968
1077 1304
1077 1404
1077 1620
1077 1713
1077 1948
1077 1987
1077 1988
1078 1213
1078 1231
1078 1247
1078 1368
1078 1471
1078 1540
1079 1089
1079 1541
1080 1280
1080 1303
1080 1517
1080 1800
1081 1402
1081 1541
1081 1560
1082 1344
1082 1378
1082 1474
1082 1945
1082 1957
1083 1169
1083 1225
1083 1268
1083 1293
1083 1361
1083 1483
1083 1800
1083 1816
1083 1950
1083 1970
1084 1472
1084 1597
1084 1679
1084 1935
1085 1409
1085 1652
1086 1092
1086 1448
1086 1863
1087 1093
1087 1185
1087 1403
1087 1507
1087 1527
1087 1666
1087 1891
1087 1996
1088 1153
1088 1327
1088 1328
1088 1346
1088 1580
1088 1703
1088 1860
1088 1967
1088 1988
1089 1111
1089 1128
1089 1649
1089 1666
1089 1747
1089 1951
1089 1980
1090 1214
1090 1220
1090 1498
1090 1590
1090 1609
1090 1627
1090 1944
1091 1301
1091 1314
1091 1793
1091 1978
1092 1692
1093 1249
1093 1421
1093 1567
1093 1574
1093 1924
1093 1947
1094 1169
1094 1185
1094 1443
1095 1146
1095 1195
1095 1553
1095 1582
1095 1667
1095 1854
1096 1305
1096 1503
1096 1601
1096 1666
1096 1791
1096 1900
1097 1190
1097 1196
1097 1309
1097 1888
1098 1149
1098 1365
1098 1399
1098 1624
1098 1909
1099 1247
1099 1528
1100 1142
1100 1184
1100 1520
1100 1640
1100 1677
1100 1722
1100 1778
1101 1258
1101 1328
1101 1354
1101 1387
1101 1530
1101 1547
1101 1659
1101 1789
1102 1425
1102 1534
1102 1697
1102 1709
1103 1230
1103 1343
1103 1418
1103 1480
1103 1510
1103 1634
1104 1119
1104 1382
1104 1394
1104 1434
1104 1809
1104 1879
1104 1946
1105 1134
1105 1191
1106 1171
1106 1213
1106 1259
1106 1450
1106 1757
1107 1370
1107 1565
1107 1887
1107 1934
1108 1455
1108 1725
1109 1206
1110 1348
1110 1371
1110 1434
1110 1472
1110 1677
1110 1843
1110 1893
1111 1226
1111 1434
1111 1545
1111 1702
1111 1981
1112 1218
1112 1226
1112 1437
1112 1538
1112 1713
1113 1209
1113 1698
1114 1190
1114 1705
1114 1826
1114 1846
1114 1863
1114 1894
1115 1195
1115 1352
1115 1509
1115 1657
1115 1699
1115 1722
1115 1741
1116 1364
1116 1594
1116 1738
1116 1974
1117 1283
1117 1603
1117 1802
1117 1806
1117 1946
1118 1148
1118 1191
1118 1631
1118 1699
1118 1727
1118 1764
1119 1200
1119 1279
1119 1554
1119 1665
1119 1860
1120 1391
1120 1631
1120 1648
1120 1948
1121 1233
1121 1395
1121 1531
1121 1815
1121 1930
1121 1939
1122 1535
1122 1545
1122 1906
1122 1991
1123 1553
1124 1430
1124 1534
1124 1965
1125 1285
1125 1826
1126 1694
1126 1887
1126 1896
1127 1236
1127 1369
1127 1399
1127 1423
1127 1489
1128 1130
1128 1364
1128 1543
1128 1773
1129 1539
1129 1944
1130 1191
1130 1249
1130 1501
1130 1974
1131 1508
1131 1837
1131 1867
1132 1211
1132 1439
1132 1547
1132 1593
1132 1656
1132 1787
1132 1948
1133 1220
1133 1589
1133 1828
1133 1873
1133 1888
1134 1226
1134 1325
1134 1529
1134 1944
1135 1190
1135 1664
1135 1842
1135 1977
1136 1207
1136 1220
1136 1571
1136 1639
1136 1735
1137 1160
1137 1261
1137 1568
1137 1625
1138 1182
1138 1235
1138 1412
1138 1558
1139 1168
1139 1177
1139 1239
1139 1318
1139 1566
1139 1603
1139 1840
1140 1535
1140 1696
1141 1183
1141 1287
1141 1290
1141 1476
1142 1156
1142 1244
1142 1749
1142 1805
1142 1988
1143 1298
1143 1487
1143 1972
1144 1191
1144 1547
1145 1157
1145 1198
1145 1622
1145 1665
1145 1870
1146 1381
1146 1745
1146 1808
1146 1954
1147 1637
1147 1827
1147 1924
1148 1350
1148 1550
1148 1838
1148 1915
1148 1967
1150 1155
1150 1186
1150 1542
1150 1557
1150 1823
1150 1872
1150 1960
1150 1989
1151 1223
1151 1361
1151 1485
1151 1684
1151 1963
1152 1380
1152 1820
1153 1233
1153 1656
1153 1968
1154 1278
1154 1759
1154 1851
1154 1864
1154 1880
1155 1156
1155 1333
1155 1339
1155 1394
1155 1430
1156 1211
1156 1359
1156 1828
1156 1842
1157 1159
1157 1320
1157 1323
1157 1353
1157 1679
1157 1743
1157 1797
1157 1914
1158 1257
1158 1504
1158 1633
1158 1920
1159 1209
1159 1544
1159 1838
1160 1316
1160 1514
1160 1593
1160 1981
1161 1201
1161 1845
1161 1860
1162 1185
1162 1424
1162 1433
1162 1512
1162 1647
1162 1743
1163 1284
1163 1463
1163 1581
1163 1784
1163 1796
1164 1415
1165 1835
1166 1231
1166 1334
1166 1484
1166 1501
1167 1194
1168 1327
1168 1603
1168 1919
1168 1920
1169 1307
1169 1427
1169 1461
1169 1498
1169 1564
1169 1619
1170 1479
1170 1501
1170 1895
1170 1905
1171 1176
1171 1266
1171 1328
1171 1358
1171 1965
1173 1421
1173 1784
1173 1887
1173 1913
1173 1919
1173 1955
1174 1483
1174 1531
1175 1217
1175 1646
1175 1886
1176 1476
1177 1241
1177 1353
1178 1991
1179 1241
1179 1687
1179 1715
1179 1819
1180 1303
1180 1315
1180 1425
1181 1223
1181 1254
1181 1279
1181 1283
1181 1571
1181 1708
1181 1718
1181 1864
1181 1889
1181 1896
1182 1420
1182 1523
1182 1783
1182 1911
1182 1955
1183 1326
1183 1597
1184 1192
1184 1314
1184 1767
1184 1790
1185 1618
1185 1708
1185 1734
1185 1776
1185 1806
1185 1921
1186 1211
1186 1344
1186 1364
1186 1558
1187 1316
1187 1420
1187 1524
1187 1556
1187 1582
1187 1591
1187 1645
1188 1703
1188 1874
1188 1960
1188 1978
1189 1242
1189 1567
1190 1578
1190 1664
1190 1798
1190 1912
1191 1403
1191 1469
1191 1696
1191 1714
1191 1777
1192 1291
1192 1366
1192 1486
1192 1694
1192 1879
1193 1204
1193 1311
1193 1512
1193 1616
1193 1655
1193 1812
1193 1826
1194 1313
1194 1527
1194 1577
1195 1203
1195 1264
1195 1489
1195 1798
1196 1230
1196 1490
1196 1611
1196 1809
1196 1951
1197 1235
1197 1330
1197 1391
1197 1463
1197 1564
1197 1710
1198 1359
1198 1769
1198 1890
1198 1916
1199 1261
1199 1495
1199 1635
1199 1649
1199 1751
1199 1826
1200 1260
1200 1376
1201 1208
1201 1287
1201 1722
1201 1799
1202 1228
1202 1328
1202 1852
1202 1911
1202 1926
1203 1392
1203 1757
1203 1970
1204 1421
1204 1587
1204 1729
1204 1870
1204 1936
1205 1632
1205 1673
1205 1873
1206 1229
1206 1277
1206 1489
1206 1514
1206 1596
1206 1955
1207 1421
1207 1456
1207 1708
1208 1350
1208 1620
1208 1848
1208 1944
1209 1576
1209 1826
1209 1841
1210 1568
1210 1670
1210 1964
1211 1774
1211 1814
1211 1904
1212 1239
1212 1914
1213 1550
1214 1356
1214 1571
1214 1911
1215 1333
1215 1415
1215 1660
1215 1891
1215 1902
1216 1443
1216 1721
1217 1278
1217 1281
1217 1443
1218 1517
1218 1760
1218 1772
1219 1247
1219 1387
1219 1418
1219 1819
1219 1821
1220 1442
1220 1446
1220 1577
1220 1651
1220 1728
1220 1863
1220 1948
1222 1602
1222 1698
1222 1928
1223 1566
1223 1705
1224 1278
1224 1307
1224 1443
1224 1744
1224 1758
1224 1778
1224 1808
1224 1941
1224 1987
1225 1291
1225 1718
1225 1887
1225 1898
1226 1352
1226 1473
1226 1677
1226 1699
1226 1759
1226 1954
1227 1358
1227 1386
1227 1389
1227 1460
1227 1462
1228 1490
1228 1531
1228 1925
1229 1240
1229 1256
1229 1475
1229 1682
1229 1727
1229 1905
1229 1913
1230 1290
1230 1308
1230 1604
1230 1649
1230 1717
1230 1761
1230 1877
1231 1460
1231 1648
1231 1702
1231 1822
1233 1384
1233 1409
1233 1780
1234 1579
1234 1682
1235 1245
1235 1345
1235 1750
1235 1761
1235 1825
1236 1358
1236 1521
1236 1561
1236 1645
1236 1899
1237 1377
1237 1564
1237 1747
1237 1884
1237 1921
1237 1979
1238 1301
1238 1410
1239 1462
1239 1720
1239 1816
1239 1845
1239 1972
1240 1377
1240 1381
1240 1451
1240 1544
1240 1748
1240 1755
1241 1290
1241 1312
1241 1845
1241 1864
1241 1999
1242 1399
1242 1581
1242 1715
1243 1695
1243 1870
1243 1931
1244 1338
1244 1365
1244 1374
1244 1436
1244 1529
1244 1537
1244 1931
1245 1251
1245 1680
1245 1832
1246 1448
1246 1582
1246 1633
1246 1728
1246 1847
1247 1412
1247 1617
1248 1421
1248 1742
1248 1865
1249 1482
1249 1742
1249 1934
1250 1375
1250 1447
1250 1830
1251 1272
1251 1280
1251 1321
1251 1688
1251 1707
1251 1719
1251 1859
1251 1895
1252 1280
1252 1296
1252 1654
1252 1720
1252 1790
1252 1874
1252 1988
1253 1492
1253 1803
1253 1807
1253 1881
1253 1969
1254 1473
1254 1496
1254 1551
1254 1673
1255 1294
1255 1382
1255 1836
1255 1890
1256 1300
1256 1930
1256 1968
1256 1973
1257 1281
1257 1333
1257 1403
1257 1514
1257 1690
1257 1849
1258 1285
1258 1366
1258 1952
1258 1990
1258 1999
1259 1830
1260 1484
1261 1505
1261 1599
1261 1952
1262 1441
1262 1850
1263 1274
1263 1351
1263 1419
1263 1646
1263 1702
1263 1703
1263 1836
1264 1270
1264 1277
1264 1491
1264 1599
1264 1723
1265 1972
1266 1443
1266 1655
1266 1860
1267 1728
1267 1736
1267 1879
1268 1314
1268 1326
1268 1447
1268 1731
1269 1319
1269 1852
1269 1943
1270 1776
1270 1882
1272 1388
1272 1808
1272 1849
1272 1860
1272 1926
1273 1425
1273 1519
1273 1581
1273 1621
1274 1538
1274 1556
1274 1677
1274 1875
1274 1975
1275 1363
1275 1395
1275 1687
1275 1988
1276 1841
1277 1621
1278 1996
1279 1393
1279 1455
1279 1584
1279 1782
1280 1644
1280 1669
1280 1692
1280 1945
1281 1598
1282 1531
1282 1874
1283 1889
1283 1950
1283 1978
1284 1428
1284 1628
1284 1633
1284 1802
1284 1926
1284 1990
1285 1763
1285 1776
1285 1777
1285 1968
1286 1360
1286 1836
1287 1617
1288 1310
1289 1388
1289 1977
1290 1345
1290 1349
1290 1522
1290 1726
1290 1916
1290 1924
1291 1335
1291 1932
1291 1994
1292 1598
1292 1614
1292 1884
1292 1974
1293 1638
1293 1650
1293 1963
1293 1983
1294 1346
1294 1414
1294 1693
1294 1977
1295 1622
1295 1726
1296 1493
1296 1555
1296 1765
1296 1787
1296 1983
1297 1470
1297 1716
1298 1342
1298 1514
1298 1858
1298 1873
1299 1566
1299 1788
1299 1832
1299 1857
1300 1306
1300 1369
1300 1505
1300 1733
1301 1382
1301 1663
1301 1764
1301 1785
1301 1798
1301 1937
1302 1373
1302 1480
1302 1660
1303 1952
1304 1322
1304 1647
1304 1711
1304 1754
1305 1335
1305 1523
1305 1622
1306 1379
1306 1641
1306 1665
1306 1875
1307 1363
1307 1723
1307 1732
1307 1830
1307 1978
1308 1388
1308 1495
1308 1714
1308 1926
1309 1659
1309 1888
1309 1894
1309 1897
1310 1589
1310 1775
1311 1362
1311 1529
1311 1672
1312 1412
1313 1323
1313 1383
1313 1492
1314 1323
1314 1371
1314 1814
1314 1950
1315 1362
1315 1676
1316 1845
1317 1500
1317 1523
1317 1599
1317 1677
1317 1814
1318 1467
1318 1761
1318 1835
1318 1995
1319 1445
1320 1339
1320 1663
1321 1347
1321 1692
1322 1333
1322 1691
1322 1721
1322 1907
1322 1911
1322 1912
1322 1928
1323 1403
1323 1445
1323 1651
1323 1845
1324 1444
1324 1553
1324 1892
1325 1973
1325 1993
1326 1677
1326 1987
1327 1355
1327 1794
1327 1800
1328 1569
1328 1571
1328 1718
1329 1402
1329 1603
1329 1881
1330 1552
1330 1617
1330 1794
1330 1903
1330 1915
1330 1976
1331 1451
1331 1705
1331 1779
1331 1864
1331 1869
1332 1691
1332 1820
1332 1921
1332 1953
1333 1500
1333 1602
1333 1797
1334 1340
1334 1597
1334 1748
1335 1460
1335 1746
1336 1465
1336 1605
1336 1803
1336 1938
1337 1692
1337 1718
1337 1769
1337 1883
1338 1354
1338 1658
1338 1794
1338 1923
1338 1994
1339 1486
1339 1583
1339 1719
1339 1845
1339 1984
1340 1508
1340 1871
1341 1738
1341 1739
1341 1790
1342 1676
1342 1911
1343 1734
1344 1493
1344 1572
1344 1863
1344 1979
1345 1684
1345 1704
1346 1486
1346 1620
1346 1698
1346 1756
1347 1383
1347 1723
1347 1758
1347 1865
1348 1722
1348 1798
1348 1824
1349 1392
1349 1791
1349 1850
1350 1565
1350 1693
1350 1870
1350 1910
1350 1937
1351 1390
1351 1472
1351 1556
1351 1833
1351 1858
1351 1953
1351 1981
1352 1532
1352 1660
1352 1738
1352 1747
1352 1832
1352 1850
1352 1870
1352 1881
1353 1509
1353 1638
1353 1768
1354 1431
1354 1519
1354 1671
1354 1930
1355 1719
1355 1737
1355 1749
1355 1782
1357 1785
1358 1565
1358 1683
1358 1798
1359 1496
1359 1690
1359 1709
1360 1819
1361 1366
1361 1433
1361 1448
1361 1453
1361 1764
1361 1862
1361 1894
1361 1952
1362 1546
1363 1450
1363 1652
1363 1737
1364 1485
1364 1696
1365 1369
1365 1386
1365 1404
1365 1521
1365 1657
1366 1496
1366 1514
1366 1538
1366 1564
1366 1774
1366 1998
1367 1459
1367 1536
1367 1890
1368 1429
1368 1755
1368 1762
1368 1772
1369 1539
1369 1813
1369 1987
1370 1525
1370 1561
1370 1736
1371 1374
1372 1607
1372 1694
1372 1851
1372 1965
1373 1406
1373 1459
1373 1622
1373 1713
1373 1863
1374 1403
1374 1510
1374 1559
1374 1749
1374 1940
1374 1964
1375 1460
1375 1587
1375 1692
1375 1841
1376 1387
1376 1571
1376 1758
1377 1451
1377 1575
1377 1745
1377 1841
1378 1525
1378 1655
1378 1741
1378 1899
1379 1443
1379 1720
1379 1891
1379 1968
1380 1406
1380 1416
1380 1585
1381 1424
1381 1442
1381 1602
1382 1456
1382 1492
1382 1556
1382 1697
1382 1949
1383 1487
1383 1661
1383 1679
1383 1817
1384 1406
1384 1597
1384 1847
1384 1863
1384 1956
1385 1524
1385 1683
1385 1952
1386 1464
1386 1567
1386 1689
1386 1741
1387 1971
1388 1637
1388 1676
1389 1571
1389 1750
1390 1467
1390 1476
1390 1672
1390 1742
1390 1750
1390 1862
1390 1937
1391 1417
1391 1592
1391 1618
1391 1679
1391 1783
1391 1906
1391 1980
1392 1524
1392 1794
1393 1420
1393 1741
1393 1941
1393 1957
1394 1489
1394 1714
1394 1747
1395 1494
1395 1597
1395 1668
1395 1758
1396 1744
1397 1891
1398 1454
1398 1619
1398 1863
1400 1500
1400 1575
1400 1704
1400 1718
1400 1753
1402 1480
1402 1619
1403 1666
1403 1763
1404 1853
1404 1963
1405 1542
1405 1545
1407 1739
1407 1837
1407 1838
1408 1499
1408 1536
1408 1724
1408 1740
1409 1608
1409 1644
1410 1664
1410 1685
1410 1748
1412 1731
1412 1817
1413 1416
1413 1706
1413 1777
1413 1782
1413 1852
1414 1540
1414 1553
1414 1692
1414 1911
1416 1540
1416 1822
1416 1892
1417 1906
1418 1474
1418 1734
1420 1468
1420 1686
1420 1932
1421 1579
1421 1744
1421 1947
1422 1440
1422 1530
1422 1673
1424 1965
1425 1668
1425 1863
1425 1915
1427 1459
1427 1877
1428 1690
1428 1877
1429 1622
1429 1636
1430 1778
1430 1796
1430 1851
1431 1938
1432 1654
1433 1704
1434 1450
1434 1568
1434 1724
1434 1816
1435 1555
1435 1954
1436 1544
1437 1766
1437 1901
1438 1625
1438 1627
1438 1770
1438 1789
1438 1831
1438 1855
1438 1909
1438 1919
1439 1686
1441 1998
1442 1707
1442 1795
1443 1480
1443 1530
1443 1973
1444 1759
1444 1799
1445 1451
1445 1504
1445 1655
1446 1814
1446 1986
1447 1520
1447 1836
1447 1880
1448 1455
1448 1488
1448 1891
1449 1609
1449 1721
1450 1568
1450 1576
1450 1630
1450 1884
1451 1614
1453 1610
1454 1837
1454 1894
1454 1941
1454 1997
1455 1803
1455 1854
1456 1559
1456 1595
1456 1940
1456 1955
1456 1956
1457 1623
1457 1702
1457 1957
1457 1961
1458 1576
1458 1820
1458 1990
1459 1958
1460 1621
1460 1702
1460 1731
1461 1776
1461 1902
1462 1468
1462 1553
1462 1759
1463 1682
1464 1715
1464 1862
1464 1890
1464 1893
1464 1910
1465 1698
1465 1744
1467 1521
1467 1575
1467 1928
1468 1893
1468 1997
1469 1488
1469 1609
1469 1781
1470 1524
1470 1914
1470 1962
1471 1496
1471 1552
1473 1817
1473 1930
1474 1549
1474 1782
1475 1491
1475 1609
1475 1785
1475 1951
1476 1497
1476 1542
1476 1680
1477 1749
1478 1573
1478 1674
1479 1590
1479 1661
1479 1844
1480 1707
1480 1940
1480 1989
1481 1630
1482 1515
1482 1882
1482 1907
1483 1827
1484 1894
1484 1999
1485 1831
1486 1629
1486 1656
1486 1775
1486 1806
1487 1714
1488 1565
1489 1508
1489 1574
1489 1786
1489 1888
1489 1896
1490 1708
1490 1817
1491 1521
1491 1563
1491 1941
1492 1557
1492 1571
1492 1626
1492 1962
1493 1522
1493 1665
1493 1723
1493 1806
1494 1502
1494 1578
1494 1958
1494 1995
1495 1797
1496 1514
1496 1590
1497 1770
1497 1796
1497 1861
1497 1958
1498 1520
1498 1868
1501 1862
1502 1790
1503 1684
1503 1853
1503 1956
1504 1611
1504 1708
1504 1776
1504 1824
1504 1952
1505 1809
1505 1965
1507 1524
1507 1814
1507 1825
1507 1855
1507 1879
1508 1564
1508 1588
1508 1781
1508 1874
1511 1513
1511 1806
1511 1853
1511 1874
1512 1645
1514 1635
1514 1882
1516 1555
1516 1849
1516 1883
1518 1593
1519 1658
1519 1738
1519 1836
1519 1962
1520 1824
1520 1975
1521 1561
1521 1989
1522 1776
1523 1611
1524 1578
1524 1640
1524 1675
1525 1844
1525 1891
1525 1995
1526 1953
1527 1676
1529 1558
1529 1901
1529 1938
1530 1616
1530 1915
1530 1977
1531 1850
1532 1757
1532 1859
1532 1993
1533 1878
1533 1943
1534 1846
1534 1886
1534 1936
1534 1973
1535 1635
1535 1784
1536 1739
1536 1762
1536 1894
1537 1590
1537 1684
1537 1763
1538 1578
1538 1587
1538 1663
1539 1601
1539 1667
1540 1794
1540 1861
1541 1572
1541 1682
1541 1877
1541 1884
1541 1962
1543 1564
1543 1647
1543 1747
1543 1985
1544 1563
1544 1626
1544 1692
1544 1857
1545 1970
1548 1824
1549 1566
1549 1716
1549 1825
1550 1980
1551 1647
1551 1668
1551 1697
1551 1731
1551 1780
1552 1713
1553 1644
1553 1704
1553 1852
1554 1785
1555 1567
1555 1691
1555 1721
1556 1812
1556 1955
1557 1557
1557 1566
1557 1872
1558 1597
1559 1614
1560 1925
1561 1562
1561 1994
1562 1654
1562 1742
1562 1854
1563 1784
1563 1839
1564 1826
1564 1885
1565 1600
1565 1640
1565 1871
1566 1619
1566 1702
1566 1714
1566 1744
1567 1609
1567 1864
1567 1986
1568 1598
1568 1655
1568 1817
1568 1883
1568 1899
1569 1748
1569 1818
1570 1604
1571 1613
1571 1717
1572 1789
1573 1609
1573 1903
1574 1609
1574 1682
1574 1713
1575 1771
1575 1830
1575 1922
1577 1694
1577 1767
1578 1658
1578 1753
1578 1969
1580 1750
1581 1583
1581 1942
1583 1811
1583 1819
1583 1852
1583 1897
1584 1873
1585 1628
1587 1995
1588 1861
1588 1869
1589 1706
1589 1726
1589 1750
1589 1760
1589 1875
1589 1967
1591 1720
1591 1875
1591 1917
1592 1610
1592 1735
1593 1772
1593 1857
1594 1653
1595 1779
1595 1790
1595 1921
1597 1607
1597 1760
1598 1637
1598 1714
1598 1969
1599 1766
1600 1680
1600 1825
1601 1721
1601 1963
1601 1974
1601 1999
1602 1888
1603 1853
1604 1668
1604 1769
1606 1832
1607 1758
1607 1933
1608 1649
1608 1824
1609 1825
1609 1959
1610 1902
1611 1701
1611 1703
1611 1708
1612 1944
1613 1650
1613 1691
1613 1783
1613 1863
1614 1637
1614 1697
1614 1748
1614 1761
1615 1783
1616 1954
1617 1782
1618 1996
1619 1870
1620 1956
1622 1776
1622 1782
1623 1872
1623 1876
1624 1740
1624 1920
1625 1636
1625 1683
1625 1957
1626 1861
1627 1994
1628 1771
1629 1796
1630 1776
1630 1859
1631 1643
1632 1732
1634 1729
1634 1774
1634 1828
1634 1841
1634 1923
1635 1842
1635 1930
1635 1935
1636 1790
1636 1801
1638 1716
1638 1757
1638 1778
1639 1685
1639 1957
1640 1839
1640 1898
1643 1927
1643 1959
1644 1743
1644 1822
1645 1667
1647 1668
1647 1781
1647 1889
1648 1700
1648 1827
1649 1772
1649 1955
1650 1689
1651 1791
1651 1801
1651 1905
1653 1774
1653 1785
1654 1691
1654 1863
1655 1658
1655 1804
1657 1663
1657 1859
1657 1968
1658 1674
1658 1724
1658 1776
1658 1921
1659 1967
1660 1765
1660 1788
1661 1976
1662 1685
1662 1909
1663 1706
1663 1885
1664 1690
1665 1895
1666 1719
1666 1780
1666 1872
1666 1910
1666 1925
1666 1948
1666 1960
1668 1669
1668 1774
1668 1783
1668 1962
1669 1793
1670 1753
1672 1760
1673 1998
1674 1674
1674 1710
1674 1752
1675 1678
1676 1857
1676 1906
1676 1999
1677 1766
1677 1982
1678 1735
1679 1838
1680 1691
1680 1757
1681 1771
1682 1716
1682 1861
1682 1933
1682 1939
1683 1812
1684 1890
1684 1912
1685 1751
1686 1788
1687 1871
1687 1894
1688 1722
1689 1867
1689 1927
1690 1908
1690 1954
1691 1759
1691 1895
1691 1915
1693 1744
1693 1853
1694 1769
1694 1775
1695 1778
1695 1809
1695 1889
1696 1966
1697 1918
1698 1950
1699 1999
1700 1848
1701 1983
1702 1773
1704 1726
1704 1733
1705 1841
1705 1917
1706 1892
1706 1975
1707 1906
1709 1872
1714 1762
1714 1882
1717 1742
1717 1957
1718 1868
1722 1770
1724 1957
1725 1777
1725 1846
1725 1920
1725 1959
1725 1999
1726 1817
1728 1762
1728 1771
1728 1797
1730 1885
1731 1887
1733 1922
1733 1938
1734 1803
1735 1757
1735 1887
1736 1921
1736 1968
1737 1888
1738 1925
1739 1802
1739 1939
1739 1944
1740 1744
1740 1752
1740 1993
1741 1864
1742 1878
1743 1938
1744 1752
1744 1854
1745 1768
1745 1982
1746 1767
1747 1761
1747 1803
1747 1993
1749 1752
1749 1971
1749 1999
1750 1752
1751 1990
1752 1787
1752 1896
1752 1901
1756 1824
1756 1992
1757 1935
1758 1871
1760 1866
1761 1849
1763 1766
1763 1804
1764 1921
1767 1803
1767 1904
1767 1914
1768 1922
1768 1953
1770 1874
1772 1873
1772 1981
1773 1778
1774 1994
1775 1788
1775 1856
1776 1805
1776 1860
1777 1967
1778 1791
1778 1925
1779 1796
1779 1818
1780 1825
1781 1782
1781 1801
1781 1891
1782 1863
1783 1791
1783 1933
1784 1821
1784 1855
1784 1951
1785 1885
1785 1934
1790 1818
1790 1888
1791 1868
1792 1957
1793 1810
1793 1971
1794 1855
1794 1889
1795 1834
1795 1853
1795 1899
1798 1880
1799 1879
1799 1953
1802 1833
1803 1930
1804 1905
1806 1834
1806 1869
1807 1889
1807 1910
1810 1925
1811 1830
1813 1876
1814 1965
1816 1900
1818 1876
1818 1901
1820 1864
1825 1834
1826 1944
1826 1976
1827 1951
1827 1962
1828 1987
1829 1892
1829 1942
1831 1982
1832 1846
1834 1870
1835 1925
1835 1980
1835 1992
1838 1985
1839 1954
1841 1918
1843 1964
1845 1953
1845 1997
1847 1869
1848 1898
1852 1897
1852 1991
1853 1966
1854 1967
1854 1992
1855 1856
1855 1975
1858 1876
1862 1949
1863 1929
1863 1934
1864 1887
1864 1901
1864 1964
1864 1991
1868 1967
1868 1998
1872 1949
1873 1965
1874 1890
1878 1882
1881 1948
1882 1883
1883 1915
1883 1957
1885 1993
1886 1955
1886 1973
1887 1915
1887 1920
1888 1952
1889 1955
1891 1896
1891 1951
1892 1912
1895 1940
1896 1981
1897 1897
1897 1984
1901 1914
1901 1956
1901 1991
1909 1955
1910 1958
1910 1969
1918 1949
1923 1947
1925 1931
1933 1992
1934 1948
1949 1966
1959 1990
1966 1970
1971 1999
1972 1979
1975 1996
