2000
0 153
2 467
2 854
3 659
3 1381
3 1963
5 293
5 520
5 651
8 566
9 1586
10 1069
11 368
12 289
14 845
16 1932
17 738
17 870
17 1058
17 1266
18 866
19 22
21 1262
27 273
27 738
28 219
28 426
30 589
30 1746
34 522
36 785
37 1771
37 1950
39 683
39 1611
40 1093
41 1074
41 1795
41 1978
42 263
42 534
43 164
43 1986
45 500
45 1082
45 1265
47 1235
50 1909
51 381
53 841
53 1897
54 1187
55 1761
56 260
56 838
56 1867
60 823
60 1628
61 979
61 1237
62 326
66 828
66 1049
69 1052
70 245
74 1438
75 211
77 588
77 1388
79 606
81 559
81 1424
83 1866
84 1193
86 333
86 647
86 1018
86 1979
88 500
90 1656
91 900
94 1112
99 176
100 529
101 1850
104 124
104 1520
105 548
105 575
106 1851
107 1541
108 921
109 740
109 768
109 771
111 1850
116 1637
118 935
119 134
121 1396
125 736
126 369
128 1503
129 1837
130 173
131 1465
135 1238
136 476
137 1933
139 1694
142 688
144 575
145 1060
145 1467
146 273
146 1453
146 1499
147 811
147 1435
152 1424
155 1922
157 1449
158 200
158 1625
162 932
162 1817
164 439
164 466
165 619
165 1035
166 241
167 589
167 1918
169 1437
169 1930
171 450
171 1002
171 1473
172 342
172 1191
172 1258
175 881
176 711
178 1260
179 471
179 1414
179 1776
180 507
180 1250
180 1302
184 1701
184 1876
185 1074
187 1698
188 906
188 1728
189 501
189 553
193 514
193 741
194 1249
194 1809
198 1101
200 1548
201 205
201 970
204 775
204 1091
205 1145
207 1229
210 519
212 1416
216 1897
219 269
219 1218
222 370
225 1583
227 839
228 349
229 942
229 1355
229 1754
233 1334
233 1829
234 1563
235 1347
235 1603
240 780
241 853
241 1817
243 705
243 937
244 1769
245 484
245 1420
250 1119
251 387
251 1729
252 1404
255 811
256 1795
257 809
261 1807
262 885
262 1262
262 1960
263 963
263 1399
263 1554
264 1406
265 995
265 1018
269 650
271 1048
272 1945
273 670
273 943
274 553
276 356
276 925
277 881
280 1335
282 1801
284 959
286 1169
287 597
288 1590
289 1615
290 1766
290 1843
293 1207
293 1355
295 1536
296 493
298 1765
299 931
300 1822
300 1983
301 787
301 1743
303 1295
304 1011
306 645
306 1408
307 1254
309 688
311 939
312 1324
316 532
318 1419
319 737
319 1552
325 419
325 803
327 1005
327 1300
329 528
330 1153
335 1152
336 876
338 1888
341 1895
342 1513
347 972
347 1943
348 833
350 1241
351 1734
354 622
354 979
355 1785
359 1463
360 967
360 1369
361 1069
363 1779
364 1211
364 1441
367 1593
370 1292
371 1738
374 696
381 1042
382 1875
384 911
384 1683
385 1465
391 1410
392 1752
396 469
397 1702
399 1124
399 1495
399 1699
399 1995
400 1126
403 1514
405 1827
406 1978
411 1887
413 1754
415 1359
418 425
420 463
420 712
420 1953
421 493
421 1629
423 1441
424 1375
426 1115
429 1168
432 903
433 1301
436 1308
439 1565
440 1224
440 1297
442 1508
444 665
444 909
444 1074
446 585
446 1078
446 1647
448 852
449 952
452 762
452 1220
455 508
456 1226
460 1169
461 718
461 835
461 1812
462 575
462 1053
463 833
463 1742
465 611
468 1129
468 1446
470 1176
470 1560
470 1925
471 1378
475 675
475 1947
479 893
480 1170
482 1054
483 1387
484 1198
486 1229
488 586
489 1727
490 1612
493 1387
494 1260
494 1773
497 906
497 1703
498 1350
503 1032
506 672
507 544
509 1684
513 1080
516 569
517 1173
518 1221
521 1062
523 989
525 1930
527 1060
527 1804
529 1671
530 1252
534 760
535 584
537 1949
549 880
550 1908
551 654
556 914
558 1071
560 811
564 752
569 860
570 856
571 1082
572 618
575 828
576 1339
581 1082
581 1547
582 1613
584 728
586 1222
587 1358
589 760
589 1762
590 1778
591 1442
596 1252
596 1492
597 1067
601 665
601 747
602 1922
606 874
610 1365
610 1849
612 1380
614 1195
616 1473
618 1420
619 703
619 1121
623 1291
623 1752
624 770
626 1791
628 1143
629 1555
631 1573
632 1804
632 1854
636 1011
637 1136
637 1167
641 1564
645 1049
646 1937
647 1133
648 1403
649 1785
651 1721
654 830
657 1054
662 829
664 1755
664 1762
666 1973
669 743
669 809
669 1432
670 1204
671 1373
671 1422
673 1340
676 1504
677 703
678 1173
679 1773
682 1657
687 904
688 1319
691 901
691 1245
691 1653
692 1342
692 1734
695 1758
697 1067
698 921
698 1438
700 1054
700 1329
701 1290
701 1878
701 1927
706 1024
706 1406
708 1716
711 1369
712 1710
714 714
718 1462
719 1114
723 794
724 1302
724 1329
727 1524
729 1061
731 1986
733 879
733 1738
739 1505
740 1224
741 1393
742 1501
743 1397
744 946
745 1582
748 875
748 1442
749 1759
751 860
752 915
753 1668
757 1687
759 1015
763 783
763 1830
764 1626
766 1537
767 1305
770 1753
772 1310
773 1507
773 1691
774 1231
775 1131
776 1912
777 1141
780 913
781 794
782 1329
786 1861
787 1203
788 923
792 1076
794 828
795 1688
795 1866
798 1296
801 1507
805 991
807 887
819 1583
822 1864
822 1886
824 1423
826 1419
830 1548
836 1191
838 1547
840 1960
843 915
845 1819
848 1916
850 1693
853 1185
854 1053
854 1551
856 1042
858 1071
858 1081
860 1096
861 1279
866 1816
868 1747
868 1764
870 999
872 1306
876 1330
878 1742
881 1383
882 1298
883 987
883 1985
884 1672
885 898
885 1892
886 1376
892 1344
893 1081
895 1514
898 960
899 1238
906 1883
910 936
913 1780
913 1809
915 976
919 1846
926 1635
930 1594
931 969
932 1291
934 1190
937 991
937 1262
939 1598
942 1739
943 971
947 1018
947 1262
949 1674
952 1591
953 1722
955 1067
955 1993
957 1682
963 1309
963 1426
970 1855
972 1047
972 1335
972 1576
976 1074
977 1289
981 1723
981 1822
982 1429
983 1379
987 1035
991 1937
994 1132
995 1184
996 1232
996 1420
998 1572
1001 1655
1002 1885
1003 1403
1005 1862
1008 1645
1011 1437
1013 1433
1014 1243
1016 1072
1021 1021
1023 1226
1023 1349
1024 1405
1026 1075
1029 1396
1030 1257
1030 1648
1036 1080
1039 1143
1040 1854
1042 1224
1047 1985
1052 1155
1052 1312
1052 1428
1054 1447
1054 1484
1058 1168
1061 1356
1068 1337
1072 1362
1075 1758
1076 1542
1077 1349
1082 1711
1083 1769
1087 1306
1090 1359
1091 1399
1091 1600
1093 1896
1095 1458
1095 1804
1100 1841
1100 1898
1102 1303
1109 1539
1116 1575
1117 1533
1117 1632
1127 1298
1129 1479
1129 1512
1143 1365
1143 1941
1146 1932
1149 1454
1149 1583
1152 1754
1153 1189
1154 1551
1156 1261
1157 1196
1166 1877
1167 1298
1183 1386
1183 1407
1184 1580
1185 1491
1189 1321
1190 1680
1192 1481
1194 1817
1198 1840
1200 1375
1201 1997
1206 1900
1208 1323
1215 1516
1216 1447
1216 1694
1222 1605
1224 1912
1229 1464
1239 1364
1239 1594
1247 1901
1248 1461
1249 1450
1250 1711
1252 1337
1255 1908
1261 1337
1261 1936
1270 1403
1276 1474
1277 1378
1278 1721
1284 1722
1284 1789
1287 1699
1288 1462
1289 1541
1297 1488
1302 1361
1302 1645
1311 1546
1313 1381
1318 1464
1326 1800
1331 1516
1333 1421
1350 1860
1353 1678
1366 1768
1370 1533
1375 1833
1379 1599
1379 1841
1385 1942
1388 1398
1394 1884
1398 1965
1399 1657
1402 1670
1404 1949
1420 1786
1424 1470
1425 1523
1429 1818
1437 1537
1438 1892
1456 1786
1459 1814
1460 1550
1461 1710
1461 1900
1466 1934
1467 1672
1484 1766
1486 1664
1491 1809
1492 1877
1496 1682
1501 1906
1502 1519
1503 1864
1506 1613
1509 1691
1516 1635
1526 1914
1539 1876
1555 1970
1560 1716
1562 1640
1562 1934
1564 1734
1565 1641
1576 1613
1582 1735
1582 1840
1590 1986
1596 1871
1597 1669
1599 1614
1606 1730
1610 1946
1615 1728
1622 1906
1629 1827
1629 1966
1644 1784
1646 1802
1682 1729
1689 1787
1691 1797
1699 1987
1737 1756
1795 1938
1810 1948
1813 1856
1816 1937
1830 1857
1842 1877
1845 1883
1848 1971
1851 1943
1868 1906
1880 1956
1906 1933
1929 1967
