2000
0 907
0 986
0 1220
0 1666
0 1838
1 1255
1 1852
1 1895
2 134
2 137
2 973
3 27
3 548
3 1082
3 1180
3 1410
3 1750
4 449
4 543
4 755
4 825
4 1035
4 1636
4 1778
4 1855
5 149
5 256
5 288
5 551
5 558
5 625
5 706
5 981
5 1446
6 161
6 517
6 604
6 684
6 1032
6 1254
6 1867
6 1869
7 155
7 228
7 650
7 1546
7 1565
7 1665
8 131
8 217
8 695
8 940
8 989
8 1139
8 1224
8 1527
8 1743
9 552
9 1278
9 1447
9 1455
10 465
10 521
10 616
10 669
10 741
11 140
11 340
11 358
11 829
11 1005
11 1414
11 1432
11 1991
12 191
12 478
12 683
12 1350
12 1845
12 1970
13 37
13 400
13 655
13 1102
13 1403
13 1496
13 1497
13 1912
14 331
14 629
14 962
14 1115
14 1615
15 42
15 129
15 1412
15 1584
15 1625
15 1675
15 1703
15 1706
16 283
16 576
16 702
16 970
16 1293
16 1441
16 1495
16 1562
16 1687
16 1864
17 383
17 612
17 783
17 824
17 888
17 1121
17 1376
18 170
18 408
18 820
18 986
18 1376
18 1550
19 300
19 307
19 336
19 383
19 509
19 660
19 826
19 1007
19 1154
19 1360
19 1385
19 1550
19 1612
19 1776
19 1958
20 308
21 380
21 633
21 865
21 981
21 1448
21 1878
22 82
22 344
22 382
22 498
22 589
22 628
22 1111
22 1955
23 120
23 166
23 221
23 413
23 643
23 977
23 1373
23 1675
23 1990
24 34
24 1396
24 1945
25 355
25 566
25 763
25 1408
25 1449
25 1606
26 54
26 82
26 147
26 514
26 556
26 1013
26 1205
27 325
27 879
27 1269
27 1434
27 1659
27 1768
28 211
28 604
28 746
28 761
28 835
28 1124
28 1349
28 1362
28 1460
28 1693
29 90
29 94
29 528
29 810
29 949
29 1002
29 1255
29 1344
29 1371
29 1372
29 1595
30 177
30 394
30 708
30 984
30 1054
30 1238
30 1642
30 1667
31 289
31 723
31 1006
31 1536
31 1622
31 1802
32 54
32 159
32 285
32 296
32 314
32 463
32 842
32 872
32 1679
32 1687
32 1911
33 272
33 278
33 745
33 880
33 1002
33 1846
34 220
34 244
34 516
34 998
34 1605
35 740
35 760
35 860
35 870
35 1004
35 1407
35 1530
35 1693
35 1774
36 387
36 775
36 790
36 1311
36 1411
36 1492
36 1731
36 1766
36 1777
37 576
37 799
37 1215
37 1602
37 1729
38 233
38 250
38 462
38 501
38 681
38 739
38 1188
38 1260
38 1673
38 1775
38 1861
38 1956
39 75
39 93
39 750
39 944
39 1456
39 1627
39 1697
39 1811
39 1964
40 122
40 256
40 372
40 1219
40 1395
40 1578
40 1826
41 60
41 84
41 357
41 613
41 735
41 835
41 994
41 1104
41 1210
41 1370
41 1440
41 1667
42 326
42 364
42 393
42 503
42 523
42 1119
42 1182
42 1654
42 1714
42 1931
43 1083
43 1531
43 1871
44 977
44 1001
45 187
45 339
45 357
45 397
45 706
45 872
45 1717
45 1958
46 379
46 383
46 543
46 588
46 807
46 1413
46 1462
46 1767
46 1809
47 233
47 772
47 843
47 1038
47 1195
47 1689
47 1883
48 290
48 490
48 776
48 940
48 1732
48 1823
49 505
49 592
49 788
49 1013
49 1559
49 1564
49 1642
49 1830
50 315
50 480
50 749
50 1446
50 1462
50 1486
50 1768
50 1805
50 1873
51 223
51 367
51 426
51 1172
51 1441
51 1552
52 111
52 540
52 1026
52 1104
52 1159
52 1177
52 1181
52 1196
52 1327
52 1816
52 1862
53 133
53 222
53 493
53 657
53 834
53 1125
53 1270
53 1555
53 1969
54 97
54 418
54 452
54 666
54 672
54 798
54 1266
54 1477
54 1506
54 1587
54 1615
54 1764
55 99
55 547
55 554
55 830
55 1014
55 1123
55 1177
55 1452
56 386
56 693
56 701
56 1048
56 1352
56 1523
56 1579
57 366
57 393
57 557
57 1451
57 1792
58 1448
58 1494
59 474
59 519
59 807
59 1262
59 1367
59 1469
59 1575
60 146
60 391
60 717
60 1190
60 1856
61 182
61 242
61 293
61 383
61 579
61 855
61 928
61 1428
61 1508
61 1555
62 87
62 267
62 602
62 950
62 1299
63 471
63 624
63 794
63 853
63 925
63 1504
63 1867
63 1967
64 202
64 297
64 499
64 782
64 1166
64 1758
64 1861
65 410
65 691
65 985
65 1099
65 1110
65 1599
65 1711
65 1993
66 328
66 549
66 704
66 776
66 892
66 1558
66 1838
66 1896
67 364
67 730
67 947
67 1855
68 421
68 782
68 995
68 1333
68 1796
69 134
69 240
69 401
69 612
69 661
69 934
69 1120
69 1195
69 1943
70 79
70 154
70 330
70 372
70 447
70 482
70 739
70 789
70 1108
70 1207
70 1236
70 1527
70 1740
70 1743
70 1940
70 1993
71 110
71 510
71 897
71 998
71 1122
71 1497
72 506
72 826
72 956
72 1126
72 1720
72 1818
72 1880
73 379
73 484
73 905
73 1077
73 1475
73 1566
73 1932
74 805
74 1067
74 1383
74 1692
75 427
75 488
75 848
75 873
75 933
75 1120
75 1124
76 130
76 141
76 468
76 544
76 1048
76 1112
76 1163
76 1637
76 1867
77 161
77 552
77 588
77 649
77 1295
77 1604
77 1662
78 179
78 264
78 451
78 507
78 887
78 982
78 995
78 1115
78 1284
78 1611
79 148
79 363
79 658
79 756
79 805
79 1093
79 1593
79 1656
79 1727
79 1734
80 526
80 661
80 749
80 899
80 1032
80 1488
80 1666
80 1714
80 1782
80 1812
81 331
81 858
82 293
82 953
82 1878
82 1950
83 101
83 183
83 316
83 384
83 790
83 836
83 901
83 1322
83 1440
83 1724
83 1774
83 1952
84 535
84 655
84 711
84 797
84 838
84 903
84 993
84 1144
84 1389
84 1838
84 1951
85 539
85 979
85 991
85 1187
85 1270
85 1566
85 1737
85 1811
86 257
86 457
86 558
86 822
86 915
86 1065
86 1147
86 1847
87 298
87 300
87 401
87 1155
87 1635
87 1712
88 1036
88 1485
88 1722
89 153
89 232
89 241
89 1012
89 1140
89 1780
89 1870
89 1900
90 203
90 370
90 558
90 562
90 726
90 783
90 799
90 1033
90 1266
90 1302
90 1646
90 1797
90 1811
91 375
91 458
91 696
91 1331
91 1349
91 1456
91 1511
91 1575
91 1624
91 1887
91 1892
92 445
92 650
92 1293
92 1492
92 1700
93 554
93 564
93 1142
93 1750
94 240
94 255
94 308
94 508
94 908
94 1163
94 1324
94 1808
95 284
95 290
95 363
95 547
95 602
95 805
95 1354
95 1476
96 248
96 480
96 823
96 1687
96 1825
96 1884
96 1920
96 1969
97 323
97 624
97 709
97 765
97 863
97 1358
97 1559
97 1661
97 1667
97 1807
98 876
98 959
98 1804
99 558
100 374
100 1105
100 1750
100 1783
100 1824
100 1834
101 167
101 675
101 784
101 839
101 1034
101 1046
101 1059
101 1321
101 1444
101 1522
101 1673
102 429
102 694
102 998
102 1603
103 432
103 983
103 1248
103 1299
103 1687
103 1855
104 165
104 560
104 736
104 758
104 1115
104 1128
104 1214
104 1385
104 1697
104 1951
105 319
105 803
105 903
105 960
105 971
105 1066
105 1277
105 1564
105 1760
105 1906
106 1947
107 477
107 566
107 778
107 1151
107 1382
107 1693
107 1804
108 369
108 632
108 1406
108 1668
108 1715
108 1738
109 360
109 505
109 521
109 936
109 1580
109 1879
110 244
110 707
110 718
110 965
110 999
110 1260
110 1666
110 1797
111 138
111 160
111 681
111 963
111 1068
111 1365
111 1663
111 1835
111 1997
112 450
112 893
112 909
112 1015
112 1141
112 1234
112 1256
112 1695
112 1727
112 1916
112 1939
113 291
113 802
113 803
113 889
113 1229
113 1629
113 1972
114 332
114 399
114 478
114 685
114 790
114 1267
114 1514
114 1515
114 1753
114 1923
114 1941
115 513
115 1234
115 1475
115 1583
115 1604
115 1911
115 1973
116 596
116 603
116 620
116 729
116 783
116 1521
116 1693
116 1769
116 1811
117 436
117 664
117 1096
117 1799
117 1857
118 287
118 335
118 352
118 687
118 1286
118 1326
118 1467
118 1573
118 1591
119 771
119 1240
119 1929
119 1931
120 626
120 1294
120 1359
120 1438
121 540
121 606
121 636
121 842
121 1478
121 1897
121 1967
122 259
122 357
122 464
122 478
122 500
122 1015
122 1254
122 1325
122 1354
123 438
123 461
123 770
123 869
123 1203
123 1606
123 1965
124 138
124 402
124 715
124 764
124 853
124 1131
124 1371
124 1700
125 138
125 142
125 588
125 698
125 928
125 965
125 1127
125 1328
125 1623
125 1642
125 1789
126 842
126 1109
126 1739
127 263
127 845
127 1198
127 1262
127 1556
128 348
128 483
128 667
128 692
128 987
128 1095
128 1506
128 1718
129 441
129 473
129 975
129 1201
129 1279
129 1638
129 1645
129 1810
130 818
130 949
130 1260
130 1304
130 1425
130 1984
131 296
131 310
131 446
131 542
131 970
131 1056
131 1551
132 155
132 318
132 566
132 1728
133 1091
133 1195
133 1802
134 250
134 292
134 552
134 1262
134 1299
134 1594
134 1675
134 1778
134 1953
135 168
135 661
135 728
135 848
135 1256
135 1674
135 1801
135 1868
136 322
136 430
136 549
136 912
136 1190
136 1457
136 1698
136 1942
137 566
137 725
137 764
137 1641
137 1688
137 1827
138 567
138 759
138 789
138 992
138 1100
138 1108
138 1264
138 1736
139 301
139 469
139 514
139 977
139 1285
139 1961
140 271
140 667
140 724
140 739
140 831
140 1609
140 1923
141 338
141 426
141 836
141 1137
141 1141
141 1531
141 1866
142 879
142 900
142 933
142 1048
142 1131
142 1682
143 513
143 1610
143 1689
143 1959
144 415
144 629
144 1366
144 1547
144 1598
144 1776
144 1915
145 231
145 761
145 1020
145 1139
145 1443
145 1480
145 1718
145 1720
145 1805
146 165
146 187
146 397
146 411
146 600
146 814
146 1190
146 1548
146 1734
147 281
147 714
147 1000
147 1174
147 1238
147 1733
147 1736
147 1928
148 293
148 371
148 504
148 605
148 631
148 796
148 1877
149 388
149 423
149 437
149 698
149 1016
149 1085
149 1106
149 1323
149 1645
150 352
150 1049
150 1154
150 1181
150 1247
150 1664
150 1982
151 1018
151 1350
151 1415
151 1511
151 1529
151 1672
152 234
152 491
152 1565
152 1671
152 1755
152 1985
153 389
153 428
153 720
153 1304
153 1514
153 1597
153 1806
153 1873
154 933
154 1063
154 1125
154 1222
154 1676
154 1806
155 837
155 1106
155 1593
156 245
156 629
156 712
156 1252
156 1587
156 1951
157 743
157 1411
157 1872
158 247
158 331
158 1066
158 1189
158 1423
158 1433
159 484
159 1266
159 1834
159 1993
160 342
160 467
160 1540
160 1640
160 1751
160 1987
161 175
161 292
161 592
161 1171
162 213
162 465
162 637
162 1524
162 1821
163 171
163 578
163 1054
163 1228
163 1532
163 1598
163 1664
163 1986
164 168
164 483
164 798
164 912
164 1100
165 279
165 316
165 665
165 710
165 1613
165 1756
165 1907
166 615
166 618
166 630
166 829
166 921
166 1079
166 1081
166 1268
166 1316
166 1441
166 1591
166 1780
166 1830
167 550
167 861
167 1022
167 1681
168 407
168 826
168 1652
169 221
169 398
169 416
169 582
169 870
169 871
169 896
169 1254
170 265
170 970
170 981
170 1125
170 1130
170 1255
170 1707
170 1793
170 1898
170 1989
171 641
171 820
171 1002
171 1126
171 1162
171 1331
171 1650
171 1996
172 243
172 502
172 721
172 1691
172 1696
173 570
173 625
173 988
173 1077
173 1314
174 285
174 339
174 647
174 1764
174 1801
174 1872
175 313
175 862
175 1393
175 1568
175 1617
175 1786
175 1994
176 300
176 426
176 1225
176 1387
176 1453
176 1674
176 1694
177 325
177 583
177 661
177 711
177 1401
177 1701
177 1788
178 470
178 635
178 782
178 786
178 1054
178 1667
178 1845
179 340
179 706
179 982
179 1132
179 1887
179 1892
180 498
180 953
180 966
180 1089
180 1150
180 1760
181 467
181 945
181 997
181 1379
181 1664
181 1776
181 1874
182 288
182 603
182 879
182 926
182 1067
182 1156
182 1813
182 1867
183 606
183 842
183 1427
183 1451
183 1743
183 1763
184 311
184 397
184 1120
184 1325
184 1429
184 1536
184 1728
185 587
185 807
185 1171
185 1272
185 1312
185 1984
186 334
186 916
186 1234
186 1331
186 1739
187 249
187 577
187 910
187 1063
187 1094
187 1162
187 1192
188 343
188 488
188 789
188 806
188 833
188 930
188 1111
188 1617
189 264
189 358
189 848
189 850
189 861
189 1964
190 222
190 282
190 389
190 515
190 774
190 825
190 1234
190 1451
190 1676
190 1705
190 1844
191 679
191 698
191 1465
191 1548
191 1587
191 1648
191 1678
192 648
192 854
192 898
192 909
192 1217
192 1345
192 1424
192 1462
192 1950
193 220
193 515
193 577
193 1076
193 1265
193 1293
193 1296
193 1298
193 1378
193 1509
194 915
194 964
194 976
194 1678
194 1679
194 1748
195 968
195 1306
195 1549
195 1661
195 1903
196 530
196 1047
196 1084
196 1299
196 1551
196 1619
196 1783
197 381
197 437
197 471
197 920
197 1231
197 1568
197 1676
198 202
198 831
198 1323
198 1486
198 1608
198 1874
199 216
199 678
199 815
199 968
199 1194
199 1200
199 1483
199 1673
200 547
200 672
200 811
200 910
200 986
200 1056
200 1067
200 1202
200 1628
200 1978
201 268
201 729
201 810
201 831
201 1081
201 1109
201 1112
201 1209
201 1245
201 1946
202 285
202 757
202 892
202 1059
202 1150
202 1180
202 1580
202 1612
203 379
203 387
203 694
203 1511
203 1527
203 1908
204 778
204 796
204 870
204 1179
204 1381
204 1617
204 1758
204 1903
205 710
205 1226
205 1250
205 1647
206 358
206 438
206 658
206 712
206 924
206 1555
207 994
207 1014
207 1230
207 1352
207 1470
207 1686
208 335
208 573
208 1710
208 1768
209 249
209 500
209 594
209 678
209 1017
209 1021
209 1118
209 1151
209 1547
209 1740
209 1815
210 233
210 401
210 1702
210 1977
211 280
211 693
211 1134
211 1975
211 1995
212 437
212 558
212 1056
212 1763
212 1774
212 1814
213 365
213 1069
213 1973
214 510
214 771
214 1586
214 1594
215 679
215 921
215 1200
215 1307
215 1313
215 1460
216 758
216 1142
216 1662
216 1906
216 1983
217 343
217 661
217 751
217 940
217 1008
217 1183
217 1432
217 1502
217 1534
217 1716
217 1821
218 412
218 595
218 1240
218 1582
219 325
219 336
219 379
219 514
219 903
219 1026
219 1030
219 1090
219 1191
219 1591
219 1757
219 1830
219 1851
219 1906
220 465
220 677
220 690
220 737
220 802
220 950
220 1218
220 1758
220 1813
221 248
221 450
221 506
221 1025
221 1220
221 1603
222 246
222 256
222 280
222 534
222 596
222 853
222 934
222 954
222 1042
222 1166
222 1519
222 1534
222 1734
223 395
223 473
223 508
223 881
223 1184
223 1246
223 1427
223 1500
224 564
224 636
224 1475
224 1562
224 1759
225 417
225 529
225 796
225 1008
225 1462
225 1521
225 1720
225 1761
225 1862
225 1967
226 331
226 652
226 938
226 1089
226 1093
226 1178
226 1398
226 1455
227 321
227 416
227 525
227 527
227 547
227 764
227 819
227 887
227 1464
227 1574
227 1592
227 1669
228 446
228 499
228 871
228 1341
228 1691
228 1965
229 472
229 631
229 919
229 948
229 1992
230 510
230 923
230 941
230 1264
231 538
231 856
231 926
231 1075
231 1206
231 1436
231 1601
232 299
232 323
232 426
232 566
232 607
232 800
232 1022
232 1416
233 333
233 462
233 744
233 1081
233 1321
233 1491
233 1760
234 266
234 642
234 1227
235 808
235 876
235 925
235 1167
235 1237
236 460
236 1178
237 721
237 1800
237 1937
238 282
238 444
238 671
238 1263
239 392
239 830
239 1101
239 1540
239 1842
239 1995
240 256
240 296
240 508
240 1101
240 1214
240 1250
240 1974
241 449
241 565
241 1347
241 1367
241 1651
242 370
242 488
242 1987
243 357
243 554
243 584
243 610
243 688
243 829
243 970
243 1038
243 1358
243 1563
243 1907
244 292
244 490
244 617
244 894
244 937
244 1375
244 1455
244 1501
244 1906
244 1963
245 608
245 645
245 828
245 925
245 995
245 1144
245 1529
245 1608
245 1783
245 1787
246 1134
246 1191
246 1337
246 1488
246 1533
247 1280
247 1663
248 276
248 285
248 325
248 482
248 497
248 1016
248 1196
248 1245
248 1460
248 1500
248 1518
248 1536
249 458
249 556
249 816
249 1261
249 1352
249 1558
249 1863
249 1909
250 469
250 921
250 964
250 1131
250 1418
250 1453
250 1519
251 1312
251 1337
251 1362
251 1494
251 1717
251 1933
252 258
252 867
252 965
252 1094
252 1751
252 1917
252 1951
253 316
253 364
253 640
253 1060
253 1312
253 1579
253 1809
253 1926
254 310
254 441
254 594
254 622
254 716
254 768
254 784
254 1130
254 1157
254 1182
254 1472
254 1689
255 855
255 1372
255 1436
255 1848
255 1895
256 331
256 458
256 580
256 854
256 1089
256 1146
256 1285
256 1390
256 1508
256 1555
256 1829
257 271
257 409
257 562
257 854
257 945
257 1188
257 1254
257 1799
258 728
258 954
258 1035
258 1159
258 1297
258 1343
258 1428
259 302
259 532
259 612
259 661
259 1041
259 1057
259 1664
259 1745
259 1910
260 466
260 834
260 913
260 1287
260 1466
260 1583
260 1984
261 562
261 1681
261 1737
262 786
262 1039
262 1063
262 1124
262 1795
262 1961
263 336
263 556
263 636
263 672
263 701
263 1033
263 1357
263 1653
264 514
264 627
264 886
264 925
264 1205
264 1349
264 1512
264 1598
264 1667
264 1740
264 1933
265 295
265 381
265 576
265 583
265 1014
265 1330
265 1772
266 408
266 599
266 792
266 1180
266 1406
266 1483
266 1984
267 426
267 503
267 697
267 760
267 1090
267 1270
267 1532
268 541
268 1705
268 1811
268 1823
268 1882
268 1936
269 320
269 473
269 1182
269 1283
270 545
270 1120
270 1299
270 1485
270 1541
270 1717
271 567
271 650
271 1414
271 1431
271 1488
271 1538
271 1811
271 1819
271 1935
272 293
272 821
272 859
272 904
272 949
272 978
272 1052
272 1168
272 1504
272 1603
272 1684
272 1709
273 423
273 553
273 728
273 884
273 950
273 1101
273 1114
273 1397
273 1526
273 1556
273 1624
274 466
274 676
274 683
274 1619
274 1683
274 1695
274 1892
275 1080
275 1786
275 1976
275 1998
276 542
276 545
276 774
276 885
276 1065
276 1144
276 1367
276 1750
276 1794
276 1981
277 360
277 474
277 626
277 897
277 1720
277 1968
278 305
278 365
278 855
278 982
278 1007
278 1008
278 1487
279 391
279 799
279 1046
279 1747
280 1670
280 1839
280 1855
280 1959
281 567
281 1128
281 1190
281 1241
281 1426
281 1637
281 1739
281 1825
282 454
282 473
282 855
282 1273
282 1301
282 1304
282 1309
282 1339
282 1392
282 1814
282 1871
282 1923
283 878
283 1034
283 1305
283 1915
284 478
284 801
284 1200
284 1303
284 1726
284 1788
284 1830
285 630
285 837
285 1037
285 1049
285 1065
285 1140
285 1225
285 1537
285 1867
286 575
286 820
286 1180
286 1267
286 1565
286 1647
286 1815
287 518
287 687
287 794
287 831
287 910
287 1337
287 1655
287 1940
288 617
288 758
288 784
288 809
288 1025
288 1417
288 1723
289 519
289 696
289 1358
289 1528
290 339
290 401
290 445
290 586
290 710
290 833
290 1041
290 1324
290 1592
291 398
291 536
291 706
291 824
291 1193
291 1484
292 329
292 513
292 1313
292 1340
292 1522
292 1538
292 1566
292 1569
293 394
293 585
293 707
293 1058
293 1443
293 1695
293 1750
293 1828
294 497
294 696
294 915
294 1011
294 1017
294 1071
294 1259
294 1426
294 1764
295 876
295 1318
295 1502
295 1863
296 940
296 990
296 1235
296 1510
296 1527
296 1574
297 1112
297 1160
297 1583
298 383
298 682
298 1324
298 1690
299 1053
299 1088
299 1110
299 1292
299 1377
299 1492
299 1972
300 955
300 1065
300 1189
300 1246
300 1315
300 1583
300 1610
300 1654
301 605
301 702
301 777
301 1344
301 1374
302 420
302 668
302 693
302 1540
302 1580
302 1766
302 1946
303 656
303 1004
303 1115
303 1135
303 1789
303 1941
304 649
304 1181
304 1263
304 1557
305 390
305 808
305 1057
305 1080
305 1616
305 1636
305 1717
306 384
306 444
306 492
306 646
306 735
306 1152
306 1256
306 1291
306 1445
306 1479
306 1555
306 1915
307 996
307 1125
307 1288
307 1436
307 1568
307 1890
308 496
308 1332
308 1450
308 1573
308 1587
308 1598
308 1651
308 1848
308 1964
309 705
309 872
309 1062
309 1068
309 1523
309 1633
309 1661
310 402
310 811
310 995
310 1117
310 1160
310 1403
310 1665
311 502
311 986
311 1115
311 1418
311 1486
312 792
312 1160
312 1295
312 1439
312 1480
312 1485
312 1712
312 1777
312 1920
313 369
313 377
313 679
313 780
313 1325
313 1602
313 1816
313 1836
314 432
314 1105
314 1128
314 1587
314 1790
314 1883
314 1898
314 1906
315 549
315 587
315 887
315 1322
315 1513
315 1677
315 1805
316 550
316 721
316 928
316 1183
316 1246
316 1547
316 1874
316 1967
317 960
317 1211
317 1273
317 1428
317 1628
318 386
318 541
318 1663
318 1713
318 1802
318 1867
319 492
319 617
319 1192
319 1232
319 1396
319 1498
319 1610
320 422
320 460
320 1117
320 1830
320 1848
321 633
321 862
321 1151
321 1446
322 332
322 439
322 490
322 868
322 1147
322 1209
322 1301
322 1367
322 1797
322 1936
323 493
323 500
323 813
323 1212
324 421
324 437
324 633
324 669
324 676
324 1789
325 624
325 810
325 1038
325 1345
325 1402
325 1791
325 1836
326 366
326 404
326 430
326 474
326 560
326 1061
326 1331
326 1399
326 1400
326 1615
326 1894
327 1073
327 1907
328 657
328 763
328 917
328 1025
328 1299
328 1830
329 369
329 907
329 1081
329 1328
329 1426
329 1547
329 1896
330 467
330 815
330 820
330 1062
330 1069
330 1151
330 1489
330 1962
331 351
331 370
331 594
331 698
331 706
331 888
331 1070
331 1198
331 1415
331 1669
331 1901
332 1047
332 1213
332 1603
333 420
333 633
333 984
333 1136
333 1188
333 1273
333 1532
334 489
334 833
334 1021
334 1271
334 1577
335 674
335 691
335 899
335 1089
335 1269
335 1470
335 1537
335 1542
335 1760
336 695
336 747
336 852
336 1557
336 1558
336 1666
336 1799
336 1840
337 410
337 942
337 1213
337 1590
338 374
338 915
338 1332
338 1665
338 1899
339 453
339 703
339 1169
339 1425
339 1519
339 1657
339 1961
340 1041
340 1074
340 1456
340 1823
340 1916
341 375
341 598
341 1281
341 1340
341 1678
342 647
342 712
342 1361
342 1621
342 1653
343 393
343 1033
343 1774
343 1830
343 1916
344 743
344 879
344 928
344 1004
344 1352
345 721
345 783
345 875
345 1190
345 1292
345 1452
345 1655
345 1771
345 1823
346 461
346 575
346 611
346 1090
346 1949
346 1964
347 789
347 1021
347 1030
347 1317
347 1480
347 1837
347 1866
347 1969
348 641
348 676
348 717
348 794
348 1124
348 1135
348 1189
348 1851
349 591
349 832
349 1072
349 1188
350 548
350 574
350 695
350 997
350 1260
350 1385
350 1450
350 1849
350 1991
351 361
351 731
351 973
351 1288
351 1289
351 1460
351 1761
351 1841
351 1976
352 627
352 668
352 1118
352 1145
352 1283
352 1990
353 492
353 910
353 1481
354 401
354 1423
354 1464
354 1481
354 1522
355 598
355 632
355 1915
356 700
356 727
356 923
356 929
356 963
356 1305
356 1345
356 1752
356 1982
357 600
357 1005
357 1145
357 1276
357 1617
357 1863
357 1968
358 693
358 1352
358 1358
359 446
359 1520
359 1632
360 738
360 821
360 1248
360 1291
360 1351
360 1470
360 1486
360 1549
360 1584
360 1935
361 479
361 813
361 1442
361 1482
361 1667
361 1880
361 1881
362 784
362 792
362 1122
362 1178
362 1321
362 1545
362 1853
362 1959
363 746
363 846
363 973
363 1759
363 1983
364 473
364 617
364 1119
364 1190
364 1593
364 1703
365 754
365 1472
365 1854
366 454
366 980
367 387
367 500
367 622
367 998
367 1044
367 1195
367 1898
368 660
368 841
368 1028
368 1164
368 1256
368 1630
368 1674
368 1760
368 1780
369 1287
369 1305
370 1089
370 1098
370 1136
370 1387
370 1918
370 1941
371 488
371 718
371 788
371 1401
371 1648
371 1900
372 690
372 1084
372 1387
372 1575
372 1789
372 1812
372 1888
373 798
373 927
373 1008
373 1316
373 1690
374 798
374 1059
374 1998
375 454
375 460
375 461
375 490
375 920
375 1024
375 1492
375 1517
375 1824
376 764
376 1370
376 1431
376 1584
376 1616
376 1698
377 403
377 555
377 599
377 849
377 1222
377 1392
378 417
378 535
378 540
378 602
378 763
378 829
378 970
378 1029
378 1046
378 1170
378 1217
378 1311
378 1588
378 1812
379 437
379 603
379 646
379 796
379 856
379 1202
379 1221
379 1251
379 1757
380 388
380 443
380 928
380 1374
380 1818
380 1819
380 1922
381 467
381 489
381 490
381 1079
381 1200
381 1659
381 1848
382 609
382 1271
382 1631
383 412
383 636
383 752
383 1555
383 1845
383 1938
384 933
384 1182
385 476
385 861
385 898
385 1245
385 1544
386 548
386 748
386 872
386 922
386 1218
386 1446
386 1470
386 1785
386 1825
387 1091
388 454
388 611
388 619
388 1059
388 1186
388 1518
389 607
389 841
389 971
389 979
389 986
389 1006
389 1030
389 1368
389 1608
389 1774
389 1842
390 865
390 1389
390 1525
391 956
391 960
391 1682
391 1754
391 1868
392 573
392 627
392 1449
392 1459
393 460
393 985
393 1185
393 1256
393 1343
393 1537
393 1620
393 1662
394 483
395 667
395 797
395 810
395 842
395 1173
395 1354
395 1936
396 658
396 1218
396 1303
396 1365
396 1744
397 1110
397 1435
397 1590
397 1835
398 486
398 559
398 566
398 574
398 946
398 988
398 1094
398 1378
398 1542
398 1846
398 1982
399 732
399 734
399 814
399 848
399 1005
399 1649
399 1754
400 792
400 970
400 1112
400 1484
400 1766
400 1855
400 1970
401 659
401 875
401 1030
401 1651
401 1773
401 1912
401 1921
401 1940
402 538
402 672
402 1434
402 1562
402 1989
403 469
403 619
403 780
403 1130
403 1229
403 1246
403 1270
403 1564
404 729
404 891
404 1015
404 1141
405 607
405 623
405 716
405 1319
405 1981
406 1006
406 1124
406 1436
406 1751
406 1944
407 584
407 1083
407 1145
407 1190
407 1253
407 1501
407 1632
408 601
408 923
408 984
408 1381
408 1946
409 445
409 879
409 937
409 995
409 1053
409 1280
409 1292
409 1300
409 1365
409 1663
410 415
410 476
410 604
410 684
410 1006
411 595
411 970
411 1587
411 1661
411 1868
411 1990
412 493
412 743
412 967
412 1502
412 1565
413 770
413 875
413 877
413 1180
413 1336
413 1543
413 1691
413 1725
414 638
414 675
414 798
414 1456
414 1465
414 1673
414 1816
414 1869
415 487
415 688
415 790
415 1284
415 1372
415 1540
415 1919
416 580
416 1219
416 1340
416 1392
416 1428
416 1672
416 1738
416 1781
417 911
417 1463
418 544
418 730
418 759
418 890
418 1321
418 1558
418 1750
418 1966
418 1990
419 509
419 632
419 1719
420 1399
420 1455
420 1763
421 446
421 1406
421 1422
421 1587
421 1776
422 976
422 1365
422 1954
423 911
423 1002
423 1292
423 1296
423 1500
424 464
424 852
425 858
425 877
425 1059
425 1166
425 1333
425 1440
425 1836
426 428
426 808
426 862
426 1065
426 1168
426 1522
427 514
427 642
427 974
427 1014
427 1428
427 1563
427 1937
428 952
428 992
428 1066
428 1212
428 1237
428 1566
428 1615
428 1808
428 1987
429 865
429 1478
429 1740
429 1953
430 503
430 937
430 1303
430 1361
430 1430
430 1868
431 470
431 608
431 1052
431 1199
431 1681
432 485
432 970
432 1137
432 1643
433 542
433 795
433 1233
433 1452
434 474
434 526
434 656
434 685
434 833
434 1931
435 553
435 774
435 1072
435 1130
435 1151
435 1272
435 1330
435 1515
436 759
436 895
436 1188
436 1272
436 1293
436 1358
436 1616
436 1964
437 464
437 573
437 1315
437 1615
437 1956
438 960
438 996
438 1430
438 1542
438 1613
438 1662
438 1782
438 1937
439 488
439 884
439 1121
439 1344
439 1609
440 497
440 1728
440 1801
440 1947
441 750
441 1022
441 1114
441 1689
441 1830
441 1865
442 485
442 496
442 597
442 763
442 1458
443 501
443 505
443 1071
443 1336
443 1540
443 1573
443 1599
443 1749
443 1890
443 1951
444 642
444 1135
444 1173
444 1224
444 1333
444 1525
445 508
445 1232
445 1482
446 497
446 529
446 616
446 714
446 779
446 1254
446 1422
446 1456
446 1533
447 616
447 1017
447 1343
447 1747
447 1828
447 1960
448 471
448 527
448 617
448 853
448 1819
449 530
449 1018
449 1025
449 1108
449 1307
449 1511
449 1804
450 581
450 810
450 864
450 1344
450 1962
451 480
451 963
451 1005
451 1190
451 1574
451 1713
452 925
452 1242
452 1461
452 1900
452 1902
452 1926
453 933
453 1330
453 1361
453 1437
453 1789
453 1846
453 1924
454 671
454 946
454 1429
454 1483
454 1841
454 1896
455 493
455 1282
455 1326
455 1516
455 1729
455 1842
456 521
456 1003
456 1219
456 1264
456 1946
457 550
457 597
457 814
457 1293
457 1377
457 1614
457 1839
457 1865
457 1962
458 682
458 927
458 1469
459 1102
459 1710
459 1840
460 631
460 827
460 860
460 865
460 1075
460 1306
460 1339
460 1558
461 957
461 1289
461 1431
461 1452
461 1978
462 473
462 621
462 788
462 962
463 650
463 865
463 1513
463 1757
464 481
464 554
464 1319
464 1349
464 1459
465 882
465 1071
465 1394
465 1503
465 1949
466 1081
466 1088
466 1358
466 1686
467 1440
467 1637
467 1661
467 1734
467 1801
468 536
468 601
468 918
468 1279
468 1505
468 1625
468 1636
468 1942
469 767
469 906
469 1040
469 1099
469 1704
469 1826
470 735
470 1005
471 1100
471 1151
471 1584
471 1652
471 1671
471 1805
471 1865
471 1993
472 922
472 1412
472 1721
473 1416
473 1539
474 995
474 1203
474 1225
474 1281
474 1283
474 1702
474 1825
474 1952
475 747
475 957
475 1048
475 1180
476 707
476 881
476 1040
476 1439
476 1478
476 1541
476 1771
476 1872
477 555
477 1799
477 1892
477 1949
478 499
478 886
478 1387
478 1492
478 1562
478 1996
479 786
479 992
479 1181
479 1977
480 513
480 597
480 1128
480 1509
480 1645
480 1791
480 1954
481 789
481 794
481 1038
481 1172
481 1537
481 1733
481 1798
482 597
482 744
482 780
482 814
482 932
482 1305
482 1779
482 1792
482 1982
483 516
483 723
483 968
483 1536
483 1612
483 1699
483 1810
484 542
484 583
484 995
484 1103
484 1663
484 1816
485 659
485 909
485 1058
485 1627
486 501
486 528
486 684
486 796
486 828
486 896
486 1044
486 1250
486 1398
486 1593
486 1650
487 1023
487 1442
487 1454
487 1865
488 781
488 1007
488 1045
488 1442
488 1476
488 1643
488 1918
489 634
489 748
489 834
489 1004
489 1710
490 950
490 1080
490 1365
490 1434
490 1511
490 1637
491 504
491 513
491 524
491 1373
491 1513
491 1627
491 1766
492 579
492 599
492 777
492 794
492 993
492 1038
492 1310
492 1431
492 1535
492 1929
493 596
493 872
493 1100
493 1219
493 1704
493 1721
493 1818
493 1863
493 1905
493 1969
494 540
494 703
494 718
494 758
494 803
494 979
494 1103
494 1154
494 1181
494 1544
494 1733
494 1949
495 620
495 1126
495 1359
495 1941
495 1990
496 712
496 1035
497 513
497 682
497 985
497 1003
497 1148
498 592
498 834
498 842
498 1608
498 1705
498 1935
498 1956
499 565
499 588
499 694
499 1151
499 1726
499 1889
500 664
500 1099
500 1406
501 762
501 776
501 844
501 846
501 899
501 1029
501 1339
501 1373
502 758
502 948
502 1057
502 1076
502 1093
502 1889
503 983
503 1137
503 1472
503 1811
504 772
504 1286
504 1384
504 1792
504 1930
505 975
505 1158
505 1545
506 609
506 869
506 1006
506 1199
506 1355
506 1364
506 1440
506 1544
506 1596
506 1631
506 1764
506 1846
506 1911
507 765
507 850
507 1125
507 1286
507 1340
508 746
509 684
509 846
509 912
509 1849
510 677
510 733
510 915
510 1059
510 1165
510 1377
510 1444
510 1573
511 997
511 1188
511 1359
511 1540
511 1894
511 1932
512 1089
512 1960
513 907
513 934
513 945
513 1191
513 1330
513 1410
513 1473
513 1485
513 1499
514 647
514 697
514 925
514 936
514 1340
514 1665
514 1874
515 608
515 704
515 829
515 1057
515 1284
515 1359
515 1387
515 1390
515 1436
515 1719
515 1833
516 1049
516 1291
516 1800
516 1855
516 1870
516 1933
517 705
517 820
517 1049
517 1299
517 1420
517 1704
517 1873
518 754
518 829
518 881
518 884
518 1266
518 1513
519 674
519 862
519 918
519 1364
519 1800
520 708
520 1825
520 1948
521 774
521 972
521 1241
521 1327
521 1596
521 1719
521 1778
521 1779
522 904
522 1479
522 1751
523 1081
523 1245
523 1665
523 1681
523 1686
523 1835
524 588
524 996
524 1227
524 1298
524 1776
524 1960
525 629
525 1023
525 1131
525 1230
525 1523
525 1721
525 1765
525 1864
526 586
526 613
526 1203
526 1521
526 1628
526 1663
526 1888
527 697
527 1140
527 1245
527 1248
527 1585
527 1629
528 974
528 1388
528 1480
529 1323
529 1324
529 1724
530 797
530 825
530 828
530 1741
530 1961
531 582
531 616
531 638
531 1216
531 1244
531 1247
531 1379
531 1444
531 1450
531 1578
531 1636
531 1671
531 1686
532 795
532 1000
532 1452
532 1595
532 1727
532 1756
532 1847
533 613
533 706
533 709
533 980
533 1246
533 1404
533 1574
533 1819
533 1839
534 809
534 1027
534 1632
534 1668
535 610
535 1034
535 1082
535 1104
535 1787
536 719
536 895
536 916
536 1383
536 1418
536 1422
536 1699
537 1078
537 1141
537 1165
537 1233
537 1694
538 576
538 1373
538 1442
538 1671
538 1713
539 573
539 1180
539 1376
539 1419
539 1496
539 1799
540 1099
540 1111
540 1506
541 890
541 1029
541 1195
541 1415
542 996
542 1198
542 1261
542 1404
542 1648
543 731
543 811
543 1189
543 1424
543 1605
543 1613
543 1791
544 738
544 810
544 834
544 1112
544 1454
544 1861
544 1879
544 1979
545 708
545 1044
545 1357
545 1373
546 973
546 1205
546 1244
546 1249
546 1484
546 1516
546 1700
546 1981
547 602
547 671
547 788
547 1144
547 1169
547 1527
547 1547
547 1783
547 1922
548 665
548 681
548 766
548 1149
548 1317
548 1534
548 1572
549 698
549 709
549 937
549 1385
549 1660
549 1967
550 1198
550 1365
551 568
551 647
551 768
551 1215
551 1216
551 1504
552 1088
552 1230
552 1349
552 1722
552 1756
553 558
553 585
553 1207
553 1293
554 1404
554 1962
555 1171
555 1670
555 1691
555 1868
555 1990
556 596
556 599
556 877
556 1100
556 1120
556 1525
556 1748
556 1792
556 1808
557 657
557 706
557 712
557 937
557 1042
557 1118
557 1702
558 835
558 979
558 1005
558 1176
558 1247
558 1592
559 983
559 1078
559 1119
559 1275
559 1573
559 1745
559 1991
560 742
560 811
560 1280
560 1430
560 1750
560 1762
560 1877
561 1019
561 1268
561 1573
561 1764
561 1885
561 1963
563 1861
564 632
564 669
564 845
564 950
564 1403
564 1419
564 1469
564 1772
564 1957
565 719
565 848
565 936
565 1209
565 1410
565 1694
566 772
566 852
566 1091
566 1149
566 1445
566 1533
567 713
567 715
567 973
567 1802
568 736
568 1086
568 1122
569 849
569 1042
569 1465
569 1696
569 1753
570 573
570 779
570 783
570 812
570 1011
570 1572
571 701
571 804
571 962
571 1149
571 1416
571 1442
571 1836
571 1949
572 1508
572 1800
573 806
573 947
573 1322
573 1485
573 1616
574 816
574 1254
574 1269
574 1563
574 1762
574 1919
575 682
575 812
575 1302
575 1485
575 1642
575 1687
575 1899
576 1258
576 1339
576 1343
576 1486
576 1513
576 1534
576 1939
577 622
577 832
577 951
577 955
577 1000
577 1093
577 1278
578 720
578 771
578 952
578 1410
578 1600
578 1654
578 1864
579 747
579 889
579 1219
579 1307
579 1431
579 1662
579 1727
579 1785
579 1865
580 702
580 783
580 959
580 1205
580 1881
581 699
581 778
581 820
581 1442
581 1576
581 1641
581 1783
581 1948
582 843
582 1414
582 1479
582 1636
582 1676
582 1828
582 1951
583 619
583 761
583 775
583 1202
583 1599
583 1736
583 1830
583 1954
584 813
584 998
584 1215
584 1399
584 1854
585 714
585 1351
585 1411
585 1932
586 801
586 1109
586 1130
586 1474
587 747
587 1053
587 1061
587 1240
587 1291
587 1373
587 1391
588 817
588 1247
589 1485
589 1660
589 1714
590 777
590 818
590 1125
590 1165
590 1744
590 1910
590 1919
591 815
591 1142
591 1300
591 1786
592 902
592 954
592 1243
592 1298
592 1619
593 888
593 920
593 1407
593 1450
593 1455
594 738
594 899
594 934
594 959
594 1259
594 1350
594 1553
594 1699
594 1841
595 727
595 1128
595 1517
596 668
596 1210
596 1424
596 1908
597 698
597 1246
597 1436
597 1615
597 1690
597 1963
598 945
598 1584
598 1823
599 669
599 1251
599 1371
599 1415
600 1192
600 1595
600 1664
600 1675
600 1751
601 699
601 1123
601 1266
601 1611
601 1623
601 1714
601 1723
601 1967
602 828
602 832
602 846
602 1365
602 1452
603 640
603 824
603 841
603 845
603 911
603 921
603 1003
603 1289
603 1479
603 1630
603 1697
604 1258
604 1524
604 1668
604 1760
604 1898
605 649
605 754
605 781
605 845
605 1013
605 1252
605 1466
606 641
606 778
606 812
606 1193
606 1278
606 1295
606 1358
606 1466
606 1873
607 754
607 1097
607 1244
607 1351
607 1490
607 1838
607 1941
608 1040
608 1905
609 677
609 848
609 917
609 1150
609 1237
609 1508
609 1768
609 1839
609 1846
610 974
610 1004
610 1066
610 1504
610 1587
610 1642
610 1723
611 619
611 815
611 1097
611 1178
611 1577
611 1927
612 1061
612 1416
613 1301
613 1612
613 1779
613 1817
614 1016
614 1103
614 1275
614 1287
614 1437
614 1445
614 1665
615 658
615 774
615 858
615 881
615 1348
615 1492
615 1755
616 838
616 1064
616 1346
616 1508
616 1659
616 1700
616 1881
616 1933
617 807
617 914
617 978
617 1063
617 1236
617 1279
617 1533
617 1663
618 714
618 927
618 933
618 1687
618 1720
618 1962
619 671
619 698
619 709
619 774
619 1135
619 1386
619 1588
619 1874
619 1893
620 670
620 841
620 1097
620 1157
620 1362
620 1378
620 1612
620 1957
620 1982
621 1262
621 1263
621 1452
621 1790
621 1993
622 771
622 1359
622 1400
622 1541
622 1640
623 624
623 969
623 1165
623 1203
623 1338
624 1644
624 1753
624 1782
625 720
625 940
625 1735
625 1916
626 937
626 943
626 971
626 974
626 1085
626 1831
626 1850
627 642
627 677
627 1048
628 808
628 973
628 1053
629 1129
629 1163
629 1231
629 1363
629 1721
629 1764
630 696
630 1091
630 1179
630 1382
630 1503
630 1887
630 1969
631 775
631 1064
632 1821
632 1963
633 944
633 1189
633 1217
633 1941
634 697
634 830
634 1146
634 1230
634 1310
634 1337
634 1432
635 864
635 1213
635 1991
636 811
636 889
636 917
636 1063
636 1084
636 1318
636 1618
636 1659
636 1732
636 1847
637 686
637 825
637 1151
637 1233
637 1325
637 1355
637 1366
637 1559
637 1710
638 643
638 910
638 1292
638 1372
638 1619
638 1971
639 949
639 1133
639 1356
639 1770
640 856
640 889
640 1638
640 1679
640 1882
641 1052
641 1394
641 1581
641 1654
641 1997
642 984
642 1006
642 1773
642 1887
642 1957
643 668
643 1282
643 1417
643 1574
643 1629
644 657
644 1355
644 1673
644 1858
645 814
645 1079
645 1104
645 1245
645 1286
645 1324
645 1705
645 1847
645 1950
646 713
646 896
646 910
646 1245
646 1489
646 1556
646 1639
646 1786
646 1985
647 855
647 910
647 1172
647 1460
647 1679
647 1769
647 1835
648 859
648 955
648 1238
648 1280
648 1482
648 1523
648 1610
648 1794
648 1854
649 1431
649 1710
649 1791
649 1896
650 729
650 757
650 760
650 767
651 948
651 1141
652 1004
652 1398
652 1941
653 811
653 1330
653 1571
654 728
654 1747
654 1967
655 845
655 1045
655 1771
655 1847
655 1937
656 897
656 1050
656 1236
656 1454
656 1932
656 1952
657 1257
657 1529
657 1589
657 1716
657 1770
658 746
658 1010
658 1454
658 1733
658 1782
658 1984
659 868
659 1098
659 1122
659 1163
659 1164
659 1299
659 1363
660 1043
660 1274
660 1482
661 887
661 991
661 1737
662 1539
662 1756
662 1870
663 825
663 1074
663 1616
663 1653
663 1717
664 829
664 884
664 926
664 1038
664 1360
664 1417
664 1662
664 1985
665 996
665 1539
665 1781
666 698
666 731
666 1004
666 1237
666 1464
666 1881
666 1975
667 677
667 1293
667 1413
667 1458
667 1718
667 1733
667 1874
668 889
668 936
668 1168
668 1429
669 683
669 749
669 1003
669 1236
669 1557
670 1004
670 1203
671 744
671 1025
671 1232
671 1654
671 1807
671 1963
672 752
672 835
672 1396
672 1528
673 1698
674 1161
674 1299
674 1666
675 902
675 1552
675 1614
675 1684
676 784
676 933
676 1073
676 1274
676 1292
676 1472
676 1559
676 1588
676 1786
677 703
677 902
677 970
677 975
677 1102
677 1215
677 1325
677 1750
677 1941
678 992
678 1329
678 1646
678 1677
679 684
679 720
679 1008
679 1579
679 1596
679 1693
679 1714
679 1871
680 1192
680 1397
680 1523
680 1550
680 1639
680 1945
681 690
681 884
681 1099
681 1612
681 1676
682 736
682 953
682 1014
682 1274
682 1403
682 1933
683 715
683 1197
683 1578
683 1655
683 1979
684 718
684 743
684 1089
684 1184
684 1368
684 1393
684 1494
684 1557
684 1848
684 1953
685 1116
685 1318
685 1435
685 1717
686 740
686 848
686 1008
686 1196
686 1299
686 1864
687 756
687 969
687 1340
687 1548
687 1554
688 735
688 1049
688 1174
688 1866
688 1892
689 1518
689 1759
690 1281
690 1290
690 1334
690 1367
690 1461
690 1553
690 1788
690 1807
691 1350
691 1386
691 1812
691 1903
691 1931
691 1934
692 1031
692 1316
692 1475
692 1643
692 1990
693 1129
693 1175
693 1318
693 1476
693 1878
693 1968
694 830
694 964
694 1240
694 1390
694 1712
694 1743
695 1113
695 1360
695 1964
696 1467
696 1646
697 960
697 1252
697 1435
697 1494
697 1820
697 1942
698 894
698 1257
698 1825
699 945
699 1245
699 1462
699 1557
699 1690
699 1883
700 927
700 978
700 1475
700 1589
700 1670
700 1695
701 1231
701 1725
701 1900
702 750
702 991
702 1227
702 1481
702 1737
702 1968
703 1245
703 1668
703 1796
703 1816
704 727
704 949
704 1268
704 1406
704 1575
705 730
705 1017
705 1336
705 1501
705 1768
706 1153
706 1516
707 1146
707 1215
707 1326
707 1626
708 767
708 957
708 1196
708 1375
708 1946
709 751
709 814
709 831
709 1042
709 1049
709 1076
709 1182
709 1219
709 1232
709 1356
710 832
710 941
710 1130
711 749
711 1194
711 1540
711 1555
712 921
712 1124
712 1326
712 1463
713 749
713 988
713 1055
713 1370
713 1772
714 955
714 1093
714 1113
714 1413
715 753
715 795
715 1469
715 1619
715 1622
715 1623
715 1672
715 1956
716 1075
716 1328
716 1709
716 1743
716 1861
717 720
717 814
717 988
717 1447
717 1477
718 1070
718 1617
718 1634
719 881
720 927
720 1332
720 1349
720 1771
720 1774
721 1331
721 1437
721 1923
721 1988
722 767
722 877
722 1158
722 1165
722 1311
722 1655
722 1889
722 1927
723 1258
723 1826
723 1857
724 845
724 1503
725 1616
725 1790
725 1798
726 780
726 879
726 969
726 1087
726 1323
726 1758
726 1858
726 1890
726 1933
727 727
727 941
727 1464
727 1660
728 831
728 1072
728 1380
728 1382
728 1843
729 747
729 759
729 821
729 874
729 1381
729 1676
730 968
730 1191
730 1202
730 1571
730 1747
731 746
731 823
731 842
731 1571
731 1905
732 1052
732 1363
732 1669
732 1885
733 891
733 1773
734 942
734 1059
734 1414
735 1113
735 1201
735 1204
735 1226
735 1269
735 1788
736 1220
736 1243
737 794
737 1361
737 1933
738 1015
738 1033
738 1178
738 1340
738 1698
739 892
739 1023
739 1027
739 1191
739 1414
739 1467
739 1761
740 1004
740 1023
740 1408
740 1550
741 1675
741 1794
742 850
742 954
742 1013
742 1059
742 1348
742 1374
742 1385
743 928
743 1312
743 1346
743 1394
743 1514
743 1562
744 869
744 1880
745 1238
745 1477
745 1651
746 1136
746 1578
746 1936
747 777
747 995
747 1056
747 1864
748 1152
748 1632
748 1820
749 757
749 1069
749 1577
749 1596
750 837
750 909
750 1294
750 1461
751 1073
751 1172
751 1387
751 1473
751 1582
751 1782
751 1963
752 963
752 996
752 1309
752 1437
752 1744
752 1771
753 809
753 1082
753 1101
753 1135
753 1182
753 1940
754 764
754 947
754 971
754 1724
755 879
755 895
755 1359
755 1426
755 1695
755 1759
755 1806
756 890
756 977
756 1150
757 788
757 871
757 1483
757 1570
757 1706
757 1955
758 813
758 887
758 1184
758 1682
758 1735
758 1877
758 1900
758 1986
759 779
759 1813
760 826
760 846
760 1298
760 1483
760 1990
761 1186
761 1256
761 1455
762 832
762 922
762 1102
762 1623
763 778
763 915
763 1107
763 1143
763 1262
763 1349
763 1379
763 1530
763 1556
764 1012
764 1019
764 1176
764 1353
764 1724
764 1949
765 839
766 777
766 1161
766 1328
766 1484
766 1804
767 918
767 1047
767 1225
768 989
768 1287
768 1301
768 1346
768 1520
769 1068
769 1711
769 1772
769 1899
770 861
770 1406
770 1628
771 911
771 987
771 1337
771 1363
771 1398
771 1491
771 1492
771 1768
772 798
772 826
772 829
772 871
772 1206
772 1274
772 1635
772 1799
773 1055
773 1323
773 1414
773 1535
773 1846
773 1897
774 1006
774 1464
774 1574
774 1962
775 811
775 817
775 1020
775 1066
775 1109
775 1159
775 1368
775 1403
775 1790
775 1965
776 1155
776 1617
776 1653
777 791
777 1034
777 1238
777 1448
777 1759
777 1997
778 1739
778 1765
778 1774
779 850
779 1235
780 804
780 847
780 1034
780 1144
780 1216
781 829
781 922
781 1002
781 1416
781 1431
781 1551
781 1640
781 1709
781 1711
781 1720
782 1023
782 1405
782 1640
783 1415
783 1858
784 1075
784 1084
784 1108
784 1359
784 1475
784 1836
785 1352
785 1421
786 789
786 802
786 850
786 1345
787 810
787 1171
787 1244
787 1346
787 1657
787 1667
787 1793
787 1967
788 1106
788 1142
788 1309
788 1413
789 1102
789 1778
789 1835
789 1896
789 1976
790 1702
791 845
791 889
791 912
791 1566
791 1661
793 910
793 1295
793 1303
793 1813
793 1916
793 1931
794 900
794 985
794 1161
794 1789
795 913
795 1372
795 1729
795 1842
796 842
796 1072
796 1218
796 1624
796 1697
796 1763
796 1998
797 1044
797 1300
797 1825
798 932
798 1659
798 1838
798 1899
798 1941
799 872
799 1008
799 1233
799 1356
799 1597
799 1958
800 880
800 931
800 1267
800 1287
800 1688
800 1840
801 1022
801 1032
801 1113
801 1505
801 1625
802 1316
802 1695
803 1118
803 1201
804 1194
804 1216
804 1391
804 1503
804 1687
804 1735
805 967
805 1064
805 1627
805 1755
805 1870
806 1498
806 1546
806 1555
806 1747
806 1928
807 899
807 995
807 1709
807 1892
808 1358
808 1733
809 1335
809 1420
809 1580
809 1638
809 1917
810 1096
810 1123
811 1614
811 1989
811 1990
812 956
812 1068
812 1206
812 1439
812 1541
812 1604
812 1741
812 1747
813 859
813 876
813 881
813 1015
813 1720
814 869
814 1169
814 1297
814 1345
814 1746
815 889
815 958
815 1343
815 1797
815 1912
816 863
816 1002
816 1501
816 1589
816 1873
817 929
817 1682
817 1690
817 1753
817 1861
817 1888
818 1204
818 1487
818 1747
819 1177
819 1627
820 948
820 1034
820 1475
820 1831
820 1913
820 1963
821 1112
821 1172
821 1270
821 1276
821 1303
821 1661
822 905
822 1181
822 1223
822 1871
822 1921
823 834
823 914
823 1111
823 1481
823 1797
823 1878
824 905
824 1112
824 1923
825 882
825 904
825 963
825 1067
825 1194
825 1742
825 1878
826 841
826 1164
826 1889
826 1940
827 1280
827 1337
827 1379
827 1405
827 1425
827 1457
827 1834
828 844
828 866
828 878
828 1354
828 1384
828 1556
829 1162
829 1547
829 1714
829 1827
829 1972
830 1193
830 1467
830 1754
830 1846
830 1994
831 1221
831 1411
831 1878
831 1908
832 1012
832 1238
832 1315
832 1621
832 1854
833 1463
833 1499
833 1615
833 1885
834 1044
834 1464
834 1534
835 859
835 1084
835 1411
835 1708
835 1845
836 896
836 977
836 1379
836 1731
837 969
837 1360
837 1377
837 1383
837 1610
837 1650
837 1989
838 1052
838 1126
838 1143
838 1281
838 1548
839 1006
839 1046
839 1074
839 1090
839 1944
839 1980
840 1767
841 1050
841 1163
841 1336
841 1399
841 1403
841 1550
841 1606
842 1173
843 1105
843 1131
843 1950
843 1951
844 901
844 1594
844 1821
844 1982
845 948
845 1302
845 1523
845 1704
845 1802
846 963
846 985
846 991
846 994
846 1054
846 1231
846 1264
846 1455
846 1762
846 1990
847 898
847 944
847 1036
847 1453
847 1558
847 1697
847 1786
848 1441
848 1520
849 980
849 1075
849 1144
849 1416
849 1752
850 1053
850 1302
851 945
851 1189
851 1319
851 1330
851 1347
852 1458
852 1512
852 1523
852 1654
853 873
853 1269
854 932
854 1045
854 1050
854 1325
854 1635
854 1744
854 1990
855 947
855 1342
856 1020
856 1308
856 1335
856 1728
856 1733
857 1039
857 1873
858 1640
858 1657
859 1072
859 1333
859 1837
859 1851
860 1062
860 1091
860 1939
861 1340
861 1685
861 1806
862 997
862 1152
862 1474
862 1493
862 1564
862 1655
863 898
863 1134
863 1169
863 1591
863 1753
864 979
864 1201
864 1277
864 1733
865 1826
865 1857
866 1160
866 1652
866 1734
866 1739
867 900
867 906
867 1065
867 1250
867 1299
867 1754
868 900
868 1537
868 1699
868 1866
869 1450
869 1713
870 891
870 1133
870 1174
870 1248
870 1249
870 1595
870 1802
871 1321
871 1409
871 1620
871 1677
871 1767
871 1949
872 983
872 1219
872 1295
872 1499
872 1683
872 1933
873 893
873 1007
873 1050
873 1056
873 1080
873 1854
874 1024
874 1186
874 1541
874 1567
874 1694
874 1818
874 1858
874 1958
874 1978
875 956
875 1012
875 1426
875 1791
875 1900
876 1467
876 1641
876 1728
876 1955
877 1179
877 1334
877 1447
877 1544
877 1615
877 1676
878 1828
878 1907
879 1578
879 1767
879 1993
880 907
880 967
880 1356
880 1687
880 1952
881 1290
881 1430
881 1698
882 1397
882 1414
884 1432
884 1730
884 1799
884 1842
885 972
885 1831
886 1170
886 1356
886 1508
887 990
887 1113
887 1781
888 893
888 1406
888 1730
888 1747
888 1813
888 1906
889 962
889 1509
889 1698
889 1802
890 1453
890 1704
890 1788
890 1898
891 1008
891 1265
891 1415
891 1496
891 1759
891 1924
891 1949
892 1307
892 1407
892 1596
892 1616
892 1736
893 1018
893 1500
893 1814
894 938
894 947
894 1147
894 1173
894 1314
894 1334
894 1455
894 1833
894 1881
894 1941
895 965
895 1294
895 1336
895 1616
895 1704
895 1717
895 1763
895 1893
896 931
896 1493
896 1513
896 1872
897 1544
897 1914
897 1953
898 1052
898 1174
898 1358
898 1505
898 1796
899 1669
899 1851
899 1952
900 1027
901 986
901 1551
901 1898
902 1074
902 1491
902 1671
903 1209
903 1605
903 1654
904 983
904 1024
904 1571
905 1375
905 1406
905 1480
905 1569
905 1692
906 975
906 991
906 1294
906 1671
906 1860
907 950
907 1823
907 1864
908 946
908 1081
908 1349
908 1973
909 1153
909 1369
909 1761
909 1927
910 936
910 945
910 1045
910 1066
910 1273
910 1392
911 1108
911 1160
911 1192
911 1312
911 1678
911 1707
912 1180
912 1250
913 1536
913 1618
913 1715
914 1376
915 981
915 1101
915 1117
916 1175
916 1305
916 1754
917 1050
917 1756
917 1902
917 1982
918 1276
918 1371
918 1485
918 1520
918 1536
918 1593
918 1608
918 1624
918 1659
918 1899
919 940
919 984
919 999
920 1955
921 1486
921 1528
922 1107
922 1160
922 1378
922 1854
923 937
923 938
923 969
923 988
923 1016
923 1140
923 1258
923 1642
923 1870
923 1944
923 1967
924 1498
924 1519
924 1608
924 1650
925 967
925 1364
925 1621
925 1701
925 1746
926 978
926 989
926 1203
926 1261
926 1505
926 1524
926 1831
927 963
927 1096
927 1227
927 1276
927 1301
928 1067
928 1405
928 1629
928 1685
928 1852
928 1989
929 1061
929 1261
929 1871
929 1985
930 1219
930 1251
930 1449
930 1675
930 1803
930 1930
930 1990
931 1127
931 1659
932 1409
932 1657
932 1680
932 1704
932 1831
932 1845
932 1937
933 1118
933 1610
933 1675
933 1767
933 1986
934 1155
934 1285
934 1298
935 1010
935 1417
935 1600
935 1660
935 1819
935 1914
936 1301
936 1967
937 1101
937 1389
937 1406
938 1168
938 1184
938 1255
938 1763
939 1522
939 1637
939 1882
939 1955
940 1020
940 1190
940 1438
941 1011
941 1103
941 1129
941 1241
941 1371
941 1515
942 1516
942 1582
942 1586
942 1719
942 1727
942 1792
942 1845
943 1024
943 1710
944 1069
944 1224
944 1237
944 1409
944 1643
944 1688
944 1793
945 1353
945 1669
945 1694
945 1763
945 1998
947 1010
947 1301
947 1435
947 1826
948 1002
948 1866
948 1914
949 1710
950 1002
950 1012
950 1224
950 1364
951 1086
951 1434
951 1812
952 1248
952 1306
952 1587
952 1645
952 1844
953 1063
953 1615
954 959
954 1157
954 1214
954 1319
954 1377
954 1791
955 1241
955 1381
955 1559
955 1806
955 1898
955 1914
955 1966
956 1257
956 1488
956 1877
956 1987
957 1639
957 1900
958 1114
958 1457
958 1855
958 1942
959 1150
959 1432
959 1530
960 1310
960 1535
960 1651
960 1695
960 1920
961 1062
961 1516
962 1040
962 1283
962 1505
962 1661
963 1084
963 1103
963 1352
963 1385
963 1689
964 1055
965 1079
965 1313
965 1370
965 1475
965 1497
965 1612
965 1648
965 1671
965 1792
965 1807
965 1860
965 1903
965 1930
965 1975
966 1411
966 1489
966 1779
966 1795
967 979
967 1029
967 1050
967 1491
967 1698
967 1914
968 1286
968 1445
968 1487
968 1625
968 1648
968 1829
968 1870
969 1300
970 1073
970 1219
970 1561
971 1249
971 1583
971 1828
972 1335
973 1004
973 1182
973 1566
973 1674
973 1894
974 1270
974 1481
975 978
975 1042
975 1248
975 1501
975 1689
975 1719
975 1762
975 1829
976 1218
976 1245
976 1493
976 1544
976 1599
976 1619
976 1928
976 1980
977 1537
978 1374
978 1438
978 1586
978 1684
978 1858
978 1868
979 1224
979 1513
979 1716
979 1822
980 1088
980 1138
980 1204
980 1701
980 1724
980 1746
980 1885
980 1964
981 1031
981 1869
982 1304
982 1435
983 1174
983 1220
983 1288
983 1425
983 1776
983 1854
984 1024
984 1112
984 1398
984 1445
984 1491
984 1940
985 1276
986 1245
986 1562
987 1328
987 1398
987 1485
987 1579
988 1906
988 1945
988 1958
989 1009
989 1024
989 1123
989 1328
989 1570
989 1647
990 1030
990 1151
990 1496
991 1187
991 1468
991 1475
991 1686
992 1014
992 1033
992 1116
992 1589
993 1116
993 1219
993 1305
993 1310
993 1951
993 1996
994 1057
994 1064
994 1188
994 1981
994 1997
994 1999
995 1348
995 1612
995 1721
995 1788
995 1859
996 1809
996 1937
997 1227
997 1385
997 1822
997 1890
997 1997
998 1060
998 1421
998 1683
998 1710
998 1803
998 1832
999 1036
999 1380
999 1425
999 1870
1000 1339
1001 1067
1001 1195
1001 1388
1001 1886
1002 1220
1002 1807
1003 1089
1003 1566
1003 1614
1003 1931
1004 1900
1005 1040
1005 1332
1005 1360
1005 1363
1006 1011
1006 1096
1006 1128
1006 1332
1006 1444
1006 1808
1006 1959
1007 1329
1007 1545
1007 1639
1007 1861
1007 1894
1008 1097
1010 1166
1010 1406
1010 1687
1010 1691
1011 1782
1012 1247
1012 1505
1012 1716
1013 1163
1014 1364
1014 1384
1015 1298
1015 1477
1015 1861
1016 1063
1016 1561
1016 1579
1016 1636
1016 1781
1016 1932
1017 1208
1017 1724
1018 1280
1019 1154
1019 1171
1019 1476
1019 1762
1020 1101
1020 1107
1020 1323
1020 1678
1020 1744
1020 1756
1020 1899
1021 1165
1021 1310
1021 1558
1021 1778
1021 1844
1022 1027
1022 1389
1022 1876
1023 1082
1023 1091
1023 1118
1023 1383
1023 1440
1023 1538
1023 1999
1024 1038
1024 1074
1025 1037
1025 1084
1026 1289
1026 1586
1026 1885
1027 1097
1027 1266
1027 1409
1027 1537
1027 1630
1028 1138
1028 1165
1028 1650
1028 1674
1029 1192
1029 1289
1029 1481
1029 1585
1029 1697
1029 1794
1030 1040
1030 1329
1030 1399
1030 1460
1030 1812
1031 1894
1032 1071
1033 1643
1033 1780
1034 1654
1034 1774
1034 1854
1035 1251
1035 1268
1035 1637
1035 1854
1036 1194
1036 1835
1037 1931
1038 1134
1038 1182
1038 1721
1039 1078
1039 1450
1039 1531
1039 1848
1040 1700
1040 1775
1042 1459
1042 1464
1042 1662
1042 1984
1043 1228
1043 1824
1043 1835
1044 1799
1044 1879
1045 1055
1045 1532
1045 1604
1045 1812
1045 1940
1046 1056
1046 1267
1047 1076
1047 1194
1047 1472
1047 1603
1047 1967
1048 1268
1048 1269
1048 1433
1048 1598
1048 1698
1049 1125
1049 1955
1050 1485
1050 1611
1050 1657
1051 1632
1051 1743
1052 1068
1052 1186
1052 1377
1052 1414
1053 1220
1053 1274
1053 1500
1053 1508
1053 1524
1053 1647
1053 1838
1053 1858
1054 1158
1054 1304
1054 1755
1054 1895
1054 1995
1055 1224
1055 1408
1055 1435
1055 1695
1055 1865
1055 1945
1056 1131
1056 1138
1056 1209
1056 1526
1056 1825
1056 1899
1057 1340
1057 1885
1058 1132
1058 1299
1058 1482
1058 1666
1058 1992
1059 1107
1059 1508
1059 1700
1059 1926
1060 1434
1060 1451
1061 1968
1062 1211
1062 1505
1062 1539
1062 1731
1062 1746
1062 1776
1062 1997
1063 1257
1063 1363
1064 1509
1064 1625
1064 1677
1065 1071
1065 1647
1065 1811
1066 1365
1066 1917
1067 1478
1067 1618
1068 1211
1068 1402
1068 1523
1070 1282
1070 1670
1071 1098
1071 1575
1071 1765
1072 1118
1072 1345
1072 1714
1072 1810
1074 1984
1075 1181
1075 1432
1075 1732
1075 1744
1075 1953
1076 1094
1076 1337
1076 1461
1076 1617
1078 1897
1079 1352
1079 1420
1079 1859
1079 1964
1080 1085
1080 1288
1080 1465
1080 1646
1081 1112
1082 1224
1082 1888
1083 1098
1083 1519
1083 1820
1084 1173
1084 1299
1084 1374
1085 1517
1085 1675
1086 1345
1086 1472
1086 1542
1086 1720
1086 1752
1087 1755
1088 1364
1088 1508
1088 1851
1088 1853
1089 1497
1089 1512
1089 1648
1091 1108
1091 1281
1091 1441
1091 1554
1091 1827
1092 1544
1093 1173
1093 1590
1093 1626
1093 1667
1094 1132
1094 1133
1094 1338
1094 1422
1094 1758
1094 1778
1095 1216
1095 1384
1095 1581
1095 1687
1096 1559
1096 1622
1096 1645
1097 1365
1097 1725
1097 1972
1098 1199
1098 1303
1099 1895
1100 1807
1101 1169
1101 1666
1102 1532
1102 1608
1102 1654
1102 1794
1102 1857
1102 1863
1102 1910
1104 1108
1104 1232
1104 1258
1104 1619
1105 1121
1105 1339
1105 1788
1106 1301
1106 1824
1107 1947
1108 1497
1108 1500
1108 1836
1109 1956
1110 1382
1110 1993
1111 1957
1112 1170
1112 1570
1112 1716
1112 1760
1113 1823
1113 1930
1113 1955
1114 1122
1114 1921
1115 1214
1115 1355
1115 1372
1115 1420
1115 1433
1115 1520
1115 1580
1115 1979
1116 1378
1116 1412
1117 1391
1117 1523
1117 1527
1117 1881
1118 1233
1118 1287
1118 1385
1118 1442
1118 1478
1118 1674
1118 1976
1119 1373
1119 1732
1120 1327
1120 1420
1120 1583
1121 1448
1122 1163
1122 1580
1123 1153
1123 1271
1123 1287
1123 1719
1124 1362
1124 1733
1125 1930
1126 1386
1126 1874
1126 1944
1127 1686
1128 1202
1128 1690
1129 1777
1129 1786
1130 1132
1130 1326
1130 1756
1130 1815
1131 1299
1131 1533
1131 1947
1132 1492
1132 1650
1132 1891
1133 1226
1133 1652
1133 1766
1134 1183
1134 1338
1134 1358
1134 1690
1135 1253
1135 1315
1135 1389
1135 1594
1136 1321
1136 1614
1136 1828
1136 1949
1137 1484
1137 1680
1138 1457
1138 1614
1138 1845
1138 1963
1139 1313
1139 1385
1139 1608
1140 1206
1140 1207
1140 1402
1140 1567
1140 1572
1140 1638
1140 1653
1141 1209
1141 1285
1141 1294
1141 1300
1141 1503
1141 1722
1141 1878
1141 1968
1142 1336
1142 1469
1142 1507
1143 1903
1144 1347
1144 1387
1144 1478
1144 1479
1145 1303
1145 1360
1146 1339
1146 1517
1147 1462
1147 1568
1148 1587
1148 1698
1148 1826
1148 1975
1149 1240
1149 1639
1149 1680
1149 1818
1150 1271
1151 1687
1152 1198
1153 1463
1153 1606
1153 1713
1153 1846
1155 1832
1156 1340
1156 1489
1156 1584
1157 1417
1157 1446
1157 1889
1158 1436
1159 1394
1159 1522
1159 1768
1160 1170
1160 1279
1160 1900
1161 1616
1161 1711
1161 1834
1161 1898
1161 1972
1162 1213
1162 1782
1162 1811
1162 1918
1163 1644
1163 1848
1164 1186
1165 1376
1165 1654
1166 1314
1166 1799
1166 1915
1167 1381
1167 1831
1167 1948
1168 1815
1169 1680
1170 1524
1170 1979
1171 1234
1171 1468
1171 1669
1171 1690
1171 1932
1172 1695
1172 1718
1173 1268
1173 1307
1173 1379
1173 1727
1173 1775
1173 1966
1174 1257
1174 1328
1174 1570
1174 1928
1175 1486
1175 1630
1175 1820
1176 1459
1176 1661
1176 1860
1176 1864
1176 1953
1178 1268
1178 1317
1178 1447
1178 1526
1178 1573
1178 1780
1178 1862
1179 1403
1180 1341
1180 1631
1180 1683
1180 1713
1181 1990
1182 1192
1182 1309
1182 1375
1182 1392
1182 1467
1182 1880
1183 1275
1183 1348
1183 1814
1184 1217
1184 1774
1184 1830
1184 1852
1185 1368
1185 1445
1185 1463
1185 1789
1185 1796
1185 1914
1187 1772
1187 1995
1188 1823
1189 1210
1189 1273
1189 1299
1189 1380
1189 1651
1189 1705
1189 1963
1189 1986
1190 1222
1190 1632
1190 1666
1190 1841
1191 1314
1191 1315
1191 1551
1191 1704
1192 1963
1193 1516
1193 1524
1193 1652
1193 1781
1193 1908
1195 1271
1195 1393
1195 1480
1195 1571
1195 1631
1195 1762
1195 1928
1196 1261
1196 1279
1196 1304
1196 1471
1196 1596
1196 1796
1197 1237
1197 1302
1197 1478
1197 1634
1197 1667
1197 1689
1198 1222
1198 1399
1198 1992
1199 1506
1199 1618
1199 1761
1199 1848
1199 1860
1200 1222
1200 1291
1200 1931
1201 1221
1201 1228
1201 1367
1201 1572
1201 1964
1202 1356
1202 1414
1202 1548
1202 1767
1202 1980
1204 1343
1204 1383
1204 1413
1204 1482
1204 1567
1204 1614
1204 1812
1205 1652
1206 1248
1206 1574
1206 1803
1207 1293
1207 1702
1207 1957
1208 1817
1209 1420
1209 1825
1209 1871
1210 1379
1210 1500
1210 1555
1210 1655
1211 1431
1211 1490
1212 1500
1212 1766
1212 1941
1213 1686
1214 1386
1214 1897
1215 1216
1215 1375
1216 1338
1216 1858
1216 1869
1216 1990
1217 1230
1218 1306
1218 1406
1218 1431
1218 1694
1218 1926
1219 1312
1219 1423
1219 1469
1219 1685
1219 1941
1220 1243
1220 1855
1221 1578
1221 1654
1221 1670
1223 1265
1223 1624
1223 1732
1224 1263
1224 1283
1224 1340
1224 1841
1225 1472
1226 1274
1226 1564
1226 1913
1227 1237
1227 1294
1227 1405
1228 1393
1229 1251
1229 1367
1229 1400
1229 1419
1229 1471
1229 1611
1230 1388
1230 1615
1230 1753
1230 1910
1231 1508
1231 1589
1231 1695
1231 1784
1231 1887
1232 1807
1233 1272
1233 1327
1234 1268
1234 1446
1234 1466
1234 1513
1234 1663
1234 1908
1235 1379
1235 1380
1235 1498
1235 1608
1236 1321
1237 1302
1237 1331
1237 1347
1238 1369
1238 1851
1239 1327
1239 1476
1239 1641
1240 1249
1240 1266
1240 1565
1240 1596
1241 1430
1241 1635
1241 1741
1241 1976
1242 1312
1242 1416
1243 1332
1243 1950
1244 1344
1244 1432
1245 1261
1245 1326
1245 1533
1245 1805
1245 1885
1245 1956
1246 1381
1246 1504
1246 1521
1246 1578
1246 1882
1247 1336
1247 1352
1247 1719
1248 1358
1248 1433
1248 1874
1248 1888
1249 1424
1249 1531
1249 1749
1250 1254
1250 1424
1251 1425
1251 1450
1252 1333
1253 1573
1253 1743
1253 1789
1253 1797
1253 1814
1253 1897
1253 1952
1253 1995
1254 1295
1254 1387
1254 1484
1254 1809
1255 1477
1255 1671
1255 1688
1255 1838
1256 1275
1256 1315
1256 1542
1256 1821
1256 1929
1257 1458
1257 1518
1258 1609
1258 1733
1259 1291
1259 1509
1260 1304
1261 1424
1261 1669
1261 1916
1262 1302
1263 1608
1263 1644
1263 1697
1263 1755
1263 1772
1263 1860
1264 1330
1264 1667
1264 1694
1264 1900
1266 1796
1266 1956
1267 1505
1267 1688
1267 1708
1267 1950
1268 1529
1269 1379
1269 1380
1269 1394
1269 1793
1269 1979
1270 1412
1270 1465
1270 1507
1270 1540
1270 1715
1271 1453
1272 1292
1272 1719
1272 1751
1272 1797
1273 1296
1273 1918
1274 1482
1274 1684
1275 1291
1275 1566
1275 1746
1276 1356
1276 1595
1277 1778
1277 1795
1277 1924
1278 1608
1278 1620
1278 1975
1279 1458
1279 1581
1279 1676
1279 1726
1279 1767
1279 1852
1279 1965
1281 1470
1281 1713
1282 1834
1282 1903
1282 1945
1282 1946
1283 1762
1284 1292
1284 1714
1284 1779
1285 1340
1285 1384
1285 1937
1287 1323
1287 1328
1288 1696
1288 1708
1289 1631
1289 1810
1290 1822
1290 1927
1291 1505
1291 1582
1291 1869
1291 1938
1292 1344
1292 1354
1292 1380
1292 1721
1292 1968
1293 1394
1294 1343
1294 1402
1294 1484
1294 1658
1295 1539
1295 1591
1295 1956
1295 1974
1295 1985
1297 1790
1297 1809
1297 1822
1297 1842
1297 1874
1297 1903
1297 1906
1298 1408
1298 1464
1298 1497
1298 1549
1298 1571
1298 1699
1299 1433
1299 1562
1299 1765
1299 1891
1300 1935
1301 1739
1301 1846
1301 1852
1302 1364
1302 1458
1302 1474
1304 1439
1304 1523
1304 1630
1305 1504
1305 1675
1305 1923
1306 1653
1306 1980
1307 1469
1307 1548
1307 1847
1308 1486
1308 1776
1308 1950
1309 1465
1309 1497
1309 1961
1310 1380
1310 1530
1310 1647
1310 1694
1311 1650
1312 1920
1313 1403
1313 1615
1313 1652
1313 1713
1313 1777
1314 1957
1315 1365
1315 1510
1315 1930
1316 1466
1316 1683
1316 1713
1317 1911
1318 1781
1318 1988
1319 1458
1319 1911
1320 1337
1320 1445
1320 1657
1320 1671
1320 1678
1320 1909
1321 1392
1321 1531
1322 1635
1322 1726
1322 1785
1323 1382
1323 1535
1324 1488
1324 1972
1325 1394
1325 1434
1326 1969
1326 1973
1327 1464
1327 1561
1327 1785
1328 1557
1329 1524
1329 1798
1329 1849
1330 1686
1330 1691
1330 1790
1330 1967
1330 1977
1331 1442
1331 1554
1332 1759
1333 1543
1333 1655
1334 1558
1334 1697
1334 1722
1334 1751
1334 1776
1334 1839
1335 1544
1335 1620
1335 1699
1335 1788
1335 1991
1336 1608
1336 1833
1336 1863
1336 1950
1337 1375
1337 1667
1337 1717
1337 1901
1337 1930
1337 1998
1338 1496
1338 1568
1338 1583
1338 1665
1338 1757
1340 1705
1340 1981
1341 1369
1341 1684
1341 1852
1342 1696
1342 1715
1342 1826
1342 1906
1342 1997
1343 1629
1344 1842
1345 1446
1345 1852
1345 1867
1347 1984
1348 1372
1348 1486
1348 1627
1349 1630
1350 1413
1350 1539
1351 1791
1351 1983
1353 1461
1354 1503
1354 1990
1357 1549
1357 1642
1357 1793
1358 1385
1359 1466
1359 1680
1359 1752
1359 1939
1359 1969
1361 1556
1361 1591
1361 1724
1362 1811
1362 1960
1363 1457
1364 1903
1364 1942
1365 1747
1366 1728
1366 1834
1367 1530
1367 1600
1367 1630
1367 1859
1368 1486
1368 1539
1368 1782
1369 1965
1370 1762
1370 1912
1371 1439
1372 1598
1373 1399
1373 1506
1373 1528
1374 1752
1375 1839
1376 1579
1376 1704
1376 1773
1376 1910
1377 1591
1378 1407
1379 1419
1379 1614
1379 1894
1379 1899
1379 1912
1380 1742
1381 1753
1381 1803
1382 1611
1382 1624
1382 1626
1382 1671
1383 1406
1383 1783
1383 1995
1384 1472
1384 1631
1384 1705
1384 1762
1384 1782
1384 1796
1385 1487
1386 1408
1386 1677
1386 1843
1387 1496
1387 1525
1387 1617
1388 1453
1388 1835
1389 1671
1390 1968
1391 1566
1391 1908
1392 1467
1392 1772
1392 1993
1393 1668
1393 1739
1393 1745
1395 1629
1395 1696
1396 1528
1397 1567
1398 1431
1398 1850
1400 1427
1400 1485
1401 1693
1401 1754
1402 1682
1402 1738
1402 1763
1403 1757
1403 1805
1403 1846
1403 1963
1404 1624
1404 1849
1404 1970
1406 1660
1406 1718
1407 1411
1408 1676
1409 1505
1409 1968
1410 1799
1410 1897
1412 1512
1412 1617
1413 1474
1414 1671
1414 1896
1414 1923
1415 1431
1415 1752
1415 1861
1415 1949
1416 1812
1416 1999
1417 1455
1417 1551
1417 1582
1417 1990
1418 1555
1418 1652
1418 1656
1418 1743
1419 1943
1422 1524
1422 1766
1423 1638
1423 1959
1424 1563
1424 1919
1424 1960
1425 1563
1425 1665
1425 1934
1426 1775
1426 1784
1427 1565
1428 1676
1428 1779
1428 1789
1429 1560
1429 1679
1429 1713
1429 1773
1429 1799
1429 1988
1430 1705
1431 1549
1431 1699
1431 1717
1431 1889
1432 1483
1432 1865
1433 1530
1434 1488
1435 1603
1435 1933
1436 1439
1437 1728
1437 1860
1439 1567
1439 1703
1439 1832
1440 1448
1441 1448
1441 1924
1441 1950
1442 1749
1442 1779
1442 1820
1444 1897
1444 1984
1446 1635
1447 1869
1451 1788
1452 1641
1452 1698
1453 1507
1453 1756
1454 1668
1455 1496
1457 1638
1458 1687
1458 1898
1460 1542
1460 1905
1460 1932
1462 1541
1462 1902
1463 1541
1463 1728
1463 1855
1465 1592
1465 1598
1465 1866
1466 1982
1467 1513
1467 1696
1467 1890
1468 1807
1468 1828
1468 1836
1469 1682
1469 1820
1470 1755
1470 1902
1471 1527
1471 1667
1471 1796
1471 1997
1472 1517
1472 1658
1472 1759
1472 1797
1473 1491
1473 1553
1473 1704
1474 1518
1475 1601
1475 1834
1476 1553
1476 1855
1476 1939
1477 1615
1477 1669
1477 1806
1478 1493
1478 1715
1478 1794
1479 1675
1479 1708
1480 1662
1480 1738
1480 1832
1482 1629
1482 1653
1482 1787
1483 1490
1483 1562
1483 1956
1483 1968
1483 1997
1484 1950
1485 1830
1485 1870
1485 1889
1487 1691
1487 1765
1487 1927
1488 1794
1489 1582
1490 1525
1490 1554
1491 1540
1491 1686
1491 1696
1491 1777
1492 1848
1493 1512
1493 1513
1494 1844
1494 1914
1495 1583
1495 1841
1496 1566
1497 1752
1499 1640
1499 1677
1499 1869
1500 1831
1500 1959
1500 1987
1501 1692
1501 1717
1502 1654
1503 1590
1504 1842
1504 1901
1504 1983
1505 1702
1507 1536
1507 1946
1508 1564
1509 1635
1510 1870
1511 1619
1511 1630
1512 1848
1513 1783
1514 1601
1514 1674
1514 1962
1514 1985
1515 1608
1515 1819
1516 1528
1516 1817
1516 1860
1518 1889
1518 1981
1519 1669
1520 1764
1520 1947
1522 1639
1522 1680
1522 1828
1523 1644
1523 1745
1523 1806
1524 1916
1526 1761
1526 1855
1527 1572
1528 1884
1528 1928
1529 1603
1530 1635
1530 1639
1530 1813
1530 1826
1530 1906
1531 1563
1531 1773
1532 1613
1532 1770
1533 1542
1533 1590
1533 1942
1534 1638
1534 1800
1535 1804
1535 1892
1538 1574
1538 1696
1538 1732
1538 1745
1538 1778
1539 1546
1539 1917
1539 1956
1540 1628
1544 1629
1544 1857
1545 1985
1546 1699
1546 1736
1548 1701
1548 1964
1549 1788
1550 1632
1550 1796
1551 1871
1551 1930
1552 1749
1552 1757
1554 1649
1554 1916
1557 1685
1557 1698
1557 1870
1557 1894
1561 1668
1561 1680
1561 1816
1561 1923
1562 1729
1562 1946
1563 1584
1567 1580
1567 1752
1568 1795
1569 1787
1569 1914
1570 1679
1570 1804
1570 1818
1571 1829
1572 1963
1574 1595
1574 1769
1575 1689
1575 1707
1576 1993
1578 1689
1578 1783
1578 1855
1578 1948
1579 1805
1579 1861
1579 1968
1580 1600
1580 1717
1580 1988
1581 1616
1582 1976
1583 1638
1583 1862
1584 1699
1585 1622
1585 1877
1586 1725
1588 1621
1588 1999
1589 1621
1591 1606
1592 1614
1592 1745
1594 1616
1594 1697
1594 1963
1595 1992
1599 1832
1600 1686
1601 1853
1601 1939
1604 1858
1604 1899
1608 1991
1610 1789
1611 1656
1611 1932
1612 1853
1612 1861
1613 1904
1613 1977
1614 1771
1617 1806
1617 1921
1617 1992
1619 1777
1619 1834
1619 1844
1619 1859
1620 1819
1621 1645
1621 1700
1621 1916
1621 1996
1622 1704
1622 1721
1622 1850
1622 1910
1622 1992
1624 1931
1625 1972
1626 1637
1628 1674
1628 1678
1628 1703
1629 1803
1630 1678
1630 1728
1630 1995
1631 1631
1631 1766
1632 1635
1633 1711
1633 1886
1634 1830
1634 1929
1635 1649
1635 1874
1636 1838
1637 1845
1638 1969
1639 1802
1640 1674
1640 1954
1641 1814
1642 1700
1642 1846
1642 1974
1643 1944
1644 1926
1645 1773
1646 1864
1646 1878
1647 1679
1647 1784
1648 1823
1648 1982
1650 1833
1651 1729
1651 1927
1653 1795
1655 1768
1655 1781
1657 1714
1657 1748
1658 1670
1659 1922
1660 1718
1662 1759
1663 1688
1665 1676
1665 1726
1665 1815
1665 1922
1666 1887
1667 1909
1668 1753
1668 1997
1670 1671
1670 1684
1671 1790
1672 1901
1674 1932
1674 1984
1675 1819
1675 1880
1676 1710
1678 1705
1678 1734
1678 1955
1679 1761
1679 1865
1680 1768
1680 1822
1680 1908
1683 1873
1683 1938
1685 1769
1685 1788
1685 1964
1686 1762
1686 1948
1689 1727
1689 1846
1690 1703
1690 1819
1692 1773
1693 1713
1693 1768
1694 1859
1695 1767
1696 1796
1696 1970
1699 1959
1699 1986
1701 1788
1701 1800
1701 1839
1702 1765
1705 1816
1707 1806
1707 1807
1707 1844
1708 1726
1708 1764
1708 1871
1708 1890
1708 1975
1714 1984
1715 1726
1715 1755
1716 1898
1717 1890
1719 1924
1719 1976
1720 1978
1721 1968
1722 1846
1722 1901
1723 1789
1723 1971
1723 1984
1724 1914
1724 1950
1726 1952
1727 1970
1729 1766
1729 1767
1731 1752
1731 1756
1731 1810
1731 1933
1731 1982
1732 1817
1732 1896
1733 1773
1733 1912
1735 1955
1738 1893
1738 1915
1738 1981
1739 1832
1739 1862
1740 1830
1741 1845
1741 1970
1742 1894
1742 1975
1742 1997
1743 1987
1744 1889
1744 1891
1745 1764
1745 1830
1745 1846
1745 1860
1745 1892
1747 1766
1747 1994
1748 1917
1749 1969
1750 1995
1753 1905
1756 1821
1756 1983
1756 1988
1756 1999
1757 1794
1761 1762
1761 1766
1762 1792
1764 1921
1764 1954
1765 1934
1768 1884
1768 1979
1769 1876
1770 1795
1770 1938
1774 1787
1774 1846
1775 1899
1776 1822
1778 1784
1779 1797
1779 1841
1779 1948
1780 1996
1782 1826
1782 1828
1782 1864
1783 1891
1783 1962
1784 1808
1789 1956
1794 1856
1794 1927
1796 1925
1798 1852
1799 1812
1799 1898
1800 1938
1801 1809
1802 1846
1803 1964
1804 1884
1804 1948
1808 1904
1810 1845
1814 1954
1815 1830
1815 1858
1815 1990
1816 1926
1821 1954
1822 1834
1822 1842
1822 1858
1823 1851
1823 1958
1824 1841
1826 1851
1829 1930
1831 1872
1831 1928
1832 1960
1833 1863
1833 1911
1834 1913
1836 1881
1838 1946
1840 1850
1842 1866
1842 1885
1844 1939
1844 1973
1845 1853
1846 1961
1850 1879
1857 1975
1862 1993
1868 1977
1871 1991
1874 1954
1874 1992
1875 1933
1876 1881
1876 1999
1878 1878
1890 1950
1893 1930
1894 1987
1895 1935
1896 1902
1903 1942
1904 1972
1912 1923
1914 1925
1916 1948
1918 1924
1919 1946
1919 1963
1925 1949
1930 1973
1931 1943
1937 1964
1937 1992
1937 1995
1941 1997
1956 1971
1958 1983
1963 1964
1994 1994
