2000
0 100
0 129
0 416
0 675
0 724
0 733
0 791
0 1151
0 1619
0 1936
1 82
2 850
2 1006
2 1053
2 1107
2 1823
2 1892
3 322
3 1177
3 1265
3 1936
4 71
4 89
4 332
4 538
4 895
4 933
4 988
4 1687
4 1799
4 1952
5 1049
5 1058
5 1093
5 1150
5 1523
6 218
6 375
6 771
6 928
6 1577
6 1937
6 1954
7 51
7 246
7 307
7 877
7 1135
7 1164
7 1208
7 1329
7 1442
8 92
8 273
8 773
8 807
8 1384
8 1430
8 1645
8 1666
8 1765
9 192
9 583
9 781
9 845
9 1056
9 1105
9 1318
9 1504
9 1545
9 1902
9 1928
10 352
10 463
10 1202
10 1207
10 1222
10 1894
10 1999
11 183
11 294
11 712
11 746
11 899
11 1100
12 217
12 545
12 1191
12 1638
12 1874
13 124
13 350
13 370
13 784
13 897
13 910
13 1273
13 1536
13 1708
13 1909
14 1280
14 1696
14 1734
15 269
15 616
15 916
15 1255
15 1854
16 1114
16 1531
16 1641
17 854
17 1132
17 1766
17 1912
17 1925
18 334
18 608
18 1660
18 1664
18 1843
19 889
19 1098
20 245
20 580
20 664
20 949
20 1120
20 1367
20 1863
20 1871
21 120
21 378
21 1014
21 1432
21 1790
22 112
22 305
22 1383
22 1772
22 1924
23 28
23 122
23 274
23 392
23 1062
23 1441
24 60
24 108
24 444
24 1060
24 1093
24 1486
25 130
25 1363
25 1700
25 1876
26 301
26 783
27 346
27 589
27 663
27 695
27 1403
27 1486
27 1917
28 699
28 873
28 1241
28 1515
28 1659
28 1930
29 1018
29 1382
29 1748
29 1878
30 268
30 835
30 1348
30 1524
31 714
31 1451
32 280
32 698
32 817
32 856
32 1102
32 1230
32 1819
32 1984
33 189
33 249
33 526
33 558
33 577
33 805
33 847
33 1225
33 1362
33 1415
34 754
34 1364
34 1488
34 1798
35 54
35 470
35 646
35 1547
36 135
36 698
36 739
37 111
37 481
37 752
37 775
37 853
37 1094
37 1224
37 1506
37 1791
38 261
38 293
38 573
38 1255
39 251
39 814
39 853
39 994
39 1556
40 237
40 355
40 514
40 531
40 810
40 826
40 1011
40 1304
41 191
41 460
41 569
41 674
41 792
41 929
41 1134
41 1725
42 425
42 857
42 1269
43 536
43 951
43 991
43 1572
43 1933
44 313
45 374
45 738
45 952
45 1020
45 1790
46 354
46 959
46 1488
47 475
47 1869
47 1889
48 293
48 1342
48 1346
48 1819
48 1824
48 1883
48 1960
49 213
49 1027
49 1198
49 1830
50 931
50 1465
50 1484
50 1634
51 382
51 896
51 1325
51 1395
51 1728
51 1759
51 1775
52 219
52 220
52 307
52 474
52 945
52 1177
52 1181
52 1399
52 1448
52 1502
52 1989
53 458
53 909
53 913
53 1132
53 1261
53 1348
53 1838
54 410
54 1835
54 1965
55 825
55 871
55 1113
55 1730
55 1950
57 73
57 196
57 248
57 476
57 630
57 721
57 967
57 1005
57 1786
58 650
58 1019
58 1456
58 1495
58 1876
58 1927
59 853
59 1348
59 1428
59 1469
59 1673
60 76
60 231
60 563
60 619
60 621
60 1139
60 1402
60 1500
60 1893
61 1270
61 1587
62 550
62 1075
62 1304
63 413
63 1131
63 1168
63 1485
64 324
64 406
64 413
64 623
64 920
65 75
65 184
65 260
65 1743
66 206
66 660
66 875
66 1084
66 1220
66 1489
66 1686
67 373
67 801
67 1794
67 1917
68 270
68 617
68 1507
68 1539
69 217
69 487
69 514
69 668
69 950
69 1346
70 846
70 1096
70 1300
71 432
71 832
71 951
71 1036
71 1390
72 253
72 395
72 859
72 942
72 1459
72 1544
72 1648
73 118
73 260
73 325
73 330
73 908
74 563
74 598
74 651
74 727
74 1595
75 126
75 148
75 207
75 285
75 349
75 1010
75 1092
75 1303
75 1779
75 1809
76 973
76 1383
76 1423
76 1822
77 797
77 915
77 1414
78 193
78 911
78 1108
78 1765
79 1402
79 1626
79 1876
80 394
80 459
80 1012
80 1097
80 1263
80 1540
80 1825
81 129
81 382
81 437
81 1427
81 1905
82 412
82 925
82 1189
82 1856
82 1889
83 127
83 154
83 213
83 450
83 577
83 656
83 1287
83 1311
83 1366
83 1471
83 1517
84 276
84 891
84 1248
84 1439
85 248
85 844
85 854
85 1716
85 1771
86 149
86 496
86 639
86 654
86 783
86 1065
87 97
87 108
87 174
87 459
87 629
87 637
87 1743
87 1765
87 1859
88 541
88 698
88 1161
88 1938
89 168
89 499
89 1037
89 1071
89 1305
89 1424
89 1436
89 1675
89 1677
90 818
90 896
90 922
90 954
90 983
90 1409
90 1976
91 843
91 895
91 1104
91 1505
91 1561
91 1623
92 1167
92 1284
92 1538
92 1564
92 1858
93 93
93 289
93 324
93 1035
93 1797
93 1899
94 166
94 1235
94 1546
94 1641
94 1716
95 993
95 1313
95 1499
95 1716
96 475
96 479
96 859
96 1249
96 1270
96 1285
96 1642
96 1787
97 277
97 282
97 375
97 450
97 646
97 852
97 961
97 1361
97 1492
97 1743
97 1799
97 1801
98 574
98 763
98 1201
98 1696
99 313
99 698
99 870
99 1413
99 1816
100 127
100 195
100 437
100 554
100 695
100 1034
100 1499
100 1655
101 397
101 562
101 1442
101 1611
101 1820
102 301
102 667
102 1351
102 1643
103 156
103 259
103 434
103 942
103 1405
103 1562
103 1735
103 1760
103 1780
104 195
104 270
104 1449
105 498
105 621
105 718
105 865
105 1200
106 168
106 467
106 765
106 1123
107 204
107 475
107 964
107 985
107 1391
108 403
108 570
108 983
108 1156
108 1225
108 1659
108 1674
108 1857
109 192
109 224
109 266
109 368
109 649
109 817
110 870
110 956
110 1451
110 1482
110 1754
110 1869
111 242
111 291
111 557
111 799
111 1051
111 1067
111 1601
111 1661
111 1936
112 148
112 289
112 434
112 992
112 1192
112 1257
112 1377
113 1808
114 129
114 791
114 927
114 1596
115 130
115 500
115 649
115 862
115 1362
115 1997
116 232
116 578
116 592
116 1460
116 1696
116 1801
117 150
117 1455
117 1635
118 187
118 380
118 423
118 783
118 990
118 1017
119 243
119 489
119 557
119 1781
120 239
120 793
120 853
120 1200
120 1284
121 293
121 301
121 347
121 1142
121 1178
121 1322
121 1356
121 1400
121 1427
122 323
122 798
123 191
123 555
123 1125
123 1311
123 1564
124 346
124 435
124 542
124 692
124 907
124 1343
124 1538
125 299
125 556
125 642
125 656
125 768
125 1024
125 1453
126 701
126 914
126 1367
126 1706
126 1992
127 141
127 657
127 1180
127 1873
128 333
128 654
128 817
128 1581
129 482
129 748
129 903
129 1166
129 1259
129 1451
129 1596
129 1687
129 1696
129 1906
130 260
130 590
130 668
130 1155
130 1398
130 1399
131 611
131 801
131 970
131 1061
131 1969
132 452
132 453
133 479
133 779
133 1443
133 1513
133 1530
133 1896
134 266
134 759
134 907
134 1695
134 1888
135 212
135 887
135 1106
135 1117
135 1274
135 1449
135 1935
136 379
136 832
136 882
136 1231
136 1697
136 1757
136 1787
137 252
137 547
137 910
137 1642
137 1734
137 1758
138 615
138 866
138 1812
138 1968
139 356
139 519
139 922
139 1334
139 1421
139 1650
139 1882
140 222
140 450
140 461
140 712
140 1211
141 160
141 329
141 335
141 824
141 928
141 1859
141 1918
142 297
142 343
142 500
142 1351
142 1564
142 1669
142 1689
142 1740
143 342
143 429
143 578
143 790
143 988
143 1639
143 1674
143 1972
144 569
144 959
144 1109
144 1613
145 406
145 730
145 824
145 1224
145 1717
145 1814
146 864
146 1148
147 148
147 627
148 983
148 1734
148 1809
148 1926
149 276
149 424
149 1007
149 1446
149 1810
150 269
150 274
150 342
150 430
150 857
150 1040
150 1236
150 1765
150 1817
151 272
151 587
152 404
152 1002
152 1326
152 1779
152 1863
152 1905
152 1940
153 162
153 646
153 744
153 1091
153 1576
154 326
154 388
154 1296
154 1519
154 1740
155 996
155 1102
155 1188
155 1237
155 1356
156 370
156 572
156 1021
156 1401
156 1440
157 1196
157 1737
158 306
158 1568
159 312
159 567
159 1160
159 1367
159 1622
159 1624
159 1652
159 1655
159 1658
159 1944
160 173
160 522
160 615
160 878
160 1735
160 1757
161 417
161 510
161 526
161 838
161 1167
162 880
162 894
162 1540
162 1807
163 282
163 888
163 1182
163 1612
164 181
164 276
164 773
164 975
164 1019
164 1291
164 1314
164 1408
164 1598
164 1645
165 269
165 327
165 383
165 498
165 738
165 1007
165 1767
165 1890
166 1595
166 1717
167 591
167 612
167 812
167 873
167 1477
167 1857
167 1936
168 168
168 229
168 575
168 643
168 942
168 947
168 1002
168 1046
168 1765
169 214
169 449
169 783
169 927
169 1236
170 632
170 984
170 1062
170 1418
170 1611
170 1624
171 1014
171 1346
171 1486
171 1642
171 1968
172 175
172 1490
172 1940
173 524
173 543
173 756
173 1282
173 1309
173 1513
174 335
174 585
174 671
174 1142
175 476
175 572
175 1195
175 1227
175 1248
175 1716
175 1774
176 772
176 891
176 912
176 1243
176 1275
176 1367
177 344
177 665
177 808
177 1067
177 1138
177 1338
177 1555
178 804
178 972
178 1677
179 316
179 941
179 1544
179 1694
180 656
180 676
180 1095
180 1333
180 1504
180 1826
181 709
181 790
181 824
181 1218
181 1721
182 464
182 552
182 1658
183 542
183 556
183 1109
183 1550
184 1166
184 1384
184 1799
185 314
185 398
185 1298
185 1355
185 1508
185 1528
185 1659
186 442
186 555
186 1146
186 1302
186 1453
186 1494
186 1921
187 245
187 264
187 590
187 640
187 1375
187 1919
188 248
188 779
188 985
188 1150
188 1230
188 1303
188 1358
189 321
189 919
189 1084
189 1161
189 1860
190 475
190 527
190 657
190 1087
190 1334
190 1475
190 1520
191 289
191 662
191 1376
192 233
192 530
192 566
193 215
193 459
193 751
193 1088
193 1154
193 1850
194 593
194 790
194 871
194 1330
194 1344
194 1505
194 1630
195 704
195 1195
195 1504
196 522
196 550
196 768
196 770
196 885
196 1030
196 1334
197 758
197 975
197 1060
197 1383
198 908
198 1107
199 432
199 469
199 916
199 1044
199 1045
199 1694
199 1785
200 473
200 1361
200 1649
200 1660
200 1708
200 1729
200 1773
200 1885
200 1976
201 320
201 382
201 409
201 428
201 648
201 694
201 1274
201 1459
202 753
202 787
202 946
202 1192
202 1995
203 617
203 639
203 643
203 1157
203 1174
203 1595
204 371
204 746
204 784
204 1316
204 1618
204 1622
204 1643
204 1779
204 1849
205 641
205 667
205 707
205 1317
205 1521
205 1745
206 517
207 906
207 1093
208 469
208 851
208 1019
208 1638
208 1819
208 1998
209 461
209 696
209 1186
209 1430
209 1482
209 1509
209 1691
209 1981
210 545
210 1253
210 1419
211 251
211 319
211 750
211 1651
211 1686
211 1760
211 1803
212 474
212 1318
212 1569
213 928
213 995
213 1361
213 1446
213 1644
214 405
214 767
214 769
214 837
214 850
214 896
214 988
214 1658
214 1983
215 1383
215 1649
216 406
216 455
216 821
216 1460
217 372
217 539
217 1278
217 1440
217 1484
217 1527
217 1762
218 228
218 1250
218 1271
218 1341
218 1865
218 1880
219 412
219 889
219 1095
219 1249
219 1297
219 1403
219 1703
219 1725
220 221
220 354
220 609
220 1391
220 1659
221 884
221 1064
222 983
222 1674
222 1979
222 1999
223 352
223 1815
224 411
224 477
224 909
224 1206
224 1674
224 1738
225 475
225 509
225 1040
225 1855
226 244
226 463
226 582
226 627
226 691
226 800
226 883
226 978
226 1006
226 1009
226 1049
226 1290
227 872
227 1350
227 1527
227 1883
227 1951
227 1975
228 232
228 306
228 526
228 583
228 674
228 712
228 1115
228 1606
229 488
229 552
229 637
229 722
229 1595
229 1900
230 544
230 701
230 704
230 714
230 1640
230 1898
231 470
231 589
232 252
232 906
232 917
232 1011
232 1158
232 1486
232 1532
233 741
233 769
233 772
233 1290
233 1526
233 1661
233 1731
234 797
234 985
234 1159
235 1054
235 1313
236 1035
236 1108
236 1298
237 788
237 842
237 1323
237 1770
238 618
238 622
238 682
238 1282
238 1593
239 798
239 814
239 888
239 978
239 1159
239 1985
240 255
240 393
240 741
240 766
240 903
240 1110
240 1657
240 1666
241 542
241 1370
241 1483
241 1743
242 259
242 712
242 748
242 1034
242 1433
242 1524
242 1638
242 1747
243 432
243 744
243 827
243 890
243 998
243 1059
243 1567
244 431
244 514
244 1021
244 1681
244 1870
245 801
245 863
245 973
245 994
245 1164
246 1008
246 1346
246 1682
247 315
247 379
247 1107
247 1976
248 327
248 478
248 789
248 955
248 1659
249 1089
249 1118
249 1553
250 508
250 1014
250 1471
250 1548
250 1798
251 372
251 516
251 713
251 1074
251 1222
251 1362
252 254
252 575
252 1546
252 1835
253 1055
253 1076
253 1081
253 1502
253 1877
254 465
254 940
254 1142
254 1244
254 1598
255 844
255 1059
255 1313
255 1458
255 1517
255 1927
256 289
256 311
256 663
256 973
256 996
256 1128
256 1629
256 1938
257 574
257 876
257 1264
257 1435
257 1596
258 262
258 830
258 1127
258 1129
258 1248
258 1591
259 262
259 376
259 423
259 1571
259 1700
259 1845
260 409
260 649
260 1213
260 1472
260 1519
261 831
261 1408
261 1538
261 1712
262 476
262 1031
262 1151
263 695
263 1053
263 1167
263 1783
263 1997
264 501
264 585
264 783
264 1501
264 1599
265 302
265 479
265 1186
265 1802
266 678
266 1826
267 457
267 567
267 817
267 1072
267 1365
267 1436
267 1570
267 1922
268 794
268 1703
268 1803
268 1905
268 1919
269 623
269 750
269 814
269 1062
269 1244
269 1647
270 702
270 1730
270 1803
271 642
271 985
271 1644
271 1972
272 369
272 737
272 795
272 1462
273 339
273 391
273 674
273 736
273 801
273 871
273 944
273 1198
273 1236
273 1487
273 1877
274 398
274 553
274 642
274 881
274 998
274 1234
274 1800
275 383
275 444
275 462
275 829
275 846
275 958
275 1101
275 1760
275 1792
276 400
276 813
276 1169
276 1461
276 1980
277 410
277 887
277 929
277 1932
278 1324
278 1499
278 1828
279 1639
279 1643
279 1912
280 1247
280 1984
281 574
281 1733
282 465
282 620
283 763
283 1425
283 1616
283 1787
284 902
284 1043
284 1758
284 1978
285 508
285 607
285 768
285 1158
285 1173
285 1244
285 1516
285 1859
286 1462
286 1874
287 772
287 1016
287 1200
287 1347
287 1539
287 1785
287 1866
287 1958
288 1461
288 1553
288 1905
289 577
289 1155
289 1156
289 1320
289 1972
290 1502
290 1756
290 1967
291 480
291 620
291 1445
292 645
292 1138
292 1603
292 1851
293 531
293 755
293 772
293 1151
293 1244
293 1445
293 1475
293 1929
294 455
294 846
294 1231
294 1996
295 770
295 1006
295 1812
295 1986
296 641
296 963
296 1006
297 698
297 839
298 605
298 1002
298 1230
298 1504
298 1920
299 681
299 810
299 978
299 1084
299 1301
300 990
301 396
301 649
301 860
301 861
301 1062
302 1258
302 1271
303 330
303 640
303 714
303 776
303 1033
303 1362
303 1435
303 1766
303 1919
304 636
304 997
304 1141
304 1495
304 1804
305 929
305 977
305 1206
305 1639
305 1648
305 1939
306 400
306 1967
307 610
307 624
307 706
307 763
307 779
307 953
307 981
307 1020
307 1058
307 1144
307 1148
307 1625
307 1697
307 1849
307 1912
307 1982
307 1983
308 481
308 598
308 685
308 994
308 1061
308 1185
308 1288
308 1910
309 788
309 881
309 1071
309 1284
309 1873
310 541
310 822
310 831
310 1219
310 1638
311 1093
311 1295
312 811
313 939
313 1027
313 1110
313 1134
313 1216
314 415
314 1062
314 1264
314 1329
315 394
315 441
316 1618
316 1789
317 349
317 567
317 636
317 1037
317 1714
317 1763
318 416
318 459
318 1489
319 735
319 863
319 873
319 1790
320 348
320 645
320 1410
320 1467
320 1622
320 1653
320 1665
320 1700
321 731
321 809
321 1745
321 1758
322 816
322 1013
322 1089
322 1323
322 1336
322 1601
322 1627
322 1865
323 922
323 1084
324 774
324 1117
324 1878
325 1353
325 1852
326 649
326 1154
326 1170
326 1294
326 1977
327 539
327 791
327 1059
327 1331
328 1306
328 1335
328 1403
328 1726
328 1803
329 551
329 813
329 1044
329 1158
329 1923
330 584
330 695
330 906
330 1338
330 1399
330 1633
331 342
331 1064
331 1237
331 1255
331 1395
331 1633
331 1745
332 901
332 1427
332 1435
332 1507
333 1348
333 1759
334 514
334 838
334 976
334 1196
334 1396
334 1438
334 1458
334 1519
335 335
335 437
335 511
335 691
335 1046
335 1118
335 1269
335 1758
335 1848
336 468
336 958
336 1427
336 1536
336 1723
336 1737
336 1741
337 470
337 1402
337 1425
338 380
338 385
338 452
338 554
338 1016
338 1576
338 1677
338 1941
338 1965
339 378
339 439
339 732
339 992
339 1267
339 1329
339 1566
339 1906
340 980
340 1115
340 1161
340 1338
340 1502
340 1607
341 1380
341 1709
342 376
342 438
342 1028
342 1170
342 1789
343 392
343 741
343 948
343 1448
343 1496
343 1550
343 1863
343 1957
344 403
344 760
344 1440
344 1734
345 749
345 1235
345 1414
345 1420
345 1816
345 1856
346 659
346 1427
346 1506
347 533
347 673
347 731
347 1819
347 1933
348 1000
348 1931
349 705
349 1755
349 1760
350 526
350 815
350 926
350 1162
350 1604
351 645
351 652
351 678
351 871
351 1078
351 1488
352 558
352 578
352 650
352 1372
352 1805
353 1373
353 1518
353 1563
353 1959
354 366
354 442
354 756
354 1256
354 1460
354 1988
355 535
355 1907
355 1916
355 1997
356 702
356 1047
356 1229
356 1820
357 1054
357 1286
357 1515
357 1888
359 706
359 1237
359 1459
359 1693
359 1778
359 1801
360 1964
360 1989
361 540
361 718
361 1596
362 375
362 699
362 1146
362 1368
362 1525
363 572
363 824
363 991
363 1030
363 1099
363 1500
363 1657
363 1933
364 455
364 471
364 1028
364 1075
364 1170
364 1464
364 1642
365 1077
365 1640
365 1700
366 415
366 573
366 665
367 596
367 1828
368 1410
368 1841
368 1884
369 512
369 1012
369 1065
369 1207
369 1231
369 1605
369 1828
370 694
370 744
370 851
370 872
370 1027
370 1035
370 1431
370 1755
370 1936
371 990
371 1053
371 1299
371 1424
371 1533
371 1559
372 1081
372 1377
373 1718
374 755
374 920
374 1355
374 1537
375 450
375 519
375 853
375 997
376 723
376 813
376 835
376 948
376 1194
376 1818
376 1911
376 1943
377 398
377 1060
377 1835
378 718
378 1071
378 1345
378 1871
380 483
380 701
380 824
380 1327
380 1545
380 1781
380 1832
380 1885
381 421
381 1083
381 1236
381 1414
381 1914
382 438
382 447
382 561
382 757
382 809
382 937
382 1140
382 1434
383 826
383 1324
383 1453
383 1890
384 415
384 1567
384 1724
384 1880
385 447
385 763
385 1015
385 1097
386 988
386 993
386 1816
387 759
387 844
387 1645
388 581
388 603
388 870
388 1039
388 1101
388 1396
388 1691
389 405
389 1027
389 1429
389 1915
390 503
390 589
390 686
390 878
390 960
390 962
390 1324
390 1496
390 1665
391 420
391 479
391 930
391 1434
391 1645
392 889
392 1035
392 1095
393 824
393 952
393 1525
393 1760
394 983
394 1128
394 1310
394 1420
394 1745
395 443
395 693
395 828
395 1198
395 1243
395 1483
396 592
396 692
396 893
396 1280
396 1431
396 1470
396 1808
396 1832
396 1941
397 413
397 464
397 587
397 1287
397 1449
397 1498
397 1592
397 1649
397 1902
398 988
398 1759
399 1045
399 1745
399 1914
400 504
400 577
400 705
400 874
400 1210
401 451
401 718
401 1840
401 1856
401 1886
402 609
402 884
402 1193
402 1656
402 1758
403 1924
404 774
404 1238
404 1242
404 1298
404 1469
404 1514
404 1559
404 1953
404 1966
405 584
405 1169
405 1401
405 1629
405 1816
406 840
406 1229
406 1396
406 1756
407 427
407 635
407 1670
407 1754
407 1802
408 1069
408 1122
408 1392
408 1410
408 1452
408 1482
408 1618
409 847
409 1197
409 1925
410 597
410 1844
411 536
411 1012
411 1169
411 1182
411 1533
411 1731
412 450
412 486
412 1463
413 1059
413 1235
413 1370
413 1599
413 1634
413 1782
413 1962
414 541
414 1423
414 1479
415 449
415 544
415 1198
415 1291
416 635
416 962
416 1701
417 1211
417 1597
418 497
418 1390
419 704
419 901
419 931
419 997
419 1657
419 1675
419 1833
420 502
420 551
420 605
420 1262
420 1328
420 1936
421 886
421 1023
422 455
422 686
422 1425
422 1957
423 494
424 511
424 563
424 1597
424 1660
424 1793
425 474
425 968
425 1752
426 605
426 628
426 880
426 1966
427 467
427 720
427 853
427 861
427 1130
428 889
428 1500
429 623
429 749
429 1576
431 1033
432 660
432 1691
432 1741
432 1857
433 682
433 1090
433 1763
433 1899
434 1535
434 1652
434 1845
434 1980
435 534
436 847
436 1483
437 1915
438 1124
438 1707
439 452
439 1049
440 1630
440 1779
440 1789
441 468
441 739
441 1104
441 1139
441 1192
441 1342
441 1678
441 1843
442 768
442 1584
442 1961
443 813
444 461
444 1868
445 695
445 915
445 1050
445 1290
445 1969
446 541
447 779
447 1001
447 1763
447 1847
448 676
448 1060
449 705
449 765
449 1063
449 1193
449 1289
449 1584
449 1812
449 1828
450 614
450 632
450 704
450 947
450 1454
450 1651
450 1680
451 633
451 1092
451 1846
452 570
452 965
452 1277
452 1341
452 1502
452 1591
452 1819
453 713
453 939
454 840
454 851
454 883
455 602
455 908
456 678
456 1032
456 1359
456 1378
456 1411
456 1454
457 562
457 1832
458 575
458 913
458 1061
458 1181
458 1724
458 1736
458 1793
459 578
459 1192
459 1250
459 1350
459 1781
459 1790
460 549
460 778
460 1174
460 1581
461 803
461 912
461 1662
461 1820
461 1954
462 723
462 1158
462 1383
463 495
463 1850
464 568
464 782
464 1230
464 1291
464 1318
464 1432
464 1783
465 595
465 1154
465 1493
466 511
466 1047
466 1160
466 1543
466 1794
467 756
467 1430
467 1992
468 741
468 887
468 995
468 1166
469 559
469 1599
469 1744
469 1920
470 1367
471 615
471 1372
472 643
472 712
472 1234
472 1368
472 1855
473 576
473 621
473 751
473 1500
473 1674
473 1771
473 1808
474 912
474 980
474 1096
474 1166
474 1375
474 1663
474 1839
474 1955
475 1292
475 1398
476 620
476 843
476 1476
476 1739
476 1927
477 1072
477 1459
477 1706
477 1839
477 1896
478 1533
478 1677
479 1001
479 1386
479 1895
480 483
480 515
480 612
480 657
480 667
480 1141
480 1186
480 1344
480 1366
480 1488
480 1762
480 1967
481 506
481 933
481 968
481 1014
481 1207
482 609
482 1365
482 1508
482 1757
482 1906
483 556
483 746
483 794
483 972
483 1415
483 1727
483 1992
484 533
484 689
484 750
484 1399
484 1909
484 1921
485 513
485 783
485 1252
486 629
486 765
486 1001
486 1579
487 789
487 1210
487 1267
487 1523
488 642
488 1849
489 489
489 573
489 1229
489 1234
489 1252
489 1815
489 1934
490 1222
490 1590
491 908
491 934
491 1221
491 1312
492 856
492 876
492 879
492 1288
493 647
493 670
493 1017
493 1123
493 1257
493 1418
493 1941
494 1286
494 1819
495 1092
495 1156
495 1254
495 1797
495 1858
496 890
496 1063
496 1223
496 1980
497 606
497 1146
497 1533
497 1639
498 517
498 665
498 826
498 1082
498 1289
498 1792
499 552
499 822
499 837
499 1022
499 1116
499 1513
499 1865
500 610
500 737
500 1815
500 1978
501 1307
501 1353
502 836
502 1152
502 1427
502 1831
503 1341
503 1447
503 1673
503 1742
504 689
505 1629
505 1763
505 1880
506 715
506 867
506 1322
506 1692
506 1754
506 1938
507 596
507 630
507 632
507 1168
507 1638
508 567
508 949
508 1897
509 776
509 1906
509 1981
510 816
510 938
511 1003
511 1370
511 1531
511 1542
512 792
512 1772
512 1921
513 1046
513 1326
513 1343
513 1412
513 1423
513 1478
513 1943
514 1030
514 1397
515 883
515 909
515 1343
515 1587
516 865
516 952
516 1380
516 1676
516 1915
517 1468
517 1622
518 1517
518 1880
519 737
519 765
519 768
519 1142
519 1266
519 1800
520 626
520 789
520 1087
520 1587
520 1591
520 1668
520 1903
520 1971
521 809
521 1690
521 1960
522 693
522 1001
522 1268
522 1294
522 1736
523 1089
523 1116
523 1249
524 728
524 829
524 1062
524 1312
524 1509
524 1555
524 1932
524 1945
525 621
525 920
525 1122
525 1144
525 1309
525 1520
526 887
526 1099
526 1155
526 1491
526 1668
527 1654
527 1760
528 623
528 856
528 1080
528 1249
528 1416
529 767
529 957
529 1302
529 1410
529 1589
530 648
530 674
530 755
530 799
530 1409
530 1537
530 1810
530 1982
531 532
531 652
531 852
531 1618
532 701
532 1693
532 1832
533 768
534 607
534 735
534 1096
534 1319
534 1439
534 1991
535 927
535 1182
536 603
536 818
536 990
536 1059
537 930
537 1082
537 1304
537 1387
537 1816
538 1033
538 1230
538 1252
538 1260
538 1487
538 1784
538 1838
539 731
539 884
539 1347
539 1648
539 1765
540 1035
540 1377
540 1520
540 1985
541 609
541 804
541 961
541 1748
542 546
542 1661
542 1846
542 1887
542 1897
542 1947
543 770
543 1204
543 1301
543 1331
543 1870
544 682
544 1356
544 1632
544 1903
545 1023
545 1426
545 1608
545 1714
545 1814
546 1305
546 1477
546 1532
546 1711
547 563
547 922
547 968
547 1425
547 1562
548 773
548 1852
548 1943
549 1114
549 1319
550 681
550 713
550 1172
550 1274
550 1549
550 1558
550 1942
550 1955
551 1383
552 663
552 720
552 748
552 751
552 1244
552 1393
552 1466
552 1631
553 607
553 663
553 1156
553 1496
553 1693
553 1811
553 1875
553 1985
554 949
554 951
554 1261
554 1333
554 1598
554 1747
554 1766
555 694
555 1323
555 1550
556 571
556 601
556 709
556 897
556 1018
556 1156
556 1220
556 1442
556 1721
556 1790
556 1817
556 1972
557 819
557 844
557 1684
557 1760
557 1766
557 1779
557 1805
557 1930
558 766
558 895
558 1340
558 1392
558 1560
558 1705
558 1720
558 1796
558 1833
558 1834
558 1919
559 1259
559 1443
559 1560
559 1914
560 586
560 677
560 921
560 1584
560 1999
561 1468
561 1581
561 1630
561 1817
562 1773
562 1795
563 715
563 1212
563 1517
564 766
564 1112
564 1263
564 1962
565 625
565 810
565 1117
565 1836
566 1070
566 1905
567 584
567 898
567 1594
568 614
568 658
568 1165
568 1713
569 585
569 688
569 920
570 1073
570 1575
570 1704
570 1981
571 1008
572 593
572 1036
572 1198
573 855
573 995
573 997
573 1063
573 1936
574 1497
574 1601
575 853
575 1211
575 1893
577 850
577 1038
577 1445
577 1542
577 1720
577 1807
578 734
578 825
578 1134
578 1195
578 1743
578 1969
579 889
579 962
579 1283
579 1693
579 1791
579 1974
580 974
580 1403
581 608
581 680
581 738
581 1725
582 766
582 1174
582 1274
582 1288
583 844
583 909
583 1057
583 1082
583 1720
584 654
584 1055
584 1418
584 1535
584 1601
584 1602
584 1640
585 844
585 994
585 1074
585 1182
585 1273
585 1381
585 1464
585 1670
585 1699
586 729
586 1275
586 1886
587 874
587 1467
587 1516
587 1602
587 1970
588 1104
588 1655
589 1768
589 1937
590 1000
590 1001
590 1229
590 1399
590 1586
591 909
591 1607
591 1700
591 1931
592 668
592 989
592 1104
592 1293
592 1378
592 1430
592 1546
592 1808
592 1915
593 817
594 839
594 859
594 994
594 1174
594 1787
594 1828
595 812
595 1188
595 1498
595 1803
596 1121
596 1301
596 1429
596 1735
596 1757
597 714
597 775
597 956
597 1132
597 1348
597 1652
597 1657
598 1142
598 1222
598 1425
598 1465
598 1572
598 1654
598 1817
598 1839
598 1864
599 1662
599 1766
599 1985
599 1998
600 744
601 841
601 981
601 1393
601 1668
601 1941
602 688
602 729
602 928
602 1164
602 1272
602 1669
603 951
603 1918
604 1255
604 1810
605 847
605 1049
605 1124
605 1489
605 1506
605 1606
606 1401
606 1794
606 1923
607 758
607 1090
607 1662
607 1897
608 708
608 868
608 1038
608 1203
608 1691
608 1934
609 835
609 1058
609 1558
610 1142
610 1755
611 827
612 1010
612 1443
612 1948
612 1987
613 1850
614 661
614 1118
614 1137
614 1285
614 1300
615 826
615 1187
615 1383
615 1452
615 1905
615 1921
616 627
616 646
616 807
616 1080
616 1101
616 1164
616 1235
616 1321
617 891
617 957
618 829
618 849
618 901
618 1004
618 1015
618 1136
618 1545
618 1949
619 792
619 1099
619 1171
619 1184
620 660
620 1266
620 1475
620 1497
620 1791
621 638
621 1463
621 1507
621 1789
621 1824
622 790
622 877
622 926
622 1036
622 1420
622 1608
622 1891
622 1967
623 908
623 1501
624 810
624 936
624 1024
624 1246
624 1706
625 1167
625 1543
625 1892
626 771
627 812
627 961
627 1877
628 1956
628 1976
629 680
629 850
630 1015
630 1093
630 1684
630 1738
630 1755
631 920
631 943
631 1032
631 1266
631 1356
631 1501
631 1713
632 1660
632 1707
633 784
633 1351
633 1643
633 1975
633 1997
634 639
634 742
634 1004
634 1324
634 1428
634 1469
634 1506
634 1955
635 1092
636 865
636 940
636 1378
636 1540
636 1567
636 1576
636 1578
636 1703
637 935
637 1276
637 1313
637 1961
638 727
638 1077
638 1118
638 1441
638 1647
639 917
639 1068
639 1126
639 1397
639 1673
639 1949
640 676
640 1152
640 1372
640 1444
640 1470
640 1513
640 1631
640 1846
641 978
641 1476
641 1755
642 786
642 1172
642 1206
642 1448
642 1525
642 1922
643 1293
643 1384
643 1553
643 1757
644 1566
644 1782
644 1993
645 814
645 1009
645 1194
645 1289
645 1344
645 1638
646 875
647 820
647 929
647 959
649 942
649 951
649 1099
649 1575
649 1882
650 799
650 862
650 1163
650 1773
651 824
651 862
651 1073
651 1077
651 1360
651 1582
651 1682
652 1445
652 1566
652 1567
652 1966
653 976
654 742
654 876
654 1000
654 1573
655 685
656 901
656 1377
656 1681
656 1727
656 1769
657 931
657 1561
657 1770
658 1416
658 1840
659 785
659 796
659 1331
659 1612
659 1930
660 890
660 1265
660 1389
661 1328
661 1684
661 1723
662 761
662 1261
662 1394
662 1794
663 770
663 785
663 1060
663 1066
663 1466
663 1474
663 1520
664 917
664 1676
664 1877
665 1122
665 1139
665 1661
665 1733
665 1819
666 1343
666 1701
666 1891
667 679
667 820
667 1662
667 1940
668 748
668 1473
668 1956
669 967
669 1174
669 1418
669 1526
669 1887
669 1903
670 842
670 1202
670 1313
670 1798
670 1854
670 1911
671 704
671 729
671 771
671 888
671 1187
672 1068
672 1808
672 1840
672 1900
673 1317
673 1855
673 1861
674 785
674 1113
675 1267
675 1382
675 1915
675 1996
676 731
676 1289
676 1708
676 1757
676 1942
676 1974
677 981
677 1360
677 1591
677 1797
677 1922
678 846
678 938
678 1320
678 1525
678 1716
679 1044
679 1062
679 1127
679 1863
679 1892
680 864
680 1877
681 852
681 1389
681 1471
681 1795
681 1883
682 1121
682 1205
682 1680
683 1425
683 1637
683 1754
683 1927
684 888
685 1228
685 1246
685 1911
685 1958
686 723
686 924
686 1340
686 1578
687 731
687 1054
687 1230
687 1542
687 1550
687 1563
688 801
688 1198
688 1309
688 1842
689 802
689 1421
689 1764
690 1478
690 1598
690 1999
691 778
691 1172
691 1263
691 1401
691 1507
692 1483
692 1531
693 897
693 941
693 1166
693 1385
694 1076
694 1648
694 1903
695 890
695 1285
695 1379
695 1405
695 1438
695 1763
696 1221
697 719
697 889
697 1237
697 1608
698 1843
698 1912
699 861
700 754
700 814
700 882
700 1136
700 1752
702 744
702 836
702 1961
703 756
703 1000
703 1349
703 1469
703 1759
703 1908
704 971
704 1045
704 1075
704 1594
704 1598
705 1016
705 1049
705 1336
705 1841
706 853
706 959
706 1429
706 1780
707 1677
707 1735
707 1967
708 1222
708 1339
708 1716
708 1880
709 1123
709 1150
709 1395
710 772
710 1056
710 1500
710 1699
710 1897
711 956
711 1054
711 1542
711 1897
711 1909
712 907
712 1538
713 924
713 1185
713 1227
713 1751
714 835
714 1281
714 1967
715 745
715 902
715 1125
716 822
716 838
716 1031
716 1480
717 1154
717 1176
717 1455
718 792
718 1042
718 1113
718 1755
718 1861
719 829
719 1138
719 1732
720 947
720 969
720 1973
720 1994
721 975
721 1103
721 1520
722 1078
723 750
723 1365
723 1545
724 915
724 1188
724 1468
725 955
726 937
726 1011
726 1629
727 1267
727 1290
727 1303
727 1385
728 1235
728 1887
729 777
729 863
729 915
729 1449
729 1893
730 979
730 1538
730 1752
731 868
731 1553
731 1616
732 1018
732 1565
733 1051
733 1331
733 1498
733 1871
734 1195
734 1727
734 1732
735 1162
735 1384
735 1547
735 1630
736 1102
736 1353
736 1645
737 846
737 950
737 1546
737 1748
738 738
738 1323
739 822
739 854
739 1271
739 1514
739 1638
739 1652
739 1803
740 852
740 1318
740 1543
740 1808
741 1040
741 1725
742 1056
742 1141
743 785
743 1126
743 1470
744 991
744 1396
744 1888
745 1095
745 1684
745 1910
746 762
746 869
746 933
746 1296
746 1749
746 1969
747 1148
747 1307
747 1393
747 1675
747 1676
747 1723
748 842
748 880
748 890
748 1721
748 1733
748 1809
749 1181
749 1336
749 1409
749 1419
749 1499
749 1719
749 1819
750 1221
750 1635
751 1467
751 1535
751 1559
751 1635
751 1886
751 1923
752 1212
752 1490
752 1838
752 1887
753 1185
753 1278
753 1352
753 1515
753 1732
753 1931
754 806
754 1062
754 1201
754 1996
755 962
755 1129
755 1191
755 1836
755 1993
756 1196
756 1385
756 1504
756 1610
757 919
757 1001
757 1014
757 1441
757 1721
757 1970
758 1015
758 1787
759 882
759 1358
759 1447
759 1472
760 1001
760 1168
760 1215
760 1219
760 1418
760 1856
760 1924
761 968
761 1444
761 1981
762 1003
762 1820
762 1961
762 1977
763 1524
763 1542
763 1687
763 1788
763 1803
764 1436
764 1452
764 1872
764 1966
765 810
765 1177
765 1225
765 1242
765 1839
766 879
766 969
766 1103
766 1189
766 1671
766 1742
767 900
767 1253
767 1497
767 1602
767 1810
767 1822
767 1867
768 875
768 1143
768 1251
769 870
769 1364
769 1470
769 1888
770 1039
770 1769
770 1816
770 1960
771 970
771 1297
771 1594
771 1905
772 1089
772 1937
773 1538
773 1949
774 1158
774 1204
775 792
775 1037
775 1102
775 1399
775 1410
775 1459
776 856
776 998
776 1481
776 1656
778 1083
779 915
779 1695
779 1764
780 1039
780 1133
780 1363
780 1454
780 1834
781 1068
781 1300
781 1429
781 1543
783 1150
783 1280
783 1325
784 1333
784 1684
784 1740
784 1827
785 1974
786 1361
787 1839
788 834
788 859
788 1892
789 968
789 1710
789 1774
789 1824
790 1075
790 1241
790 1344
790 1708
791 944
791 967
791 1561
791 1956
792 867
792 1018
793 1199
793 1330
793 1393
793 1790
794 982
796 988
796 1065
796 1326
797 848
797 861
798 1050
798 1067
798 1455
798 1511
798 1534
798 1612
798 1751
798 1779
798 1940
799 1261
799 1570
799 1755
800 1668
800 1836
801 1062
801 1483
801 1620
801 1633
802 1022
802 1155
802 1573
802 1763
802 1818
803 1421
803 1841
804 990
804 1364
805 1681
805 1987
806 1013
806 1049
806 1372
806 1485
806 1556
807 1742
807 1818
808 977
808 1302
808 1330
808 1333
808 1393
808 1769
809 907
810 1327
810 1875
811 1333
811 1854
812 1625
814 976
814 995
814 1107
814 1134
814 1652
814 1898
814 1924
815 1309
815 1538
815 1635
815 1657
816 1219
817 1330
817 1428
818 993
818 1036
818 1159
818 1230
818 1239
818 1343
819 919
819 1303
819 1326
819 1417
819 1823
819 1852
820 1048
821 1633
821 1852
822 853
822 897
822 1030
822 1277
822 1373
822 1438
822 1517
822 1619
822 1693
822 1915
822 1925
823 1722
824 850
824 1259
824 1525
824 1750
825 916
825 1253
825 1263
827 1556
827 1617
827 1768
827 1843
827 1896
827 1959
828 926
828 1061
828 1198
829 1278
829 1462
829 1737
830 1007
830 1630
831 1013
831 1746
832 847
832 1015
832 1716
833 898
833 1113
833 1873
833 1916
834 988
834 1603
834 1698
834 1886
834 1900
835 1304
836 1531
836 1782
837 1813
838 982
838 1095
838 1854
839 1167
839 1185
839 1296
839 1852
839 1996
840 881
840 1134
840 1493
841 1251
841 1437
841 1615
841 1866
842 875
842 1579
843 941
843 1132
843 1148
843 1260
844 1174
844 1242
844 1293
844 1971
845 1233
846 1439
846 1555
846 1802
847 1181
847 1799
847 1878
848 893
848 1865
848 1921
849 1195
849 1523
849 1846
850 1108
850 1204
850 1477
850 1526
850 1702
850 1844
851 1235
852 1115
852 1136
852 1329
852 1613
852 1867
853 1314
853 1483
853 1975
854 953
854 1004
854 1289
854 1785
855 1449
855 1541
855 1954
856 904
856 922
856 1289
856 1580
856 1942
857 1363
857 1556
857 1569
857 1663
857 1861
857 1950
858 1238
858 1562
858 1595
858 1678
858 1785
859 909
859 1266
859 1493
859 1832
860 1078
860 1678
860 1786
860 1856
861 1117
861 1367
862 1644
862 1680
863 872
863 1636
863 1941
864 872
864 1402
865 954
865 1020
865 1054
865 1286
865 1424
866 1334
866 1600
866 1655
866 1818
866 1973
867 1251
867 1382
867 1855
868 894
868 1012
868 1660
868 1778
868 1867
869 1230
869 1474
870 1029
870 1214
870 1423
871 1315
871 1631
871 1852
871 1914
871 1989
872 1152
872 1222
873 1511
874 1371
874 1727
875 991
876 1982
877 1226
877 1433
877 1688
877 1844
878 1018
878 1274
878 1356
878 1392
878 1443
878 1754
878 1772
878 1926
878 1979
879 896
880 1073
880 1119
880 1732
881 1131
881 1346
881 1561
881 1605
881 1810
881 1977
882 1420
882 1436
883 910
883 1265
884 1002
884 1208
884 1271
884 1286
884 1783
885 1160
885 1588
886 1400
886 1637
886 1805
886 1914
886 1997
887 1027
887 1118
887 1432
887 1444
888 1156
888 1583
889 1753
889 1925
889 1962
890 1104
890 1259
890 1380
890 1693
890 1861
891 971
891 1475
891 1722
891 1764
892 1348
893 901
893 1014
893 1551
893 1856
894 1335
895 939
895 980
896 912
896 1023
896 1572
896 1612
896 1750
897 1139
897 1257
897 1298
897 1300
897 1373
897 1390
897 1916
898 958
898 1434
898 1545
898 1866
899 1844
899 1901
900 1054
900 1550
901 1066
901 1389
901 1511
902 1041
902 1115
902 1162
902 1347
902 1572
902 1623
903 1024
903 1229
903 1849
903 1853
904 1369
904 1787
905 1330
905 1469
905 1914
906 1205
906 1218
906 1663
906 1724
906 1758
907 1376
907 1791
908 1512
908 1887
908 1942
909 925
909 966
909 1077
909 1216
909 1292
909 1947
910 1511
910 1610
910 1682
911 1071
912 1500
912 1623
912 1726
912 1789
914 1034
914 1157
914 1833
915 928
915 1938
917 1041
917 1196
917 1197
917 1332
917 1714
917 1738
917 1821
917 1900
918 1374
918 1897
919 1336
920 971
920 1220
921 1196
921 1367
921 1422
921 1555
921 1855
921 1910
922 1115
922 1116
922 1574
922 1792
923 994
923 1308
923 1622
923 1685
923 1694
923 1819
924 949
924 1598
925 995
925 1206
925 1475
925 1719
925 1763
925 1964
925 1992
925 1995
926 954
926 1077
926 1123
926 1687
927 1360
927 1434
927 1629
927 1717
929 964
929 1158
929 1223
929 1434
929 1570
929 1994
930 1015
930 1370
930 1892
930 1901
930 1985
931 1188
931 1390
931 1472
931 1595
931 1625
933 1488
933 1600
934 1036
934 1091
934 1548
935 1065
935 1564
935 1785
936 1474
936 1523
937 1261
938 947
938 1623
938 1757
938 1838
938 1901
938 1938
939 1308
939 1409
939 1612
940 1318
940 1390
940 1731
940 1784
940 1867
941 1105
941 1423
941 1740
941 1852
941 1866
942 1324
942 1710
942 1850
943 1118
944 1683
945 1140
946 1468
946 1562
946 1682
946 1873
947 972
947 1065
947 1428
947 1771
948 1744
948 1889
949 1006
949 1025
949 1307
949 1468
949 1604
949 1651
949 1660
949 1736
950 1081
950 1480
950 1534
950 1772
950 1811
951 1079
952 1171
952 1626
952 1830
953 1400
953 1424
954 1477
954 1765
955 956
956 1392
956 1784
957 1001
957 1472
957 1629
957 1685
958 1058
958 1783
958 1824
959 1076
959 1259
959 1639
959 1735
959 1808
959 1820
959 1979
960 1444
960 1708
960 1781
961 1953
962 1237
962 1242
962 1470
963 1208
963 1958
964 1028
964 1358
964 1514
964 1936
965 1108
965 1718
965 1738
966 1806
967 996
967 1392
967 1489
967 1535
967 1769
968 1985
969 1083
969 1572
969 1870
970 1148
971 1296
971 1862
971 1915
972 1013
972 1146
972 1156
972 1185
972 1326
972 1626
973 1270
973 1400
973 1668
974 1416
974 1662
975 1466
975 1569
975 1588
975 1607
976 1297
976 1526
977 1787
978 1340
978 1362
978 1592
979 1131
979 1269
979 1961
980 1028
980 1380
981 1179
981 1205
982 1604
982 1988
983 1118
984 1220
984 1876
985 1318
985 1722
986 1633
987 1635
988 1334
988 1700
988 1800
988 1961
989 1138
989 1379
990 1069
990 1202
990 1804
990 1967
991 1175
991 1840
991 1855
992 1390
992 1482
993 1219
993 1703
993 1840
995 1048
995 1244
995 1773
995 1881
996 1035
996 1642
997 1076
997 1768
997 1882
998 1119
999 1245
999 1379
1000 1105
1000 1763
1000 1822
1000 1845
1001 1088
1001 1218
1001 1855
1002 1267
1002 1716
1002 1845
1002 1899
1003 1519
1003 1543
1003 1955
1004 1165
1004 1239
1004 1334
1004 1743
1005 1443
1005 1635
1005 1660
1005 1890
1006 1006
1006 1657
1007 1048
1007 1340
1008 1174
1008 1220
1008 1522
1008 1770
1008 1995
1009 1024
1009 1340
1009 1719
1009 1776
1010 1197
1011 1538
1011 1754
1012 1226
1012 1620
1012 1682
1013 1156
1013 1411
1013 1524
1014 1270
1014 1310
1014 1748
1014 1839
1014 1876
1015 1307
1015 1492
1015 1944
1016 1632
1017 1537
1017 1656
1017 1689
1018 1029
1019 1770
1019 1788
1020 1745
1021 1044
1021 1080
1021 1220
1021 1445
1021 1882
1022 1027
1022 1341
1022 1673
1023 1235
1023 1775
1024 1174
1024 1291
1024 1397
1024 1468
1024 1511
1025 1264
1025 1386
1025 1685
1026 1188
1026 1674
1027 1240
1027 1541
1027 1687
1027 1815
1027 1889
1028 1340
1028 1514
1028 1638
1029 1087
1029 1333
1029 1428
1029 1658
1030 1509
1032 1082
1032 1607
1033 1316
1033 1516
1033 1578
1034 1306
1034 1312
1034 1583
1035 1067
1035 1211
1035 1503
1035 1696
1036 1896
1036 1942
1036 1972
1036 1982
1037 1858
1037 1966
1038 1245
1038 1574
1038 1700
1039 1208
1039 1945
1040 1046
1040 1255
1041 1315
1041 1415
1042 1964
1043 1249
1043 1671
1044 1205
1044 1384
1044 1522
1044 1571
1044 1993
1045 1901
1046 1546
1046 1684
1047 1200
1047 1994
1048 1144
1048 1210
1048 1773
1048 1798
1048 1938
1050 1333
1050 1335
1050 1373
1050 1676
1050 1724
1050 1821
1050 1901
1051 1241
1051 1290
1051 1532
1051 1617
1051 1803
1052 1555
1052 1629
1052 1947
1053 1053
1053 1322
1053 1334
1053 1363
1053 1382
1053 1946
1054 1885
1055 1164
1055 1319
1055 1753
1055 1835
1056 1329
1056 1868
1057 1904
1058 1218
1058 1667
1059 1252
1059 1375
1059 1403
1059 1564
1059 1867
1059 1960
1060 1424
1060 1456
1061 1834
1061 1881
1061 1901
1061 1989
1061 1996
1062 1334
1063 1430
1063 1618
1064 1888
1065 1139
1065 1295
1065 1388
1065 1980
1066 1159
1066 1178
1066 1658
1067 1519
1067 1997
1068 1088
1068 1174
1068 1414
1068 1941
1068 1964
1069 1643
1069 1789
1070 1342
1070 1479
1070 1847
1070 1865
1071 1499
1071 1947
1072 1154
1072 1503
1072 1511
1072 1516
1072 1558
1073 1187
1074 1408
1074 1629
1075 1078
1075 1167
1075 1225
1075 1491
1075 1750
1076 1578
1077 1453
1077 1839
1077 1946
1078 1169
1078 1612
1079 1088
1079 1098
1079 1434
1079 1476
1079 1480
1079 1489
1079 1894
1080 1195
1080 1643
1081 1526
1082 1481
1082 1717
1082 1896
1083 1754
1083 1778
1084 1113
1084 1241
1084 1331
1084 1869
1084 1998
1085 1482
1085 1920
1086 1441
1086 1480
1086 1498
1086 1792
1088 1301
1088 1466
1088 1540
1088 1955
1089 1295
1089 1606
1090 1533
1090 1672
1090 1753
1090 1848
1091 1745
1091 1782
1091 1928
1092 1177
1092 1244
1092 1455
1092 1531
1093 1500
1093 1606
1093 1756
1094 1457
1094 1716
1094 1983
1095 1183
1095 1934
1095 1983
1096 1245
1096 1925
1097 1239
1097 1330
1097 1601
1097 1901
1098 1688
1099 1396
1099 1556
1099 1564
1099 1875
1099 1898
1100 1250
1100 1253
1101 1190
1103 1497
1103 1746
1104 1144
1104 1227
1104 1233
1104 1268
1104 1306
1104 1589
1104 1652
1104 1955
1105 1505
1106 1172
1106 1895
1106 1996
1108 1648
1108 1667
1109 1143
1109 1455
1109 1513
1109 1747
1110 1154
1110 1344
1110 1663
1110 1684
1111 1357
1111 1745
1112 1392
1112 1682
1112 1980
1113 1687
1114 1168
1114 1987
1115 1551
1115 1942
1116 1266
1116 1993
1117 1384
1117 1459
1117 1581
1118 1273
1118 1298
1118 1688
1118 1835
1119 1123
1119 1167
1119 1526
1119 1531
1119 1832
1120 1349
1120 1416
1120 1741
1120 1779
1121 1776
1121 1854
1122 1150
1122 1209
1122 1217
1123 1757
1124 1228
1124 1366
1124 1788
1124 1803
1125 1363
1125 1367
1125 1840
1125 1978
1125 1979
1127 1566
1127 1650
1127 1879
1128 1311
1128 1708
1128 1944
1129 1479
1129 1705
1130 1435
1130 1564
1130 1741
1131 1347
1131 1604
1131 1763
1131 1821
1131 1995
1132 1252
1132 1651
1132 1689
1133 1263
1133 1491
1133 1657
1134 1385
1134 1495
1134 1541
1134 1961
1135 1792
1135 1882
1136 1424
1136 1699
1138 1330
1138 1412
1138 1486
1138 1512
1138 1729
1138 1823
1138 1862
1140 1161
1140 1480
1140 1520
1140 1721
1141 1165
1141 1774
1142 1168
1142 1178
1142 1336
1142 1345
1142 1899
1143 1244
1143 1423
1144 1609
1144 1743
1144 1993
1145 1176
1145 1857
1146 1657
1146 1685
1146 1911
1147 1337
1148 1274
1149 1604
1149 1979
1149 1984
1150 1366
1150 1546
1150 1830
1151 1294
1151 1674
1151 1841
1152 1193
1152 1628
1152 1798
1152 1813
1152 1881
1153 1490
1154 1197
1154 1536
1154 1615
1154 1902
1155 1183
1156 1297
1156 1622
1156 1758
1157 1827
1157 1867
1157 1896
1157 1939
1158 1580
1158 1658
1158 1693
1158 1740
1160 1409
1161 1372
1161 1405
1162 1200
1162 1379
1162 1725
1163 1506
1164 1258
1164 1416
1164 1628
1164 1668
1164 1864
1164 1912
1165 1458
1165 1785
1166 1391
1166 1927
1167 1174
1167 1199
1167 1245
1167 1523
1167 1763
1167 1838
1168 1427
1168 1490
1168 1558
1168 1613
1168 1880
1168 1921
1169 1349
1169 1581
1170 1560
1170 1828
1171 1945
1172 1338
1172 1366
1172 1749
1173 1232
1173 1406
1173 1577
1173 1765
1174 1237
1174 1690
1175 1364
1175 1593
1175 1744
1176 1899
1177 1761
1177 1773
1177 1986
1178 1509
1178 1718
1179 1736
1180 1256
1180 1753
1180 1791
1181 1626
1183 1247
1183 1424
1183 1733
1184 1263
1185 1456
1186 1328
1187 1636
1187 1778
1187 1852
1187 1945
1188 1278
1188 1414
1188 1422
1188 1469
1188 1656
1188 1729
1188 1908
1189 1405
1189 1662
1189 1910
1190 1191
1190 1220
1190 1228
1190 1317
1191 1452
1191 1787
1191 1799
1192 1242
1192 1252
1192 1934
1193 1289
1193 1445
1193 1639
1193 1924
1194 1675
1195 1686
1196 1833
1197 1394
1197 1677
1197 1775
1197 1794
1198 1244
1198 1779
1199 1611
1200 1492
1200 1798
1202 1479
1202 1756
1203 1591
1203 1710
1203 1897
1203 1901
1203 1913
1204 1625
1204 1675
1205 1328
1205 1370
1206 1243
1206 1679
1206 1862
1207 1492
1207 1590
1207 1972
1208 1371
1208 1435
1208 1724
1209 1395
1210 1320
1211 1242
1211 1558
1211 1715
1211 1792
1212 1441
1212 1799
1213 1228
1213 1364
1213 1896
1214 1280
1214 1631
1216 1406
1217 1420
1218 1450
1218 1753
1219 1412
1219 1629
1219 1756
1219 1978
1220 1339
1220 1794
1221 1414
1221 1717
1221 1977
1222 1511
1222 1518
1223 1752
1223 1922
1224 1363
1225 1840
1226 1230
1226 1605
1227 1403
1228 1367
1228 1426
1229 1612
1229 1894
1230 1868
1231 1373
1231 1516
1231 1714
1232 1294
1232 1531
1232 1800
1232 1851
1232 1957
1233 1773
1233 1905
1234 1236
1234 1269
1234 1517
1234 1652
1235 1386
1235 1602
1235 1752
1236 1849
1236 1852
1236 1918
1237 1277
1237 1299
1238 1289
1239 1421
1239 1840
1240 1875
1242 1452
1242 1562
1243 1465
1243 1979
1244 1721
1245 1872
1245 1958
1245 1962
1245 1989
1246 1416
1246 1503
1246 1576
1246 1914
1247 1422
1247 1485
1247 1755
1247 1884
1248 1867
1248 1941
1249 1289
1249 1492
1249 1833
1251 1689
1251 1821
1251 1976
1252 1546
1252 1933
1254 1882
1255 1302
1255 1766
1255 1958
1257 1751
1257 1856
1258 1429
1258 1925
1260 1535
1260 1787
1261 1281
1261 1794
1262 1614
1263 1416
1263 1892
1264 1296
1264 1787
1265 1294
1265 1619
1265 1968
1266 1309
1266 1424
1269 1636
1269 1718
1269 1756
1270 1316
1270 1330
1270 1521
1270 1951
1274 1392
1275 1770
1276 1748
1276 1760
1276 1901
1277 1445
1277 1575
1277 1765
1278 1325
1279 1885
1279 1953
1281 1282
1281 1312
1281 1808
1283 1424
1283 1479
1283 1483
1283 1786
1284 1406
1284 1528
1285 1439
1285 1731
1285 1778
1285 1876
1286 1703
1286 1887
1287 1558
1288 1320
1288 1508
1288 1877
1288 1984
1289 1650
1289 1683
1289 1875
1290 1568
1290 1621
1291 1351
1291 1949
1292 1584
1293 1332
1294 1311
1294 1719
1294 1790
1295 1445
1295 1449
1295 1704
1295 1861
1295 1866
1296 1518
1296 1799
1297 1941
1297 1963
1298 1559
1298 1593
1299 1482
1300 1639
1300 1817
1300 1823
1300 1948
1301 1421
1301 1946
1302 1618
1303 1405
1303 1920
1305 1550
1305 1646
1307 1680
1307 1784
1307 1903
1308 1636
1308 1640
1308 1905
1311 1332
1311 1799
1312 1610
1313 1500
1313 1884
1314 1458
1316 1920
1318 1417
1318 1629
1318 1759
1318 1853
1320 1540
1320 1867
1321 1355
1321 1546
1321 1859
1322 1629
1323 1619
1325 1401
1325 1530
1325 1837
1326 1369
1326 1578
1326 1788
1326 1834
1327 1569
1327 1649
1328 1381
1328 1497
1328 1513
1329 1507
1330 1399
1330 1574
1330 1717
1330 1745
1330 1748
1331 1467
1333 1372
1333 1908
1334 1628
1334 1673
1334 1984
1335 1377
1336 1569
1336 1640
1336 1823
1336 1891
1336 1960
1338 1496
1340 1444
1340 1513
1340 1650
1340 1666
1340 1932
1341 1457
1341 1473
1341 1615
1341 1660
1344 1344
1344 1356
1344 1872
1346 1739
1347 1349
1347 1511
1347 1619
1347 1626
1348 1396
1348 1903
1348 1907
1349 1805
1351 1601
1351 1625
1352 1879
1353 1407
1353 1674
1353 1850
1354 1737
1355 1509
1356 1690
1358 1927
1360 1658
1360 1905
1360 1971
1363 1454
1363 1810
1364 1899
1364 1951
1365 1816
1365 1943
1366 1886
1366 1955
1367 1610
1367 1631
1367 1705
1368 1516
1369 1793
1370 1475
1370 1538
1370 1771
1370 1772
1370 1797
1372 1793
1372 1993
1373 1668
1373 1846
1374 1430
1376 1801
1379 1791
1380 1486
1380 1487
1380 1738
1381 1539
1381 1889
1381 1924
1382 1894
1383 1620
1383 1677
1383 1833
1383 1970
1384 1584
1384 1639
1384 1763
1384 1786
1384 1871
1386 1427
1386 1529
1386 1955
1387 1438
1387 1630
1388 1934
1390 1420
1390 1599
1390 1620
1390 1977
1391 1905
1392 1656
1393 1918
1394 1405
1394 1874
1394 1947
1394 1970
1394 1985
1395 1640
1396 1551
1396 1580
1399 1668
1399 1752
1401 1861
1402 1573
1402 1720
1402 1872
1402 1951
1403 1567
1403 1835
1404 1596
1404 1999
1405 1431
1406 1629
1406 1858
1409 1504
1410 1956
1411 1683
1412 1507
1412 1690
1412 1911
1413 1558
1413 1946
1414 1466
1414 1801
1414 1930
1414 1979
1415 1523
1415 1786
1416 1499
1418 1563
1418 1815
1418 1866
1419 1553
1419 1856
1421 1566
1421 1887
1422 1508
1422 1886
1423 1877
1424 1839
1425 1817
1426 1560
1426 1680
1428 1804
1429 1540
1429 1745
1430 1976
1431 1557
1431 1771
1431 1933
1433 1528
1434 1909
1435 1439
1436 1914
1436 1954
1437 1620
1437 1721
1437 1870
1437 1890
1437 1981
1439 1451
1439 1830
1439 1909
1439 1980
1440 1721
1441 1513
1442 1567
1442 1584
1443 1867
1443 1893
1445 1555
1445 1670
1445 1691
1445 1741
1445 1820
1446 1858
1447 1702
1448 1483
1448 1633
1449 1476
1449 1801
1449 1836
1450 1862
1450 1910
1450 1942
1452 1467
1452 1527
1452 1880
1455 1967
1456 1620
1456 1983
1457 1470
1459 1764
1459 1832
1460 1587
1460 1642
1460 1752
1460 1809
1460 1939
1462 1686
1463 1504
1464 1787
1464 1868
1465 1697
1466 1616
1466 1928
1467 1578
1467 1871
1468 1477
1470 1725
1470 1913
1471 1485
1471 1502
1471 1542
1471 1965
1472 1530
1472 1714
1472 1848
1474 1517
1474 1903
1474 1941
1475 1733
1476 1762
1477 1706
1477 1981
1478 1651
1478 1686
1478 1899
1479 1681
1481 1771
1481 1927
1482 1562
1482 1780
1483 1538
1484 1622
1484 1789
1484 1942
1486 1683
1487 1543
1487 1736
1488 1513
1488 1852
1490 1789
1491 1937
1493 1628
1493 1864
1494 1544
1494 1645
1494 1844
1494 1872
1495 1860
1496 1641
1496 1990
1497 1598
1498 1534
1498 1746
1499 1507
1500 1634
1500 1815
1500 1996
1501 1567
1504 1650
1504 1958
1507 1647
1508 1952
1508 1981
1509 1831
1510 1529
1510 1728
1511 1806
1511 1991
1512 1791
1513 1516
1513 1617
1513 1827
1513 1992
1515 1615
1516 1543
1516 1804
1516 1841
1516 1842
1517 1664
1517 1784
1518 1854
1519 1589
1519 1688
1522 1897
1524 1746
1525 1835
1526 1648
1527 1533
1527 1728
1527 1917
1528 1633
1530 1609
1531 1665
1531 1828
1533 1761
1536 1601
1536 1775
1536 1842
1537 1830
1537 1878
1537 1952
1537 1995
1539 1638
1539 1839
1539 1923
1539 1991
1540 1696
1540 1768
1542 1652
1542 1847
1543 1554
1543 1697
1543 1897
1544 1696
1544 1859
1544 1863
1545 1570
1545 1840
1545 1994
1546 1766
1547 1562
1547 1608
1547 1613
1547 1681
1547 1746
1547 1805
1547 1810
1548 1614
1548 1878
1548 1961
1549 1610
1549 1628
1549 1956
1550 1550
1550 1590
1550 1948
1551 1766
1552 1878
1554 1668
1554 1800
1555 1560
1555 1706
1556 1839
1558 1645
1558 1698
1558 1720
1559 1797
1562 1708
1564 1600
1564 1701
1565 1745
1567 1842
1567 1852
1567 1895
1568 1848
1569 1979
1570 1691
1571 1912
1572 1736
1572 1867
1574 1599
1575 1957
1576 1758
1577 1897
1578 1689
1578 1867
1578 1947
1579 1636
1580 1627
1580 1712
1580 1781
1580 1976
1582 1702
1582 1773
1582 1874
1582 1974
1583 1784
1584 1817
1584 1884
1585 1793
1585 1829
1586 1622
1586 1874
1589 1863
1590 1714
1590 1930
1593 1617
1593 1693
1593 1697
1593 1786
1594 1648
1594 1816
1595 1657
1595 1659
1595 1792
1595 1946
1596 1968
1597 1724
1598 1713
1598 1959
1600 1773
1601 1956
1603 1844
1605 1977
1607 1654
1607 1885
1607 1920
1608 1830
1609 1968
1610 1728
1610 1737
1611 1959
1613 1996
1614 1740
1617 1908
1618 1728
1619 1707
1619 1869
1619 1918
1620 1951
1621 1942
1622 1855
1623 1828
1623 1866
1625 1753
1625 1754
1625 1936
1626 1845
1627 1651
1628 1651
1628 1713
1629 1721
1630 1856
1632 1823
1632 1922
1633 1846
1634 1759
1634 1803
1634 1887
1637 1661
1637 1680
1637 1720
1638 1714
1640 1872
1640 1902
1641 1699
1641 1790
1646 1860
1648 1798
1649 1950
1650 1716
1650 1840
1650 1928
1652 1880
1653 1874
1655 1682
1656 1693
1656 1933
1657 1804
1659 1744
1659 1854
1661 1739
1662 1870
1664 1720
1665 1887
1669 1878
1671 1942
1672 1942
1672 1984
1674 1743
1675 1836
1675 1904
1676 1933
1677 1723
1677 1982
1678 1970
1680 1725
1680 1855
1681 1705
1681 1740
1681 1980
1682 1861
1683 1774
1683 1865
1685 1785
1688 1944
1689 1746
1689 1936
1690 1997
1692 1713
1692 1811
1692 1919
1692 1963
1692 1995
1693 1702
1694 1884
1696 1721
1696 1906
1698 1933
1699 1755
1699 1952
1700 1837
1701 1892
1701 1897
1702 1951
1704 1763
1704 1975
1706 1960
1710 1945
1712 1814
1714 1979
1717 1792
1719 1739
1719 1986
1721 1894
1723 1892
1724 1743
1725 1883
1726 1794
1726 1868
1730 1816
1731 1793
1731 1917
1737 1800
1738 1885
1742 1813
1748 1899
1749 1780
1751 1874
1752 1782
1752 1897
1753 1769
1753 1877
1753 1880
1754 1782
1754 1988
1755 1842
1755 1932
1756 1958
1757 1952
1758 1776
1758 1786
1758 1959
1759 1896
1761 1833
1762 1768
1763 1805
1765 1929
1766 1916
1767 1905
1767 1937
1768 1780
1768 1945
1772 1900
1772 1990
1773 1872
1775 1815
1775 1832
1776 1843
1777 1801
1781 1831
1786 1905
1786 1950
1786 1958
1790 1878
1792 1922
1793 1833
1793 1835
1798 1942
1798 1944
1799 1806
1799 1920
1800 1818
1801 1804
1803 1905
1805 1901
1813 1947
1813 1964
1814 1852
1817 1841
1817 1869
1819 1823
1819 1849
1822 1824
1822 1914
1822 1932
1823 1965
1825 1884
1825 1992
1826 1886
1826 1930
1826 1999
1833 1988
1834 1915
1835 1839
1835 1843
1835 1857
1835 1895
1836 1926
1838 1957
1841 1984
1844 1928
1848 1864
1848 1887
1850 1971
1852 1980
1861 1897
1862 1925
1865 1993
1869 1980
1873 1903
1873 1953
1874 1993
1876 1975
1878 1995
1880 1986
1885 1956
1891 1955
1892 1909
1892 1996
1893 1959
1894 1895
1894 1905
1894 1923
1902 1969
1909 1955
1912 1957
1919 1922
1929 1937
1936 1999
1941 1965
1949 1991
1950 1979
