2000
0 46
0 198
0 593
0 863
0 1138
0 1197
0 1226
0 1402
0 1475
0 1565
0 1816
1 81
1 331
1 418
1 880
1 1079
1 1250
1 1579
1 1647
1 1653
2 652
2 1110
2 1194
2 1415
2 1562
3 257
3 704
3 807
3 934
3 1046
3 1094
3 1269
3 1435
3 1766
3 1923
4 79
4 345
4 408
4 569
4 651
4 1117
4 1419
4 1491
4 1851
5 153
5 238
5 700
5 774
5 1118
5 1567
6 441
6 706
6 841
6 946
6 956
6 1268
6 1283
6 1416
6 1567
7 315
7 544
7 559
7 600
7 878
7 886
7 971
7 1101
7 1776
8 587
8 664
8 739
8 767
8 775
8 888
8 1433
9 160
9 741
9 871
10 1121
10 1617
10 1651
10 1861
10 1912
11 409
11 489
11 506
11 510
11 568
11 691
11 936
11 1038
11 1180
11 1260
11 1520
11 1773
11 1804
12 180
12 465
12 1242
13 271
13 378
13 593
13 1035
13 1150
13 1229
13 1798
13 1892
14 345
14 733
14 1327
14 1494
14 1636
14 1641
14 1810
15 457
15 632
15 637
15 1130
15 1262
15 1310
15 1327
15 1409
15 1869
16 58
16 183
16 712
16 957
16 1312
16 1434
16 1479
16 1563
16 1978
17 263
17 389
17 606
17 1096
17 1177
17 1371
18 546
18 640
18 643
18 1299
18 1507
19 837
19 1196
19 1392
19 1602
19 1636
19 1916
19 1942
20 72
20 263
20 810
20 826
20 847
20 1668
20 1947
21 189
21 222
21 415
21 461
21 521
21 595
21 606
21 824
21 1212
21 1403
21 1520
21 1581
21 1772
22 28
22 220
22 536
22 876
22 1233
22 1260
22 1300
22 1531
22 1891
23 476
23 1242
23 1391
23 1510
23 1949
24 177
24 523
24 910
24 1101
24 1854
25 431
25 486
25 761
25 839
25 1034
25 1456
25 1806
26 558
26 902
26 1376
26 1930
27 331
27 461
27 1683
28 1315
28 1364
29 57
29 276
29 393
29 409
29 485
29 540
29 549
29 1373
29 1682
29 1839
29 1867
29 1870
30 316
30 839
30 1271
31 470
31 931
31 1028
31 1118
32 502
32 1799
33 454
33 860
33 901
33 986
33 1038
34 135
34 431
34 1279
34 1293
34 1547
34 1944
35 306
35 330
35 553
35 629
35 1297
35 1446
35 1800
36 242
36 446
36 468
36 807
36 952
36 1553
36 1898
36 1923
36 1986
37 220
37 487
37 650
37 660
37 960
37 970
37 1020
37 1165
37 1336
37 1629
38 74
38 126
38 127
38 409
38 972
38 1812
38 1926
39 351
39 670
39 672
40 109
40 378
40 504
40 928
40 1116
40 1206
40 1871
40 1901
40 1916
41 241
41 308
41 392
41 513
41 515
41 1039
41 1396
41 1561
41 1664
42 551
42 1186
42 1402
42 1713
43 544
43 547
43 831
43 880
43 1708
44 815
44 852
44 913
44 1139
44 1238
44 1569
44 1878
45 369
45 632
45 637
45 659
45 750
45 811
45 940
45 1213
45 1368
45 1465
45 1568
45 1699
45 1790
45 1802
45 1860
46 240
46 501
46 1353
46 1366
46 1511
46 1599
47 79
47 322
47 371
47 393
47 632
47 748
47 949
47 1174
47 1214
47 1768
47 1913
48 215
48 1500
49 445
49 732
49 788
49 1349
49 1849
49 1910
50 156
50 297
50 524
50 580
50 1030
50 1171
50 1425
50 1890
51 233
51 367
51 375
51 732
51 1263
51 1858
52 116
52 534
52 774
52 1496
52 1939
53 366
53 571
53 790
53 951
53 1107
53 1609
53 1815
54 156
54 202
54 408
54 542
54 700
55 522
55 898
55 1077
55 1594
56 423
56 425
56 500
56 511
56 629
56 742
56 1136
56 1300
56 1363
57 291
57 338
57 453
57 911
57 934
57 964
57 1367
57 1421
57 1519
57 1542
57 1553
57 1690
58 241
58 1189
59 64
59 68
59 212
59 300
59 1100
59 1649
59 1753
59 1960
60 719
60 992
60 1124
60 1138
60 1145
60 1436
60 1679
61 382
61 813
61 1364
61 1813
61 1848
62 559
62 785
62 1601
62 1910
63 645
63 850
63 1074
63 1237
63 1701
63 1852
64 489
64 575
64 624
64 665
64 733
64 1050
64 1714
65 427
65 684
65 1107
65 1360
65 1601
65 1742
66 643
66 896
66 1144
66 1290
66 1931
67 341
67 839
67 1356
67 1482
67 1638
67 1946
68 549
68 768
68 1004
68 1013
68 1135
68 1271
68 1435
69 664
69 805
69 1348
69 1522
70 158
70 481
70 1001
70 1138
70 1484
70 1603
71 639
71 688
71 911
71 990
71 1842
71 1862
72 110
72 176
72 482
72 673
72 906
72 1352
72 1473
72 1566
73 382
73 1068
73 1185
73 1271
73 1747
73 1842
74 399
74 428
74 835
74 904
74 926
74 994
74 1240
74 1262
74 1321
74 1393
74 1450
74 1501
74 1508
74 1950
75 638
75 917
75 1086
75 1899
76 517
76 530
76 634
76 961
76 1562
77 87
77 1382
77 1446
78 633
78 751
78 770
78 789
78 1898
78 1992
79 173
79 359
79 384
79 470
79 1117
79 1301
79 1323
79 1427
79 1788
80 232
80 454
80 793
80 1514
80 1853
81 282
81 612
81 726
81 1139
82 84
82 170
82 265
82 356
82 422
82 1227
82 1329
82 1428
83 115
83 238
83 351
83 543
83 769
83 1347
83 1531
83 1576
83 1706
84 287
84 1024
84 1662
85 187
85 452
85 751
85 996
85 1032
85 1222
85 1359
85 1839
86 138
86 205
86 497
86 938
86 1070
86 1803
86 1949
87 93
87 918
87 1120
87 1924
88 313
88 562
88 819
88 894
88 1241
88 1866
89 223
89 419
89 601
89 1083
89 1893
89 1952
90 461
90 799
90 836
90 887
90 1541
90 1699
90 1728
91 304
91 524
91 1304
91 1872
91 1955
92 273
92 308
92 563
92 611
92 979
92 1145
92 1180
92 1728
92 1753
93 354
93 594
93 599
93 937
93 1046
93 1192
93 1267
93 1394
93 1469
94 379
94 577
94 610
95 181
95 1160
95 1441
95 1487
95 1789
95 1809
96 516
96 719
96 1102
97 108
97 470
97 1014
98 617
98 941
98 976
98 1048
98 1661
98 1868
99 234
99 332
99 369
99 481
99 511
99 579
99 826
99 858
99 1003
99 1217
99 1250
99 1384
100 305
100 323
100 734
100 1777
101 1029
101 1270
101 1444
101 1737
101 1892
101 1980
102 442
102 455
102 966
102 1969
103 309
103 1118
103 1269
103 1425
103 1533
103 1942
104 197
104 476
104 637
104 1071
104 1337
104 1686
104 1687
104 1986
105 199
105 729
105 762
105 1050
105 1082
105 1112
105 1208
105 1604
105 1873
105 1903
105 1939
106 205
106 324
106 500
106 545
106 915
106 936
106 986
106 1470
106 1543
106 1585
106 1598
107 831
107 1831
107 1951
107 1955
108 148
108 620
108 994
108 1284
108 1733
108 1843
108 1856
108 1918
109 440
109 734
109 946
109 993
109 1884
110 1641
110 1848
111 304
111 565
111 734
111 1975
112 888
112 963
112 1728
112 1920
113 188
113 892
113 1036
113 1101
113 1124
113 1131
113 1509
113 1534
114 719
114 738
114 1436
114 1463
115 233
115 325
115 882
115 1050
115 1197
115 1243
115 1769
115 1956
116 155
116 540
116 558
116 1064
116 1397
117 316
117 1316
117 1600
117 1975
118 276
118 572
118 665
118 816
118 830
118 1213
118 1228
118 1791
119 501
119 549
119 593
119 770
119 792
119 848
119 919
119 967
119 1124
119 1410
119 1474
119 1770
120 159
120 470
120 1330
120 1417
121 154
121 311
121 1010
121 1012
121 1377
121 1468
122 683
122 750
122 1305
122 1313
122 1371
123 210
123 396
123 612
123 737
123 1244
123 1313
123 1723
123 1978
124 904
124 1241
124 1301
124 1748
125 244
125 641
125 792
125 827
125 862
125 869
126 206
126 337
126 360
126 530
126 568
126 728
126 1069
126 1724
127 449
127 524
127 646
127 658
127 831
127 1368
128 202
128 361
128 666
128 718
128 957
128 1014
128 1521
128 1883
129 510
129 729
129 1037
129 1592
129 1607
129 1960
130 142
130 289
130 1111
130 1263
130 1942
131 594
131 621
131 969
131 1279
131 1696
132 634
132 1248
132 1855
132 1994
133 456
133 1117
134 175
134 378
134 600
134 1124
134 1600
135 165
135 166
135 168
135 727
135 1011
135 1022
135 1032
135 1454
135 1621
136 1302
136 1417
136 1706
136 1847
136 1995
137 285
137 609
137 1063
137 1145
137 1808
137 1967
139 289
139 582
139 884
140 179
140 297
140 379
140 697
140 951
140 1506
140 1857
141 150
141 838
141 930
141 987
141 1021
141 1226
142 233
142 760
142 1008
142 1129
142 1208
142 1808
143 183
143 1465
143 1871
144 450
144 621
144 1427
144 1840
144 1845
145 663
145 740
145 749
145 1138
145 1396
145 1614
145 1789
145 1979
146 647
146 996
146 1575
147 164
147 321
147 597
147 995
147 1215
148 150
148 232
148 240
148 785
148 968
148 1153
148 1220
149 349
149 356
149 601
149 970
149 1422
149 1725
150 915
151 845
151 1753
152 281
152 418
152 437
152 638
152 777
152 1389
153 792
153 884
153 1197
153 1803
153 1807
154 279
154 788
154 1647
154 1728
154 1816
155 806
155 1267
155 1422
155 1763
156 531
156 633
156 637
156 816
156 1464
156 1949
157 552
157 691
157 1107
157 1699
157 1835
158 245
158 463
158 712
158 1010
158 1575
158 1867
159 552
159 694
160 809
160 1329
160 1376
160 1879
161 383
161 1174
161 1422
161 1871
161 1924
162 254
162 781
162 797
162 1090
162 1128
162 1423
162 1571
162 1623
162 1828
163 264
163 643
163 735
163 1162
163 1332
163 1685
164 440
164 596
164 601
164 610
164 987
164 1070
164 1638
164 1734
165 479
165 1127
165 1277
165 1321
165 1451
165 1963
166 326
166 1032
166 1197
166 1272
166 1860
167 373
167 771
167 821
167 979
167 1256
167 1401
167 1688
168 889
168 1470
168 1759
169 629
169 641
169 873
169 956
169 1865
170 327
170 467
170 1180
170 1365
170 1580
170 1866
171 327
171 404
171 591
171 749
171 1502
172 688
172 1028
172 1058
172 1113
172 1753
172 1860
173 345
173 549
173 753
173 792
173 1045
173 1193
173 1469
173 1571
173 1671
173 1856
174 616
174 788
174 929
174 1199
174 1616
174 1767
175 457
175 782
175 1111
175 1157
175 1213
175 1510
175 1871
176 265
176 372
176 1244
176 1308
176 1786
177 333
177 983
177 1509
177 1786
178 317
178 1007
178 1119
178 1123
178 1139
178 1386
178 1539
178 1572
178 1957
179 235
179 428
179 787
179 1288
179 1323
180 309
180 323
180 464
180 617
180 952
180 1086
180 1205
180 1831
181 219
181 624
181 734
181 759
181 1141
181 1416
182 815
182 899
182 1953
183 190
183 375
183 602
184 460
184 591
184 609
184 611
184 963
184 1364
184 1454
184 1966
185 291
185 750
185 1077
185 1149
186 630
186 1609
186 1616
186 1688
186 1851
186 1893
186 1956
187 205
187 1431
187 1441
187 1558
187 1796
188 351
188 462
188 1295
188 1566
188 1831
189 349
189 482
189 568
189 597
189 681
189 714
189 913
189 1715
189 1778
190 302
190 594
190 608
190 967
190 1054
190 1662
190 1831
191 508
191 651
191 1868
192 430
192 554
192 768
192 1125
192 1345
193 341
193 488
193 602
193 1557
194 232
194 401
194 848
194 928
194 1051
194 1158
194 1319
194 1367
194 1471
194 1817
195 417
195 516
195 1555
195 1579
196 1016
196 1146
196 1264
196 1878
197 387
197 929
197 938
197 1789
197 1868
197 1935
198 615
198 941
198 1017
198 1140
198 1342
198 1520
198 1653
198 1706
198 1843
198 1900
198 1994
199 330
199 1117
199 1289
199 1787
200 834
200 960
200 1050
200 1445
200 1481
200 1611
201 237
201 462
201 598
201 1176
201 1296
201 1591
201 1831
202 349
202 454
202 926
202 1052
202 1464
202 1873
203 1556
204 1493
204 1995
205 538
205 566
205 569
205 800
205 1992
206 1166
206 1726
206 1935
207 359
207 930
207 1086
208 350
208 661
208 1119
208 1579
208 1847
208 1865
208 1960
209 237
209 252
209 313
209 506
209 509
209 772
209 1194
209 1490
209 1580
209 1659
210 694
210 794
210 885
210 1024
210 1271
210 1376
211 322
211 418
211 510
211 815
211 1055
211 1057
211 1188
211 1352
211 1406
212 722
212 730
212 1896
213 578
213 1012
213 1136
213 1371
213 1704
213 1887
214 268
214 611
214 963
214 1074
214 1135
214 1616
214 1845
214 1888
215 232
215 491
215 662
215 860
215 1075
215 1313
215 1439
215 1545
215 1700
215 1759
216 503
216 628
216 836
216 967
216 978
216 1067
217 802
217 843
217 993
217 1097
217 1238
217 1364
217 1885
218 911
218 948
218 1723
219 432
219 477
219 819
219 833
219 862
219 943
219 959
219 1944
220 280
220 855
220 1462
220 1494
220 1628
220 1898
221 937
221 1073
221 1119
221 1201
221 1317
221 1515
221 1622
221 1659
221 1712
222 479
222 546
222 739
222 1375
222 1389
222 1682
223 547
223 633
223 1193
223 1429
223 1443
223 1868
223 1995
224 1149
224 1155
224 1310
224 1663
225 761
225 955
225 1766
225 1843
225 1885
226 341
226 549
226 1190
226 1269
226 1443
226 1754
226 1893
226 1938
227 367
227 923
227 945
228 349
228 592
228 878
228 1758
229 483
229 545
229 837
229 842
229 872
229 1017
229 1388
229 1783
230 268
230 725
230 1153
230 1660
231 296
231 673
231 903
231 1205
231 1219
232 1366
232 1762
233 541
233 1311
233 1330
233 1440
233 1660
234 935
234 1206
234 1372
234 1495
234 1542
234 1768
235 306
235 1767
236 290
236 516
236 671
236 783
236 1295
236 1391
237 321
237 584
237 786
237 810
237 1427
238 913
238 1346
238 1477
238 1679
239 529
239 661
239 789
239 878
239 944
239 1166
239 1600
239 1791
240 243
240 603
240 616
240 691
240 861
240 950
240 1148
240 1595
241 263
241 392
241 530
241 537
241 684
241 1214
241 1520
241 1884
242 251
242 758
242 869
242 881
242 1078
242 1082
242 1542
243 431
243 817
243 1186
243 1666
243 1672
243 1688
244 1191
244 1757
244 1863
245 368
245 445
245 956
245 1172
245 1215
245 1558
245 1821
245 1870
246 463
246 592
246 759
246 787
246 790
246 1259
246 1388
246 1553
246 1787
247 314
247 656
247 1170
247 1315
247 1858
248 817
248 851
248 1735
248 1840
249 317
249 484
249 1047
250 282
250 427
250 1129
250 1203
250 1478
251 786
251 810
251 822
251 1142
251 1572
252 1347
252 1498
252 1920
253 591
253 681
253 1858
254 374
254 598
254 887
254 1604
254 1763
255 1011
255 1236
255 1251
255 1437
255 1572
255 1637
255 1738
256 620
256 719
256 1158
256 1631
256 1772
256 1933
257 462
257 473
257 568
257 644
257 1481
257 1517
257 1894
258 443
258 744
259 573
259 1044
259 1447
260 295
260 865
260 946
260 1069
260 1175
260 1237
260 1634
260 1911
261 283
261 448
261 467
261 825
261 1504
261 1590
262 293
262 594
262 1157
262 1257
262 1459
262 1524
262 1899
263 552
263 900
263 924
263 1016
263 1024
263 1421
263 1636
263 1721
263 1869
264 883
264 1163
264 1224
265 664
265 715
265 860
265 1025
265 1323
265 1586
265 1689
266 834
266 1429
266 1765
266 1906
266 1933
267 285
267 562
267 888
267 1893
268 294
268 319
268 336
268 481
268 1011
268 1079
268 1311
268 1710
268 1888
269 314
269 327
269 497
269 631
269 894
269 1105
269 1151
270 904
271 340
271 767
271 1484
271 1664
271 1677
271 1703
271 1937
272 318
272 339
272 560
272 1160
272 1351
272 1641
273 575
273 715
273 1594
273 1779
274 1111
274 1212
274 1486
274 1534
274 1928
275 277
275 873
275 976
275 1393
275 1598
275 1786
276 1069
276 1103
276 1233
276 1253
276 1387
276 1434
276 1932
277 593
277 601
277 621
277 624
277 1127
277 1327
277 1353
277 1367
277 1637
278 355
278 395
278 995
278 1281
279 314
279 485
279 529
279 697
280 370
280 843
280 1059
280 1539
281 317
281 403
281 933
281 1031
281 1489
281 1769
281 1787
281 1896
281 1967
282 389
282 778
282 924
282 1002
282 1172
282 1318
282 1431
282 1450
283 795
283 862
283 896
283 941
283 1432
283 1487
283 1565
283 1761
284 466
284 516
284 539
284 928
284 1744
284 1856
284 1859
285 460
285 645
285 750
285 849
285 1144
285 1192
285 1622
285 1795
286 291
286 488
286 1045
286 1401
286 1526
287 515
287 907
287 1691
287 1695
287 1755
287 1825
288 336
288 712
288 817
288 1362
288 1712
289 1071
289 1080
289 1451
289 1954
290 1215
290 1839
290 1984
291 346
291 372
291 775
291 941
291 1331
291 1337
291 1497
291 1689
291 1892
291 1984
292 704
292 1095
292 1685
292 1831
293 312
293 453
293 810
293 1110
293 1427
293 1926
294 672
294 722
294 841
294 877
294 1069
294 1077
294 1296
294 1362
294 1799
294 1940
294 1974
295 640
295 1179
295 1686
296 946
296 1029
296 1034
296 1293
296 1512
296 1749
297 931
297 1041
297 1430
297 1472
298 373
298 500
298 833
298 937
298 1245
298 1394
298 1663
299 609
299 886
299 1021
299 1125
299 1130
299 1396
299 1877
300 813
300 931
300 977
300 1239
300 1572
300 1634
300 1737
300 1941
301 314
301 627
301 726
301 941
302 1310
302 1350
302 1404
302 1428
302 1498
302 1591
303 327
303 423
303 573
303 1012
303 1037
303 1334
303 1568
303 1578
303 1777
303 1897
304 431
304 966
304 1061
304 1097
304 1099
304 1106
304 1143
304 1310
304 1506
304 1655
304 1851
304 1932
305 444
305 688
305 831
305 836
305 948
306 508
306 568
306 706
306 728
306 1075
306 1242
306 1254
306 1464
306 1699
306 1711
306 1917
307 1301
307 1638
307 1901
307 1913
308 520
308 781
308 818
308 1130
308 1608
309 595
309 652
309 654
309 707
309 874
309 1442
310 374
310 921
310 1326
310 1377
310 1694
311 713
311 893
311 1565
311 1735
311 1793
312 828
312 1153
312 1555
313 508
313 784
313 864
313 894
313 1495
313 1856
313 1922
314 688
314 1150
314 1571
315 582
315 746
315 1090
315 1103
315 1491
315 1504
315 1987
316 496
316 748
316 905
316 939
316 1168
316 1509
316 1839
317 396
317 497
317 684
317 695
317 727
317 780
317 1263
317 1685
317 1721
317 1932
318 993
318 1306
318 1573
318 1591
318 1772
318 1843
318 1998
319 334
319 1124
319 1207
319 1451
319 1551
320 380
320 386
320 662
320 986
320 1415
320 1577
320 1698
320 1795
321 332
321 1505
321 1906
322 636
322 971
322 993
322 994
322 1344
322 1348
322 1461
322 1471
322 1595
322 1624
322 1694
323 1092
323 1155
323 1582
323 1622
323 1798
323 1889
324 453
324 1401
325 771
325 1264
325 1269
325 1416
325 1935
326 531
326 916
326 1503
327 543
327 721
327 911
327 1134
327 1313
327 1521
327 1547
327 1765
327 1766
327 1968
328 483
328 1217
328 1619
328 1865
328 1917
329 403
329 623
329 992
329 1095
329 1294
329 1847
330 376
330 575
330 1238
330 1828
330 1863
330 1883
331 1424
331 1593
332 447
332 505
332 912
332 1301
332 1383
332 1551
333 1276
333 1316
333 1586
334 406
334 619
334 1614
335 542
335 1434
335 1578
335 1715
335 1813
336 404
336 521
336 1312
336 1392
336 1473
337 543
338 401
338 1719
338 1998
339 480
339 963
339 1594
340 578
340 990
340 1119
340 1305
340 1398
340 1492
341 1084
341 1754
341 1843
342 463
342 1348
342 1398
342 1893
342 1913
342 1935
342 1997
343 436
343 720
343 845
343 857
343 982
344 468
344 589
344 787
344 1125
345 1011
345 1106
345 1394
345 1535
345 1597
345 1854
345 1918
346 403
346 604
346 892
346 1073
346 1399
347 704
347 747
347 817
347 1029
347 1134
348 364
348 761
348 876
348 1587
348 1677
348 1897
349 521
349 649
349 1112
349 1346
349 1565
350 430
350 608
350 778
350 1309
350 1666
350 1946
351 622
351 1018
351 1073
351 1148
351 1196
351 1301
351 1544
351 1634
351 1980
352 415
352 441
352 716
352 1058
352 1297
352 1863
353 498
353 921
353 1830
354 792
354 1563
355 382
355 762
355 880
355 1948
356 589
356 1631
357 482
357 846
357 947
357 1018
357 1672
357 1719
357 1768
358 1125
358 1376
359 543
359 1329
359 1728
360 1149
360 1417
361 1024
361 1309
361 1427
361 1548
361 1564
361 1730
361 1768
361 1865
361 1881
362 373
362 394
362 618
362 638
362 1953
363 662
363 1422
363 1428
363 1755
364 413
364 656
364 1018
364 1110
364 1188
364 1789
365 560
365 834
365 1584
365 1931
366 1538
366 1679
367 1409
367 1972
368 410
368 648
368 981
368 1518
368 1867
368 1888
369 619
369 689
369 1627
370 824
370 1926
371 870
371 954
371 1226
371 1531
372 444
372 452
372 606
372 1165
372 1722
372 1725
372 1937
373 664
373 753
373 994
373 1745
373 1824
373 1958
374 398
374 557
374 668
374 683
374 817
374 1530
375 387
375 956
375 1176
375 1742
375 1761
375 1957
376 715
376 1380
376 1890
377 968
378 427
378 950
378 1319
378 1888
379 727
379 778
379 1160
379 1418
379 1474
379 1492
380 764
380 1116
380 1192
380 1273
380 1414
380 1707
380 1751
380 1952
381 830
381 1021
381 1493
381 1899
381 1915
382 418
382 596
382 606
382 1093
382 1317
383 850
383 874
383 925
383 958
383 1828
383 1885
383 1945
384 385
384 413
384 794
384 921
384 975
384 1246
384 1282
384 1469
384 1691
385 452
385 944
385 1344
385 1345
385 1933
386 532
386 1003
386 1235
386 1445
386 1447
387 1728
387 1826
387 1884
387 1943
388 829
388 1059
388 1492
388 1680
388 1711
388 1839
389 685
389 869
389 1389
389 1404
389 1839
390 508
390 885
390 967
390 1173
390 1232
390 1791
391 977
391 1535
391 1631
391 1962
392 477
392 494
392 511
392 567
392 1052
392 1223
392 1304
392 1426
392 1521
392 1854
393 996
393 1206
393 1592
394 611
394 806
394 1351
394 1462
394 1945
395 402
395 595
395 760
395 790
395 1537
395 1720
395 1975
396 594
396 601
396 937
396 1659
396 1938
397 749
397 979
397 1065
397 1230
398 499
398 598
398 834
398 857
398 1571
399 760
399 805
399 1437
399 1716
399 1724
399 1919
400 419
400 1195
400 1298
400 1685
400 1892
401 695
401 725
401 900
401 1122
401 1190
402 555
402 580
402 863
402 949
402 1025
402 1296
402 1813
402 1869
403 1154
403 1187
404 993
404 1741
404 1943
405 878
405 963
405 1397
405 1429
405 1658
405 1867
405 1946
406 1501
406 1611
406 1660
407 435
407 517
407 614
407 761
407 805
407 945
407 1352
407 1730
407 1845
408 897
408 1935
409 600
409 620
409 642
409 684
409 896
409 981
409 1395
409 1705
410 872
410 924
410 958
410 1026
410 1117
411 939
411 1505
411 1697
412 557
412 647
412 798
412 1031
412 1239
412 1284
412 1319
412 1633
413 434
413 1225
413 1402
413 1544
414 825
414 1122
414 1353
414 1855
415 980
415 1046
415 1277
415 1507
415 1592
415 1618
416 1482
416 1525
417 564
417 685
417 788
417 822
417 1096
417 1137
417 1250
417 1617
418 709
418 1367
418 1587
419 819
419 866
419 919
419 1770
420 1146
421 525
421 1583
422 1204
422 1938
423 1356
424 577
424 730
424 1560
424 1613
424 1690
424 1928
425 1557
425 1867
425 1964
426 651
426 1000
426 1154
426 1196
426 1555
426 1794
427 702
427 855
427 889
427 896
427 1019
427 1361
427 1385
427 1795
428 505
428 813
428 1091
428 1264
428 1347
428 1520
428 1752
429 577
429 714
429 830
429 1060
429 1110
429 1273
429 1496
429 1651
430 963
430 1045
430 1729
430 1773
430 1933
431 466
431 569
431 629
431 707
431 808
431 949
431 1391
431 1546
431 1668
432 775
432 1036
432 1046
432 1646
432 1854
432 1953
432 1993
433 712
433 830
433 1035
433 1233
433 1309
433 1350
434 456
434 547
434 699
434 1002
435 959
435 1899
436 713
436 741
436 744
436 1094
436 1300
436 1378
436 1499
436 1524
436 1632
436 1829
437 512
437 615
437 694
437 811
437 1348
437 1984
438 455
439 704
439 917
439 1423
439 1800
440 829
440 903
440 1307
440 1569
440 1755
441 1386
442 630
442 716
442 871
442 1221
442 1391
442 1701
442 1918
443 614
443 1103
443 1395
443 1533
444 745
444 823
444 937
444 1161
444 1333
445 906
445 1094
445 1562
445 1587
445 1828
446 948
446 1281
446 1589
446 1887
446 1924
447 709
447 897
447 1466
447 1576
447 1890
448 597
448 1456
448 1677
448 1975
449 619
449 739
449 1423
450 787
450 902
450 1093
450 1319
450 1425
450 1448
450 1463
451 506
451 1247
451 1649
452 678
452 1061
452 1163
452 1480
452 1524
452 1750
453 458
453 718
453 1676
453 1701
453 1783
454 576
454 1240
454 1287
454 1290
454 1296
454 1298
454 1355
454 1362
454 1539
454 1592
455 899
455 1669
455 1892
455 1969
456 1054
456 1150
456 1611
456 1621
457 1074
457 1338
457 1341
457 1735
457 1945
458 785
458 1163
458 1287
458 1665
458 1714
459 502
459 938
459 1232
459 1755
459 1846
460 796
460 839
460 972
460 1353
460 1405
460 1648
460 1660
461 540
461 697
461 947
461 1409
461 1549
462 936
462 1483
462 1931
463 487
463 751
463 778
463 1367
463 1832
464 800
464 1190
464 1229
464 1441
464 1464
464 1543
464 1867
465 681
465 767
465 820
465 1047
465 1074
465 1826
466 1408
466 1902
467 734
467 903
467 910
467 1414
467 1729
467 1753
467 1944
468 761
468 1222
468 1822
468 1849
469 1019
469 1345
469 1544
469 1591
470 679
470 1206
470 1673
470 1810
471 669
471 860
471 1413
471 1435
471 1615
472 925
472 1341
473 593
473 762
473 1566
473 1655
474 582
474 631
474 737
474 968
474 1163
474 1380
474 1692
475 679
475 932
475 998
475 1593
475 1629
475 1793
475 1897
476 1263
476 1879
477 551
477 880
477 1082
477 1591
477 1989
477 1999
478 707
478 1061
478 1919
479 605
479 1322
479 1348
479 1613
479 1881
480 987
480 1132
480 1638
480 1690
480 1755
481 546
481 645
481 1442
481 1502
481 1597
481 1802
482 552
482 744
482 951
482 1241
482 1362
482 1878
483 594
483 712
483 1518
483 1978
484 509
484 716
484 1022
484 1172
485 656
485 663
485 1203
485 1288
485 1332
485 1373
485 1986
486 603
486 1518
486 1881
487 1115
487 1501
487 1576
487 1631
488 682
488 1085
488 1483
488 1796
488 1817
488 1866
489 913
489 1201
489 1240
489 1499
489 1517
489 1766
489 1928
490 523
490 871
490 984
490 1406
490 1669
491 1147
491 1175
491 1178
491 1218
491 1960
492 1234
492 1519
492 1552
492 1942
493 1064
493 1282
494 619
494 1386
494 1844
494 1913
495 591
495 824
495 1588
495 1659
495 1705
496 1253
496 1261
496 1429
496 1486
496 1559
496 1615
496 1625
496 1654
496 1677
497 505
497 853
497 1037
497 1116
497 1205
498 721
498 1065
498 1717
499 608
499 1136
500 506
500 694
500 749
500 761
500 1930
501 801
501 1082
501 1196
501 1452
501 1649
501 1934
501 1949
502 649
502 910
502 932
502 1506
502 1972
503 616
503 997
503 1022
503 1220
503 1810
504 685
504 1020
504 1090
504 1214
504 1333
504 1538
504 1809
505 753
505 803
505 840
506 753
506 1092
506 1791
507 655
507 910
507 917
507 1021
507 1139
507 1155
507 1925
508 565
508 1573
508 1870
509 629
509 1196
509 1316
509 1946
510 882
510 1378
510 1792
511 1101
511 1209
511 1408
511 1536
511 1594
511 1605
512 689
512 1104
512 1114
512 1408
513 805
513 1003
514 560
514 769
514 1126
514 1150
514 1896
515 934
515 1169
515 1320
515 1905
516 1158
516 1243
517 549
517 611
517 967
517 1488
517 1666
517 1863
518 731
518 1023
518 1323
518 1364
518 1791
518 1800
518 1926
518 1932
519 614
519 747
519 1057
519 1727
521 824
521 1588
521 1963
523 676
523 692
523 1100
523 1382
523 1534
523 1668
523 1984
524 848
524 975
524 1290
524 1472
524 1702
525 942
525 1002
525 1881
526 1862
527 695
527 812
527 1200
527 1462
528 651
528 679
528 833
528 1550
528 1623
528 1983
529 765
529 796
529 1279
529 1613
530 680
530 729
530 813
530 928
530 1406
530 1430
530 1563
530 1700
530 1715
531 974
531 1001
531 1983
532 533
532 606
532 837
532 1481
532 1531
532 1651
532 1659
533 1070
534 869
534 1022
534 1163
534 1308
534 1869
534 1893
534 1995
535 1428
535 1746
536 668
536 850
536 1371
536 1596
536 1676
537 788
537 1367
537 1491
537 1762
538 875
538 979
538 1468
538 1790
539 738
539 748
539 949
539 1063
539 1306
539 1380
539 1528
539 1629
539 1951
540 805
540 1327
540 1414
540 1599
540 1722
540 1769
541 751
541 935
541 1509
541 1929
542 610
542 646
542 784
542 977
542 1177
542 1654
542 1700
542 1761
542 1996
543 1126
543 1269
543 1532
543 1885
544 623
544 1095
544 1483
544 1547
544 1619
544 1932
544 1999
545 638
545 977
546 1379
547 953
547 978
547 1099
547 1209
547 1516
547 1717
547 1724
548 1004
548 1069
548 1105
548 1147
548 1698
549 559
549 1098
549 1575
549 1894
549 1907
549 1976
549 1987
550 1339
550 1344
551 724
551 1182
551 1579
551 1658
551 1724
552 585
552 625
552 690
552 877
552 1254
552 1322
552 1412
553 677
553 693
553 998
553 1021
553 1650
554 557
554 747
554 900
554 1064
554 1074
554 1113
554 1373
554 1473
554 1589
555 900
555 1284
555 1693
555 1759
555 1796
555 1807
556 1316
556 1626
556 1947
556 1993
557 931
557 1189
557 1369
557 1543
557 1825
557 1863
558 596
558 1855
559 693
559 928
559 1112
559 1264
560 1145
560 1149
560 1954
561 1137
561 1245
561 1336
561 1456
561 1530
562 665
562 841
562 1113
562 1184
562 1379
562 1417
562 1422
563 772
563 989
563 1082
563 1500
563 1696
564 695
564 722
564 740
564 1436
564 1765
564 1784
564 1822
565 703
565 826
565 1254
565 1395
565 1478
565 1650
565 1814
565 1935
566 944
566 994
566 1282
566 1647
566 1981
567 753
567 773
567 1043
567 1076
567 1383
567 1494
567 1880
568 609
568 1636
569 728
569 1447
569 1450
569 1451
569 1807
569 1960
570 732
570 1157
570 1164
570 1385
571 767
571 1175
571 1352
571 1489
571 1747
571 1855
572 1318
572 1807
572 1918
572 1929
573 583
573 1031
573 1508
574 1068
574 1614
574 1933
574 1997
575 1103
575 1267
575 1628
575 1705
575 1966
576 1556
577 918
577 998
577 1231
577 1379
577 1462
577 1492
577 1770
577 1946
578 586
578 1670
578 1686
578 1713
578 1892
579 759
579 1274
579 1845
580 728
580 1105
580 1369
580 1545
581 1594
582 689
582 794
582 1153
582 1266
582 1337
582 1631
582 1756
582 1982
583 799
583 1995
584 626
584 892
584 1107
584 1387
584 1544
584 1803
585 1122
585 1537
585 1702
585 1769
585 1859
586 1201
586 1482
586 1734
586 1928
587 1741
587 1775
588 599
588 867
588 889
588 1167
588 1611
588 1858
588 1986
589 804
589 1037
589 1939
590 1617
591 713
591 1326
591 1940
592 834
592 1298
592 1669
593 645
593 1235
593 1696
593 1874
594 803
594 1120
594 1601
594 1887
595 1494
595 1559
595 1869
596 1114
596 1472
597 712
597 839
597 1006
597 1071
597 1078
597 1535
597 1585
597 1682
598 828
598 931
598 1686
598 1720
598 1725
599 1085
599 1512
599 1891
599 1957
600 808
600 812
600 885
600 1484
601 1124
601 1133
601 1210
601 1731
601 1781
602 1113
602 1135
602 1180
602 1443
602 1708
602 1927
603 848
603 856
603 1780
604 861
604 966
604 1173
604 1302
604 1419
604 1460
604 1568
604 1679
605 794
605 1058
605 1617
605 1934
606 1274
606 1347
606 1360
606 1649
606 1949
607 697
607 858
607 900
607 1149
607 1473
607 1758
608 855
608 943
608 1165
608 1246
608 1746
608 1988
609 672
609 713
609 1075
609 1878
609 1949
610 1540
610 1718
611 1644
611 1764
612 1612
612 1844
612 1846
613 793
613 1102
613 1516
614 1319
614 1509
614 1537
614 1540
614 1667
614 1736
614 1789
615 759
615 974
615 1158
615 1702
616 876
616 926
616 1380
616 1534
616 1731
617 655
617 1293
617 1875
617 1980
618 1114
618 1367
618 1380
618 1733
619 1444
619 1730
620 708
620 900
620 939
620 1049
620 1297
620 1538
620 1986
621 781
621 1512
621 1547
621 1562
622 736
622 825
622 966
622 1188
622 1498
623 980
623 1165
623 1380
623 1919
623 1982
624 1289
625 749
625 768
625 980
625 1172
625 1601
625 1820
626 1769
626 1921
627 650
627 806
627 976
627 1023
627 1036
627 1105
627 1614
628 857
628 1335
628 1805
628 1858
629 768
629 977
629 1037
629 1255
629 1265
629 1525
629 1868
630 693
630 802
630 881
630 1293
630 1306
631 731
631 944
631 1175
631 1482
631 1709
632 638
632 1061
632 1156
632 1252
632 1258
632 1468
632 1582
633 916
633 998
633 1372
633 1651
634 818
634 1700
635 651
635 757
635 1336
635 1608
636 1372
636 1640
636 1827
637 1245
637 1405
637 1471
638 929
638 1309
639 718
639 770
639 971
639 1439
639 1498
639 1558
639 1753
639 1913
640 728
640 933
640 1079
640 1392
641 1373
641 1513
641 1810
642 1081
642 1815
643 788
643 1009
644 714
644 720
644 1068
644 1111
644 1165
644 1206
644 1276
644 1415
644 1423
645 646
645 902
645 1094
645 1475
645 1747
646 948
646 1343
646 1422
646 1531
646 1580
647 888
647 1211
647 1823
648 723
648 853
648 861
648 1441
649 731
649 1244
649 1461
649 1835
649 1997
650 756
650 1229
650 1248
650 1580
650 1989
651 757
651 900
651 1081
651 1239
651 1444
651 1988
652 675
652 728
652 1672
652 1880
653 877
653 1660
653 1904
654 713
654 723
654 848
654 1507
654 1844
654 1994
655 788
655 973
655 1547
656 1588
657 1320
658 1253
658 1299
658 1656
658 1746
658 1913
659 1153
659 1287
659 1830
659 1886
660 1181
660 1247
660 1455
660 1459
660 1560
660 1881
661 748
661 1114
661 1878
661 1942
661 1957
662 1601
662 1860
663 691
663 881
663 1320
663 1435
663 1477
663 1544
663 1759
664 812
664 1246
664 1409
664 1595
665 706
665 1203
665 1269
665 1904
666 1463
666 1521
666 1591
667 740
667 1629
667 1630
667 1735
667 1897
667 1905
668 775
668 1328
668 1398
668 1497
668 1864
668 1954
669 1029
669 1162
669 1889
669 1928
670 838
670 1131
670 1851
671 1236
672 1098
672 1173
672 1512
672 1685
673 1282
673 1360
674 1978
675 694
675 770
675 1035
675 1380
675 1794
675 1823
676 1457
676 1633
676 1685
676 1976
677 888
677 925
677 1526
677 1551
677 1765
677 1804
678 1290
678 1621
678 1935
679 761
679 806
679 847
679 1640
679 1668
679 1671
680 892
680 922
680 1170
680 1502
680 1698
680 1833
681 1782
682 1021
682 1209
682 1229
682 1817
683 1091
683 1362
683 1402
683 1461
684 1194
684 1303
684 1886
685 1554
686 960
686 1038
686 1395
686 1696
686 1790
686 1812
686 1984
687 691
687 1208
688 819
688 882
688 923
688 1077
688 1647
688 1767
688 1865
688 1898
689 787
689 1054
689 1627
689 1812
690 1411
691 701
691 884
691 1377
691 1835
691 1920
692 706
692 838
692 1149
692 1997
693 985
693 1960
694 698
694 824
694 910
694 1177
694 1464
694 1552
694 1723
695 940
695 977
695 1228
695 1693
695 1748
695 1948
696 729
696 908
696 1277
696 1513
697 1206
697 1384
697 1475
697 1529
697 1644
697 1960
698 1007
698 1597
698 1681
698 1759
699 901
699 1140
699 1326
699 1332
699 1981
700 884
700 916
700 1181
701 1479
701 1626
701 1708
702 1385
702 1548
702 1834
702 1852
702 1888
703 826
703 1230
703 1411
703 1907
704 1285
705 714
705 766
705 1462
705 1704
705 1770
705 1795
705 1915
706 1469
706 1495
706 1568
706 1585
706 1745
707 818
707 1093
707 1205
707 1207
707 1222
707 1288
707 1324
707 1870
707 1880
708 793
708 872
708 1556
708 1844
709 729
709 777
709 1055
709 1094
709 1142
709 1368
709 1539
709 1735
709 1902
710 764
710 883
710 936
710 1236
711 920
711 982
711 1357
712 914
712 1496
712 1831
712 1977
713 799
713 935
713 950
713 1077
713 1130
713 1220
713 1242
713 1457
713 1555
713 1702
713 1764
714 1001
714 1667
714 1880
715 1601
715 1885
716 881
716 985
716 1439
716 1513
717 855
717 1372
717 1444
717 1836
718 1155
718 1270
718 1377
718 1408
718 1858
719 750
719 964
719 970
719 1573
719 1581
719 1739
719 1788
720 896
720 1259
720 1460
720 1769
720 1785
721 878
721 1302
721 1448
722 949
722 1659
722 1791
722 1973
723 1088
723 1502
724 1118
724 1204
724 1563
725 1319
725 1341
726 988
726 1181
726 1374
726 1431
726 1698
726 1876
728 896
728 1037
728 1277
728 1624
728 1897
729 898
729 958
729 1359
729 1379
729 1466
729 1944
730 1018
730 1080
730 1147
731 1003
731 1343
731 1347
731 1678
732 806
732 1019
732 1303
732 1402
732 1596
732 1612
732 1732
733 850
733 942
733 1433
733 1804
734 976
734 1180
734 1188
734 1897
735 985
735 1043
736 1405
736 1930
737 746
737 843
737 972
737 1359
737 1799
737 1893
738 1080
738 1508
738 1625
739 750
739 830
739 1103
739 1131
739 1206
739 1281
739 1380
739 1692
740 844
740 1084
740 1236
740 1980
741 1023
741 1248
741 1393
742 1775
742 1828
742 1891
743 752
743 1695
743 1720
744 1101
744 1309
744 1726
744 1969
745 1134
745 1199
745 1527
745 1605
746 1419
746 1486
746 1823
747 1264
747 1344
747 1474
747 1909
748 770
748 1771
749 750
749 757
749 1017
749 1216
749 1730
750 1047
750 1054
750 1281
751 1409
752 985
752 1549
752 1759
752 1791
753 1222
753 1964
754 1243
754 1480
754 1697
754 1961
755 848
756 773
756 942
756 1634
756 1780
756 1790
757 1227
757 1241
758 763
758 1131
759 1416
759 1612
759 1702
759 1843
760 848
760 864
760 1089
760 1943
761 1054
761 1150
761 1193
761 1855
762 805
762 916
762 921
762 1070
762 1127
762 1249
762 1694
763 854
763 904
763 1028
764 1055
765 1211
765 1716
765 1753
766 1493
766 1518
767 1128
767 1303
767 1322
767 1506
767 1689
767 1918
768 914
768 1003
769 797
769 980
769 1007
769 1372
769 1705
769 1754
770 923
770 1126
770 1642
770 1643
770 1938
771 1115
771 1169
771 1412
771 1689
771 1947
772 801
772 999
772 1687
772 1826
773 999
773 1066
773 1561
773 1785
773 1918
774 804
774 1215
774 1728
775 861
775 919
775 1373
776 800
776 1827
776 1993
777 924
777 939
777 1390
777 1441
777 1461
777 1615
778 889
778 1218
778 1219
778 1265
778 1329
778 1468
778 1680
778 1835
778 1897
778 1926
779 972
779 1155
779 1756
779 1850
780 1902
781 1257
781 1280
781 1327
781 1613
781 1962
782 970
782 1472
782 1511
782 1778
783 990
783 1551
783 1582
784 1266
784 1274
784 1382
784 1932
784 1995
785 848
785 946
785 1020
785 1137
785 1366
785 1504
785 1912
786 1521
786 1933
787 789
787 1169
787 1634
787 1672
788 1640
788 1766
788 1795
788 1811
789 947
790 1008
790 1187
790 1554
790 1939
791 1027
791 1376
791 1449
791 1682
791 1789
792 850
792 1405
792 1846
793 1073
793 1358
793 1361
793 1526
793 1690
794 1817
794 1892
795 1070
795 1118
795 1309
795 1455
795 1627
796 1269
797 869
797 963
797 1078
797 1245
797 1736
797 1814
798 846
798 925
798 940
798 994
798 1222
798 1906
799 896
799 1048
799 1221
799 1699
799 1786
799 1805
799 1811
800 1013
800 1247
800 1567
800 1722
800 1865
801 1064
801 1301
801 1922
801 1962
802 1834
802 1846
802 1855
802 1888
803 1044
803 1552
803 1578
803 1705
804 946
804 1208
804 1748
804 1904
805 829
805 1312
805 1581
805 1792
805 1891
805 1937
806 1846
807 887
807 1100
807 1665
808 1541
809 1246
809 1888
810 954
810 1485
810 1870
810 1948
811 888
811 1112
811 1438
811 1560
811 1776
812 894
812 1198
812 1767
812 1889
813 1102
813 1104
813 1456
813 1964
814 1229
814 1794
814 1833
815 1015
815 1773
816 1180
816 1721
816 1991
817 1138
817 1163
817 1515
817 1562
817 1823
817 1828
818 842
818 884
819 939
819 1240
819 1301
819 1653
819 1829
820 824
820 963
820 1071
820 1080
820 1708
821 1713
821 1905
822 823
822 848
822 858
822 960
822 1267
822 1429
822 1656
822 1736
823 962
823 1270
823 1674
823 1719
824 990
825 928
825 983
825 1147
825 1884
826 1067
826 1372
826 1618
826 1703
827 1184
827 1964
828 1101
828 1124
828 1291
828 1427
829 974
829 1161
829 1564
830 985
830 1142
830 1154
830 1520
830 1909
831 1118
831 1456
832 878
832 1102
832 1332
832 1353
832 1425
832 1494
832 1500
832 1984
833 852
833 910
833 1114
833 1589
834 854
834 1106
834 1427
835 903
835 970
835 1048
835 1234
835 1942
836 846
836 1697
836 1919
837 1224
837 1491
837 1563
837 1602
837 1656
837 1695
837 1758
837 1920
837 1976
838 846
838 1012
838 1393
838 1849
838 1899
839 1280
839 1558
839 1979
839 1991
840 1498
840 1702
840 1770
840 1782
841 1467
841 1524
841 1817
842 854
843 864
843 1009
843 1681
843 1840
844 1637
844 1669
844 1857
845 1069
845 1226
845 1407
846 1647
847 1172
847 1566
848 864
848 872
848 1391
848 1659
849 1122
849 1145
849 1814
849 1841
849 1906
850 892
850 1595
850 1775
850 1913
850 1969
851 937
852 1211
852 1520
852 1552
853 918
853 943
853 1136
853 1223
853 1554
853 1647
853 1851
854 890
854 942
855 1273
855 1567
855 1825
856 1732
856 1885
857 975
858 1553
859 1116
859 1329
859 1665
860 1022
860 1207
860 1975
860 1976
861 892
861 1248
861 1333
861 1846
862 893
862 1076
862 1168
862 1378
862 1722
862 1994
863 896
863 925
864 1236
864 1870
865 1174
865 1274
865 1583
865 1663
865 1824
865 1959
866 1000
866 1169
866 1345
866 1578
866 1773
866 1888
867 962
867 1047
867 1203
867 1622
867 1802
868 884
868 1048
868 1529
868 1552
868 1608
868 1890
869 929
869 1769
869 1937
870 1053
870 1283
870 1534
870 1625
870 1675
870 1708
870 1820
870 1881
872 1152
872 1408
872 1441
873 1651
874 1023
875 909
875 1243
875 1616
875 1728
876 971
876 1059
876 1251
876 1433
876 1435
876 1748
877 965
877 1280
877 1444
877 1839
878 1135
878 1212
878 1240
878 1243
878 1513
878 1690
879 1020
879 1029
879 1793
879 1842
880 1066
880 1352
880 1439
882 928
882 1036
882 1424
882 1490
882 1491
882 1567
882 1584
882 1906
883 1079
883 1739
883 1746
883 1933
883 1957
884 960
884 1002
884 1408
884 1447
884 1978
885 952
885 962
885 1268
885 1480
886 1036
886 1217
886 1728
886 1986
887 1081
887 1889
888 937
888 1304
888 1307
888 1370
888 1404
888 1637
888 1757
889 1253
889 1349
889 1910
889 1911
890 1138
890 1322
890 1454
891 993
891 1417
891 1482
892 1514
892 1536
893 1542
893 1764
893 1876
894 913
894 923
894 1147
894 1197
894 1252
894 1512
894 1583
894 1697
895 919
895 1000
895 1010
895 1072
896 950
896 1310
896 1912
897 1214
897 1647
898 941
898 1787
898 1877
899 1183
899 1228
899 1518
899 1868
899 1876
899 1956
900 929
900 1216
900 1399
901 959
901 1021
901 1240
901 1244
901 1331
901 1443
902 948
902 1187
902 1266
902 1812
902 1837
903 1143
903 1275
903 1361
903 1366
903 1506
904 1067
904 1215
904 1219
904 1421
905 1781
906 1487
906 1583
906 1714
907 1614
908 1003
908 1110
908 1123
908 1798
909 1029
909 1421
910 1380
910 1596
911 1096
911 1404
911 1724
912 1440
912 1637
912 1641
912 1740
912 1832
913 1381
913 1584
914 938
914 1138
914 1258
914 1616
914 1685
915 1137
915 1148
915 1209
915 1295
915 1594
915 1601
916 1364
916 1391
916 1725
917 1205
917 1380
917 1563
917 1866
917 1950
918 1048
918 1052
918 1420
918 1744
919 1375
920 965
920 1021
920 1526
921 964
921 1634
921 1754
921 1858
921 1946
922 1850
922 1976
923 1693
924 992
924 1457
924 1651
925 1461
925 1714
925 1895
926 1081
926 1142
926 1546
927 1691
927 1734
927 1925
928 986
928 1058
928 1074
928 1615
929 1129
929 1187
929 1780
930 1083
930 1229
931 1736
932 990
932 1243
933 1177
933 1280
933 1712
934 934
934 1064
934 1151
934 1516
934 1691
936 1913
936 1987
937 1128
937 1581
938 1640
939 1670
940 1739
941 1277
941 1361
942 1112
942 1416
942 1518
942 1556
942 1913
943 1034
943 1123
943 1583
944 1292
944 1349
944 1860
944 1874
945 1360
945 1695
945 1790
945 1877
945 1900
946 1322
946 1738
946 1792
947 1096
947 1396
947 1750
947 1802
948 1100
948 1509
948 1951
949 1101
949 1432
950 957
950 1193
950 1321
950 1518
951 1059
952 963
952 1080
952 1333
953 1085
953 1192
953 1239
953 1430
953 1522
953 1598
953 1889
954 1046
954 1214
954 1352
954 1612
954 1861
954 1948
955 1018
955 1586
955 1682
955 1865
956 1183
956 1511
956 1551
956 1733
957 959
957 1445
957 1452
957 1873
958 1243
958 1247
958 1700
959 1100
959 1423
959 1589
959 1824
959 1906
960 1058
960 1074
960 1474
960 1889
961 1383
961 1471
961 1823
962 992
962 1180
962 1237
962 1284
962 1332
962 1399
962 1567
962 1856
962 1870
962 1908
962 1941
962 1984
963 1167
963 1201
963 1341
963 1585
963 1997
964 1510
964 1944
964 1959
965 1492
965 1724
965 1807
966 1080
966 1730
967 1138
967 1346
967 1353
967 1591
968 1239
968 1673
969 1074
969 1289
969 1380
969 1558
969 1573
970 1697
971 972
971 1332
971 1336
971 1579
971 1632
971 1792
972 1171
972 1442
973 1088
973 1292
973 1985
974 1139
974 1572
974 1754
975 1187
976 1338
976 1476
976 1592
976 1758
976 1981
977 1035
978 1301
978 1429
979 1875
980 1138
980 1156
980 1611
981 1037
981 1351
981 1497
981 1698
981 1843
982 1579
982 1806
983 1589
983 1655
984 1029
984 1086
984 1553
985 1276
985 1849
986 1138
986 1254
986 1732
987 1010
987 1063
987 1379
987 1461
987 1798
988 1322
988 1829
989 1152
989 1182
989 1228
989 1306
989 1308
990 1050
990 1120
990 1306
990 1486
990 1628
990 1856
991 1228
991 1539
991 1761
991 1876
992 1104
993 1219
993 1612
994 1098
994 1412
994 1669
995 1062
995 1453
995 1489
995 1537
995 1642
995 1731
995 1859
996 998
996 1427
996 1531
996 1902
997 1416
997 1718
997 1920
998 1056
998 1327
998 1635
998 1997
999 1777
1000 1947
1001 1367
1001 1687
1001 1906
1001 1996
1002 1280
1002 1942
1003 1242
1003 1283
1003 1375
1003 1401
1003 1415
1003 1440
1003 1541
1003 1627
1003 1634
1003 1815
1004 1053
1004 1333
1004 1409
1004 1728
1005 1012
1005 1451
1005 1603
1005 1751
1006 1313
1007 1254
1007 1838
1008 1509
1009 1461
1009 1487
1009 1527
1009 1586
1009 1762
1009 1787
1010 1356
1010 1486
1010 1662
1010 1828
1011 1115
1011 1855
1011 1870
1012 1738
1013 1022
1013 1083
1013 1273
1014 1569
1014 1909
1015 1226
1015 1510
1015 1743
1015 1960
1016 1466
1016 1801
1016 1887
1017 1187
1017 1197
1018 1816
1018 1956
1019 1340
1019 1365
1019 1810
1019 1859
1019 1937
1020 1533
1020 1623
1020 1803
1021 1024
1021 1441
1022 1295
1022 1603
1022 1989
1023 1234
1023 1325
1023 1765
1023 1900
1023 1904
1023 1953
1024 1165
1025 1457
1026 1901
1027 1096
1027 1268
1027 1340
1027 1411
1028 1204
1028 1352
1028 1762
1029 1191
1029 1245
1029 1851
1029 1966
1029 1967
1030 1447
1030 1736
1030 1828
1030 1836
1031 1198
1031 1395
1031 1646
1031 1821
1032 1120
1032 1548
1032 1752
1032 1806
1033 1326
1033 1414
1033 1607
1034 1185
1034 1429
1034 1736
1034 1761
1034 1895
1035 1422
1035 1591
1035 1625
1035 1634
1035 1993
1036 1333
1037 1117
1037 1604
1038 1784
1039 1501
1040 1108
1040 1207
1040 1250
1040 1843
1041 1281
1041 1322
1041 1343
1041 1937
1042 1527
1043 1212
1043 1408
1043 1552
1043 1598
1043 1684
1043 1976
1044 1943
1045 1843
1046 1908
1046 1920
1048 1604
1048 1653
1049 1143
1049 1708
1049 1960
1050 1278
1051 1185
1051 1418
1051 1729
1052 1212
1052 1252
1052 1297
1052 1368
1052 1623
1052 1630
1052 1923
1053 1115
1054 1580
1055 1424
1055 1606
1056 1456
1056 1681
1056 1704
1056 1713
1056 1785
1056 1830
1056 1886
1057 1283
1057 1387
1057 1752
1057 1959
1058 1099
1058 1246
1058 1458
1058 1639
1059 1225
1059 1310
1059 1419
1059 1545
1059 1734
1059 1799
1060 1433
1060 1567
1060 1879
1061 1196
1061 1210
1061 1382
1061 1476
1061 1560
1062 1378
1062 1482
1062 1492
1062 1574
1064 1121
1064 1558
1064 1588
1064 1640
1064 1885
1064 1951
1065 1302
1065 1365
1065 1609
1065 1909
1066 1141
1066 1293
1066 1320
1066 1428
1066 1528
1066 1564
1066 1785
1066 1828
1067 1338
1067 1601
1068 1636
1069 1103
1069 1207
1069 1645
1070 1712
1070 1983
1071 1727
1071 1734
1071 1819
1071 1874
1072 1262
1072 1263
1072 1424
1072 1750
1072 1803
1073 1094
1074 1087
1074 1788
1075 1234
1076 1785
1077 1792
1077 1824
1077 1984
1078 1152
1078 1521
1078 1662
1079 1428
1079 1704
1079 1884
1079 1958
1081 1460
1081 1524
1081 1882
1082 1386
1083 1187
1083 1707
1083 1730
1083 1822
1083 1976
1084 1302
1084 1590
1084 1696
1084 1707
1084 1788
1084 1907
1085 1097
1085 1280
1085 1398
1085 1572
1085 1790
1087 1193
1087 1509
1087 1933
1088 1326
1088 1360
1088 1676
1089 1302
1089 1569
1089 1831
1090 1443
1090 1489
1090 1894
1090 1955
1091 1236
1091 1615
1091 1922
1092 1164
1092 1828
1093 1213
1093 1497
1093 1554
1093 1583
1093 1613
1093 1665
1094 1148
1094 1940
1095 1154
1095 1261
1095 1593
1095 1799
1095 1844
1096 1569
1096 1572
1097 1199
1097 1298
1097 1358
1097 1475
1098 1128
1098 1167
1098 1284
1098 1581
1098 1617
1098 1818
1100 1218
1100 1492
1100 1636
1100 1731
1100 1824
1101 1828
1101 1900
1101 1936
1102 1424
1102 1845
1102 1944
1103 1225
1103 1468
1104 1230
1104 1283
1104 1447
1104 1618
1104 1770
1104 1947
1105 1233
1105 1677
1106 1226
1106 1545
1106 1642
1106 1898
1106 1908
1107 1223
1107 1275
1107 1376
1108 1432
1109 1267
1109 1436
1109 1714
1109 1999
1110 1194
1110 1332
1110 1340
1110 1394
1111 1235
1111 1286
1111 1451
1111 1741
1112 1369
1112 1556
1112 1705
1113 1373
1113 1862
1113 1965
1113 1985
1114 1613
1114 1683
1114 1783
1114 1970
1116 1124
1117 1351
1117 1468
1117 1565
1117 1585
1118 1350
1118 1356
1118 1867
1119 1448
1119 1598
1119 1928
1121 1874
1122 1436
1122 1641
1122 1717
1122 1798
1122 1823
1122 1906
1123 1296
1123 1387
1123 1422
1123 1445
1123 1773
1124 1604
1125 1690
1126 1438
1126 1450
1126 1574
1126 1700
1126 1777
1127 1817
1128 1206
1128 1473
1128 1704
1128 1777
1128 1785
1129 1144
1129 1391
1129 1397
1129 1402
1129 1789
1130 1139
1130 1192
1130 1284
1130 1416
1130 1800
1131 1445
1131 1572
1131 1802
1131 1850
1131 1963
1131 1969
1132 1657
1132 1746
1132 1900
1133 1542
1133 1590
1133 1795
1134 1533
1134 1698
1136 1301
1136 1552
1136 1806
1136 1979
1137 1358
1137 1428
1137 1465
1137 1611
1137 1837
1138 1523
1139 1457
1139 1466
1139 1785
1140 1404
1140 1502
1140 1523
1140 1707
1141 1581
1141 1790
1141 1792
1141 1857
1141 1894
1141 1969
1142 1182
1142 1336
1142 1407
1142 1685
1142 1755
1143 1603
1143 1857
1144 1411
1145 1891
1145 1939
1146 1547
1146 1655
1146 1872
1147 1450
1147 1633
1147 1779
1148 1215
1148 1225
1148 1307
1148 1352
1148 1815
1149 1193
1149 1489
1150 1555
1150 1670
1151 1230
1151 1583
1151 1591
1151 1746
1151 1826
1151 1838
1152 1330
1152 1881
1152 1892
1153 1933
1154 1271
1154 1457
1154 1590
1154 1658
1154 1811
1155 1387
1155 1520
1155 1620
1155 1859
1156 1186
1156 1239
1156 1259
1156 1271
1156 1533
1156 1699
1157 1401
1157 1981
1158 1196
1158 1726
1158 1832
1159 1209
1159 1652
1159 1915
1160 1475
1160 1701
1160 1927
1160 1981
1161 1573
1161 1801
1161 1864
1161 1936
1162 1396
1162 1496
1162 1566
1162 1683
1163 1523
1163 1637
1163 1807
1163 1941
1164 1538
1164 1737
1165 1239
1165 1263
1165 1347
1165 1420
1165 1860
1166 1408
1167 1399
1167 1444
1167 1479
1167 1497
1167 1665
1168 1229
1168 1685
1168 1729
1169 1266
1169 1267
1169 1520
1169 1599
1169 1719
1169 1855
1170 1706
1171 1188
1171 1425
1171 1548
1171 1775
1172 1469
1172 1546
1172 1783
1172 1813
1173 1361
1173 1508
1173 1829
1174 1214
1174 1220
1175 1259
1175 1339
1175 1538
1175 1585
1176 1564
1176 1651
1177 1405
1177 1506
1177 1712
1177 1763
1178 1625
1178 1722
1179 1796
1180 1530
1180 1597
1180 1927
1181 1580
1181 1612
1182 1323
1182 1328
1182 1585
1182 1793
1182 1803
1183 1513
1185 1200
1185 1418
1185 1938
1186 1654
1186 1853
1187 1470
1187 1850
1188 1196
1188 1231
1188 1790
1190 1517
1191 1812
1192 1274
1192 1583
1192 1885
1193 1278
1193 1525
1193 1568
1194 1290
1194 1345
1194 1822
1195 1549
1195 1603
1195 1605
1196 1302
1196 1309
1196 1485
1196 1491
1197 1279
1197 1366
1197 1479
1198 1473
1198 1486
1198 1884
1199 1247
1199 1401
1199 1785
1200 1237
1200 1431
1200 1751
1201 1475
1201 1548
1201 1754
1202 1327
1202 1689
1202 1722
1202 1773
1202 1954
1203 1205
1203 1419
1203 1626
1204 1637
1205 1369
1205 1528
1205 1537
1205 1858
1206 1561
1206 1920
1207 1212
1207 1709
1207 1859
1208 1786
1208 1981
1209 1669
1209 1917
1209 1980
1210 1317
1210 1877
1211 1281
1211 1518
1211 1575
1211 1643
1211 1644
1212 1976
1213 1217
1213 1220
1213 1439
1215 1354
1215 1476
1217 1278
1217 1809
1217 1950
1218 1221
1218 1266
1218 1639
1218 1723
1219 1373
1220 1329
1220 1654
1221 1693
1221 1871
1222 1928
1222 1990
1223 1467
1223 1704
1224 1359
1224 1372
1224 1590
1224 1666
1224 1725
1224 1881
1225 1937
1226 1745
1227 1386
1227 1794
1228 1338
1229 1312
1229 1521
1229 1684
1229 1839
1230 1601
1230 1795
1231 1871
1233 1364
1233 1471
1233 1904
1234 1649
1234 1691
1234 1831
1235 1245
1235 1542
1235 1590
1236 1260
1236 1516
1236 1868
1237 1801
1237 1814
1238 1460
1238 1467
1238 1653
1239 1808
1239 1850
1240 1473
1240 1994
1242 1243
1242 1349
1242 1372
1242 1453
1242 1578
1242 1696
1242 1897
1243 1630
1243 1937
1244 1867
1244 1982
1244 1995
1245 1484
1245 1697
1245 1819
1245 1954
1246 1601
1246 1645
1247 1603
1247 1658
1249 1819
1250 1830
1250 1878
1251 1627
1251 1904
1252 1486
1254 1281
1254 1643
1255 1551
1255 1574
1255 1602
1255 1605
1255 1959
1256 1321
1256 1571
1256 1952
1257 1325
1257 1458
1257 1885
1258 1448
1258 1622
1259 1338
1259 1810
1260 1540
1260 1861
1262 1385
1262 1692
1262 1774
1263 1401
1263 1643
1263 1949
1264 1468
1264 1932
1266 1859
1267 1815
1268 1379
1269 1944
1270 1443
1271 1603
1272 1356
1272 1430
1272 1476
1272 1768
1274 1375
1274 1417
1274 1658
1274 1922
1274 1960
1275 1384
1275 1689
1275 1795
1276 1517
1276 1740
1276 1955
1277 1373
1277 1525
1277 1914
1278 1980
1279 1302
1279 1406
1279 1696
1279 1785
1279 1828
1279 1850
1281 1283
1281 1285
1281 1304
1281 1382
1281 1465
1281 1543
1281 1980
1282 1478
1283 1310
1283 1395
1283 1726
1283 1858
1285 1476
1285 1781
1286 1832
1286 1860
1286 1863
1288 1665
1289 1323
1289 1653
1289 1778
1290 1506
1290 1616
1291 1352
1291 1362
1291 1618
1291 1988
1292 1468
1292 1727
1293 1333
1294 1473
1295 1304
1295 1787
1296 1609
1296 1800
1297 1691
1298 1802
1300 1420
1300 1459
1300 1731
1300 1980
1301 1535
1301 1820
1302 1896
1302 1981
1303 1858
1303 1918
1304 1490
1304 1778
1305 1589
1305 1830
1306 1406
1306 1548
1307 1429
1307 1654
1307 1790
1308 1402
1308 1543
1308 1789
1309 1344
1310 1405
1310 1767
1310 1877
1311 1374
1311 1390
1311 1800
1311 1881
1312 1639
1312 1881
1313 1685
1313 1700
1314 1344
1315 1895
1315 1921
1315 1999
1316 1426
1316 1713
1318 1558
1319 1327
1319 1792
1319 1896
1321 1328
1321 1514
1321 1576
1321 1656
1322 1603
1322 1718
1322 1727
1322 1902
1323 1988
1323 1998
1324 1730
1324 1794
1326 1702
1326 1886
1328 1458
1328 1833
1329 1345
1329 1431
1329 1442
1329 1848
1330 1471
1330 1823
1330 1895
1330 1998
1331 1545
1331 1839
1331 1906
1333 1444
1333 1678
1333 1980
1335 1553
1335 1605
1336 1722
1336 1837
1337 1637
1337 1672
1338 1452
1338 1495
1338 1540
1338 1549
1338 1617
1338 1644
1338 1835
1339 1853
1339 1949
1341 1627
1342 1815
1343 1763
1344 1426
1344 1494
1345 1924
1346 1417
1346 1452
1347 1461
1348 1374
1348 1586
1348 1652
1349 1527
1350 1430
1350 1593
1351 1353
1352 1734
1353 1650
1353 1800
1353 1930
1353 1961
1355 1948
1356 1429
1356 1982
1357 1733
1359 1363
1359 1401
1359 1990
1360 1813
1360 1942
1361 1510
1361 1554
1362 1395
1362 1704
1362 1783
1362 1984
1363 1396
1364 1394
1364 1550
1364 1714
1364 1877
1366 1643
1366 1774
1366 1970
1366 1981
1367 1700
1368 1522
1369 1633
1369 1668
1370 1594
1370 1651
1371 1902
1372 1658
1372 1915
1374 1707
1374 1730
1374 1948
1375 1404
1375 1604
1375 1802
1376 1583
1376 1882
1379 1841
1379 1886
1380 1753
1380 1996
1381 1825
1381 1948
1382 1594
1383 1460
1385 1423
1386 1532
1386 1636
1386 1848
1386 1869
1387 1943
1388 1424
1388 1574
1390 1973
1391 1446
1392 1960
1393 1462
1393 1762
1394 1759
1394 1889
1395 1834
1396 1781
1397 1616
1397 1634
1398 1508
1398 1567
1398 1624
1398 1740
1398 1747
1399 1478
1399 1685
1401 1470
1401 1472
1401 1522
1402 1675
1403 1474
1403 1676
1404 1657
1405 1843
1406 1630
1406 1666
1407 1711
1408 1496
1408 1525
1408 1544
1408 1803
1410 1444
1410 1602
1411 1425
1412 1446
1412 1481
1412 1780
1412 1850
1413 1620
1413 1723
1413 1803
1413 1910
1414 1573
1414 1590
1414 1651
1414 1968
1415 1663
1415 1829
1416 1941
1416 1954
1417 1849
1418 1651
1418 1807
1419 1785
1420 1901
1421 1600
1422 1808
1422 1866
1422 1925
1422 1981
1423 1459
1423 1581
1423 1690
1424 1793
1425 1693
1425 1708
1426 1759
1427 1981
1428 1916
1430 1706
1430 1919
1431 1834
1432 1586
1433 1795
1434 1591
1434 1761
1434 1845
1435 1493
1435 1499
1435 1858
1436 1716
1436 1729
1437 1583
1438 1739
1438 1788
1439 1456
1439 1496
1440 1820
1441 1891
1441 1921
1442 1950
1443 1535
1443 1757
1444 1632
1444 1703
1444 1811
1445 1827
1445 1922
1446 1709
1447 1559
1447 1908
1449 1504
1449 1618
1449 1637
1449 1688
1449 1724
1450 1688
1451 1782
1452 1727
1452 1753
1452 1975
1453 1466
1453 1802
1454 1498
1454 1661
1456 1805
1457 1524
1457 1789
1457 1805
1458 1982
1459 1580
1459 1599
1459 1970
1460 1543
1461 1469
1461 1676
1461 1684
1463 1639
1464 1750
1464 1888
1465 1481
1465 1892
1466 1493
1466 1598
1466 1638
1466 1953
1467 1547
1467 1570
1468 1587
1468 1871
1469 1979
1470 1521
1470 1601
1470 1770
1470 1834
1471 1945
1472 1546
1472 1691
1472 1994
1473 1954
1474 1495
1475 1568
1475 1708
1477 1776
1478 1902
1479 1766
1482 1486
1482 1494
1482 1856
1482 1954
1482 1992
1483 1914
1483 1916
1483 1973
1484 1724
1484 1841
1485 1615
1487 1494
1487 1714
1487 1946
1487 1956
1488 1543
1489 1585
1489 1817
1490 1604
1490 1843
1491 1761
1492 1662
1492 1711
1492 1791
1494 1960
1495 1648
1495 1748
1496 1658
1496 1941
1500 1618
1500 1951
1501 1566
1501 1601
1502 1768
1502 1811
1502 1874
1503 1692
1503 1916
1504 1688
1504 1768
1504 1776
1505 1809
1507 1579
1507 1785
1510 1530
1510 1893
1512 1744
1513 1698
1514 1745
1514 1853
1517 1588
1518 1657
1519 1562
1519 1649
1519 1811
1520 1599
1520 1734
1521 1538
1521 1585
1523 1769
1524 1764
1525 1869
1525 1937
1526 1545
1526 1621
1528 1778
1528 1933
1528 1977
1529 1753
1529 1958
1530 1846
1532 1959
1533 1659
1534 1751
1534 1794
1534 1871
1534 1879
1535 1871
1536 1649
1536 1666
1536 1885
1539 1619
1544 1745
1545 1783
1545 1850
1546 1809
1547 1715
1547 1970
1547 1973
1547 1980
1547 1989
1549 1789
1549 1833
1551 1564
1551 1614
1552 1904
1553 1604
1555 1716
1555 1913
1555 1920
1556 1691
1557 1692
1557 1708
1557 1895
1558 1743
1558 1775
1558 1844
1559 1644
1560 1598
1561 1620
1561 1795
1561 1813
1562 1600
1562 1666
1562 1858
1563 1820
1563 1929
1565 1673
1565 1996
1566 1612
1566 1883
1566 1884
1569 1802
1569 1988
1572 1833
1573 1900
1574 1908
1574 1999
1575 1578
1575 1698
1576 1740
1576 1803
1576 1968
1577 1862
1578 1613
1578 1761
1579 1832
1582 1594
1582 1903
1583 1892
1583 1932
1584 1701
1586 1656
1587 1717
1587 1847
1587 1933
1588 1635
1588 1942
1589 1693
1590 1747
1590 1838
1590 1872
1592 1751
1593 1918
1594 1768
1594 1783
1594 1821
1595 1720
1595 1846
1595 1853
1596 1728
1596 1939
1597 1630
1601 1918
1604 1932
1605 1791
1606 1948
1607 1684
1607 1929
1608 1940
1610 1749
1611 1669
1611 1848
1611 1919
1611 1935
1611 1937
1611 1938
1611 1993
1613 1742
1615 1660
1615 1824
1616 1766
1616 1979
1618 1768
1618 1799
1618 1828
1619 1726
1621 1641
1621 1701
1621 1742
1621 1798
1623 1625
1624 1738
1625 1673
1625 1947
1625 1975
1625 1978
1628 1743
1628 1868
1628 1975
1630 1634
1630 1975
1633 1656
1633 1721
1635 1744
1640 1857
1641 1760
1642 1724
1642 1873
1642 1914
1643 1755
1643 1821
1645 1661
1646 1912
1646 1990
1648 1845
1649 1678
1649 1778
1649 1954
1650 1769
1650 1802
1652 1730
1656 1670
1656 1801
1656 1987
1657 1830
1658 1743
1661 1759
1663 1769
1663 1824
1663 1846
1663 1855
1664 1740
1665 1743
1666 1785
1666 1834
1666 1909
1667 1709
1667 1822
1667 1840
1668 1679
1668 1717
1668 1724
1669 1846
1671 1908
1671 1917
1672 1722
1673 1781
1673 1854
1674 1674
1674 1678
1674 1947
1676 1856
1676 1882
1677 1772
1677 1788
1678 1718
1678 1801
1679 1734
1679 1987
1680 1726
1680 1905
1681 1775
1682 1942
1682 1981
1685 1955
1686 1728
1686 1765
1686 1828
1686 1847
1687 1930
1689 1762
1689 1997
1690 1889
1691 1947
1692 1728
1694 1908
1699 1874
1703 1763
1703 1857
1704 1760
1704 1966
1705 1919
1706 1807
1709 1932
1710 1755
1711 1722
1711 1879
1712 1800
1713 1931
1713 1959
1713 1962
1716 1940
1717 1765
1717 1888
1718 1809
1718 1989
1719 1819
1722 1734
1723 1822
1723 1875
1723 1980
1726 1753
1726 1798
1727 1902
1729 1824
1732 1948
1733 1833
1733 1880
1734 1818
1735 1815
1735 1940
1738 1746
1738 1769
1738 1819
1739 1773
1740 1867
1740 1925
1740 1936
1741 1928
1742 1801
1742 1841
1742 1886
1743 1747
1743 1777
1744 1750
1744 1754
1744 1956
1746 1923
1748 1772
1748 1829
1748 1946
1749 1830
1750 1856
1752 1874
1754 1888
1756 1790
1756 1919
1762 1782
1762 1864
1762 1979
1763 1860
1763 1919
1766 1872
1767 1794
1768 1925
1772 1801
1774 1823
1775 1785
1777 1782
1777 1823
1779 1879
1786 1937
1787 1798
1787 1999
1792 1839
1794 1935
1795 1807
1797 1892
1798 1903
1802 1924
1803 1917
1806 1861
1806 1924
1808 1827
1811 1886
1812 1976
1814 1861
1816 1920
1819 1832
1820 1849
1826 1935
1828 1926
1832 1902
1837 1857
1837 1865
1838 1978
1839 1856
1839 1962
1840 1843
1840 1999
1842 1957
1843 1944
1843 1993
1844 1936
1846 1947
1848 1994
1853 1906
1854 1896
1860 1977
1863 1933
1866 1870
1866 1934
1866 1972
1866 1996
1873 1930
1874 1918
1878 1987
1881 1914
1882 1982
1883 1924
1885 1938
1888 1941
1888 1970
1896 1910
1896 1928
1898 1923
1899 1935
1903 1989
1903 1993
1904 1904
1904 1976
1911 1932
1913 1942
1919 1983
1925 1989
1927 1994
1928 1956
1930 1958
1931 1937
1949 1996
1959 1981
1966 1979
1977 1998
1990 1992
