2000
0 123
0 396
0 681
0 771
0 830
0 870
0 1089
0 1329
0 1782
0 1849
1 189
1 310
1 721
1 1675
2 87
2 596
2 1633
2 1942
3 587
3 773
3 917
3 986
3 1513
3 1611
3 1797
3 1914
4 190
4 314
4 411
4 924
4 1259
4 1373
4 1649
4 1779
4 1892
4 1904
5 241
5 763
5 899
6 211
6 456
6 757
6 768
7 312
7 507
7 876
7 1580
8 16
8 169
8 241
8 642
8 1235
8 1243
8 1458
8 1512
8 1684
8 1784
9 28
9 89
9 457
9 623
9 793
9 1372
9 1416
9 1786
9 1811
10 126
10 381
10 744
10 884
10 906
10 1005
10 1039
10 1335
10 1478
10 1989
11 735
11 923
11 924
11 1002
11 1363
11 1683
12 625
12 783
12 858
12 1603
12 1856
12 1959
13 22
13 313
13 1538
13 1973
13 1997
14 490
14 554
14 915
14 954
14 1045
14 1058
14 1418
14 1474
14 1481
14 1772
15 68
15 138
15 478
15 932
15 1072
15 1178
15 1366
15 1511
15 1586
15 1598
16 138
16 1257
16 1267
16 1717
17 209
17 307
17 936
17 1338
18 208
18 371
18 968
18 1034
18 1245
18 1496
18 1652
18 1676
19 358
19 411
19 595
19 1032
19 1521
20 311
20 314
20 395
20 1160
20 1161
20 1570
20 1654
20 1755
21 210
21 507
21 1652
21 1894
22 831
22 886
22 1030
22 1415
22 1880
23 70
23 305
23 378
23 414
23 496
23 831
23 941
23 1041
23 1184
23 1418
24 52
24 533
24 840
24 896
24 1028
24 1507
25 610
25 758
25 790
25 940
25 1216
25 1387
25 1587
26 110
26 647
26 1073
26 1219
26 1293
26 1849
26 1957
27 104
27 117
27 508
27 584
27 865
27 963
27 1017
27 1326
27 1669
27 1977
28 85
28 111
28 951
28 1441
28 1456
28 1930
29 228
29 722
29 807
29 955
29 1213
29 1485
29 1903
30 229
30 334
30 374
30 697
30 718
30 802
30 1027
30 1157
30 1454
30 1475
30 1612
31 380
31 546
31 957
31 1113
32 110
32 157
32 659
32 1033
32 1378
32 1716
32 1976
32 1987
33 70
33 206
33 510
33 621
33 916
33 964
33 1416
33 1654
33 1729
33 1852
33 1946
33 1969
34 234
34 440
34 631
35 124
35 213
35 237
35 436
35 761
35 804
35 882
35 946
35 1108
35 1732
35 1739
35 1919
36 291
36 939
36 952
36 1061
36 1077
36 1247
36 1942
37 280
37 352
37 758
37 763
37 862
37 1384
37 1445
37 1563
38 572
39 208
39 328
39 948
39 1189
39 1618
39 1664
39 1738
39 1749
39 1836
39 1844
40 396
40 544
40 773
40 932
40 1003
40 1120
40 1460
40 1499
40 1859
41 90
41 439
41 484
41 1029
41 1884
42 919
42 1229
42 1454
43 52
43 257
43 362
43 710
43 1219
44 66
44 109
44 551
44 756
44 910
44 955
44 1070
44 1174
44 1770
44 1914
45 302
45 615
45 1001
45 1322
45 1506
45 1677
45 1944
46 378
46 604
46 810
46 1414
46 1462
46 1529
47 78
47 305
47 539
47 555
47 1148
47 1184
47 1647
47 1713
47 1921
47 1962
47 1982
48 606
48 997
48 1518
48 1560
48 1566
48 1610
48 1727
49 68
49 385
49 526
49 749
49 906
49 1683
49 1952
50 244
50 249
50 319
50 470
50 1250
50 1954
51 347
51 472
51 698
51 808
51 1021
51 1296
51 1334
51 1490
51 1837
51 1872
51 1921
52 380
52 627
52 1120
52 1374
52 1732
52 1877
53 589
53 601
53 1118
53 1392
54 228
54 355
54 1004
54 1096
54 1763
54 1913
55 220
55 330
55 821
55 858
55 1035
55 1430
55 1962
56 225
56 470
56 521
56 778
56 843
56 1096
56 1128
56 1141
56 1422
56 1425
56 1909
57 109
57 470
57 911
57 1169
57 1423
57 1820
57 1971
57 1985
58 414
58 932
58 1101
58 1499
58 1505
58 1885
59 240
59 504
59 989
59 1085
59 1626
59 1656
59 1690
60 515
60 875
60 1412
60 1796
61 248
61 492
61 698
61 776
61 1241
61 1546
61 1861
61 1931
62 63
62 602
62 651
62 849
62 868
62 1221
62 1929
63 789
63 1143
63 1281
63 1412
64 373
64 430
64 787
64 1164
64 1166
64 1505
64 1562
65 87
65 153
65 537
65 891
65 902
65 999
65 1123
65 1912
66 101
66 729
66 946
66 993
66 1203
66 1392
66 1660
66 1957
67 1051
67 1221
67 1255
67 1344
67 1906
68 176
68 228
68 303
68 500
68 940
68 1284
68 1372
69 254
69 301
69 430
69 671
69 1124
69 1201
69 1480
69 1823
69 1927
70 783
70 861
70 899
70 1026
70 1457
70 1489
70 1590
70 1633
70 1888
70 1920
71 342
71 878
71 1278
71 1337
71 1988
72 165
72 327
72 411
72 515
72 522
72 534
72 568
72 706
72 779
72 1044
72 1557
73 81
73 151
73 952
73 1070
73 1161
73 1233
74 367
74 743
74 1228
74 1273
74 1757
74 1860
74 1969
75 581
75 1885
76 218
76 1323
76 1344
76 1570
76 1634
76 1687
77 100
77 301
77 602
77 833
77 969
77 1174
77 1257
78 208
78 368
78 780
78 1529
78 1726
78 1791
79 111
79 1063
79 1539
79 1654
79 1809
80 735
80 1075
80 1882
80 1924
81 84
81 641
81 766
81 795
81 1245
81 1346
81 1486
81 1795
82 268
82 274
82 659
82 898
82 1709
82 1925
83 140
83 359
83 641
83 767
83 1978
84 301
84 641
84 712
84 1771
85 501
85 531
85 566
85 650
85 768
85 888
85 1044
85 1634
86 94
86 122
86 125
86 128
86 246
86 549
86 665
86 813
86 1006
87 377
87 619
87 680
87 729
87 1015
87 1150
87 1283
87 1381
87 1475
87 1584
87 1651
87 1833
87 1990
88 99
88 276
88 787
88 952
88 1110
88 1934
89 288
89 563
89 1127
89 1382
89 1483
89 1560
90 197
90 256
90 271
90 387
90 538
90 675
90 1094
90 1685
91 414
91 1007
91 1020
91 1589
91 1608
91 1610
91 1643
92 93
92 157
92 1066
92 1127
92 1223
92 1461
92 1545
92 1963
93 256
93 369
93 632
93 1089
93 1497
94 1156
94 1522
95 111
95 189
95 1491
95 1555
95 1659
95 1669
95 1895
96 179
96 394
96 836
96 992
96 1211
96 1721
96 1732
96 1994
97 97
97 911
97 1092
97 1094
97 1202
97 1219
98 314
98 445
98 984
98 1317
99 107
99 282
99 438
99 683
99 782
99 853
99 1001
99 1436
99 1680
99 1881
100 354
100 467
100 633
100 743
100 1243
100 1699
101 401
101 422
101 452
101 765
101 821
101 1094
101 1280
101 1497
101 1663
102 1433
103 790
103 824
103 1593
104 397
104 646
104 1048
104 1465
104 1502
104 1604
104 1821
104 1889
105 687
105 773
105 1073
105 1674
105 1775
105 1820
105 1991
106 607
106 746
106 770
106 830
106 894
106 1046
106 1349
106 1355
106 1562
106 1871
107 357
107 1482
107 1498
108 288
108 528
108 558
108 1708
108 1962
109 202
109 609
109 896
109 905
109 1472
109 1769
110 203
110 612
110 1537
110 1724
110 1735
111 234
111 316
111 363
111 814
111 1177
111 1256
111 1390
111 1937
112 593
112 632
112 641
112 1335
112 1407
112 1536
112 1638
112 1995
113 597
113 1318
113 1615
113 1668
113 1853
114 131
114 556
114 582
114 861
114 946
114 1133
114 1195
114 1354
114 1383
114 1619
114 1648
114 1716
114 1838
115 245
115 540
115 712
115 759
115 832
115 937
116 168
116 1109
116 1386
116 1401
117 257
117 670
117 1114
117 1297
117 1402
117 1413
117 1760
118 432
118 861
118 1035
118 1212
118 1595
118 1846
118 1947
119 365
119 561
119 608
119 933
119 1703
119 1761
119 1874
120 490
120 641
120 1115
120 1408
120 1600
121 193
121 522
121 647
121 713
121 1066
121 1605
121 1686
122 653
123 608
123 690
123 695
123 742
123 840
123 939
123 942
123 954
123 1084
124 226
124 1417
124 1481
124 1656
124 1848
124 1900
125 581
125 805
125 1104
125 1409
125 1525
126 757
126 1111
126 1552
126 1780
127 178
127 472
127 572
127 1331
127 1336
128 240
128 793
128 836
128 870
128 1119
128 1796
129 241
129 723
129 749
129 1604
130 393
130 487
130 494
130 537
130 655
130 685
130 1334
130 1342
130 1808
131 132
131 664
131 726
131 735
131 1345
131 1610
131 1878
132 206
132 411
132 486
132 491
132 1144
132 1602
132 1749
132 1786
133 166
133 948
133 1109
133 1562
133 1687
133 1984
134 395
134 509
134 999
134 1941
135 455
135 1621
135 1656
135 1834
135 1937
136 352
136 672
136 1275
137 761
137 833
137 1150
137 1211
138 415
138 608
138 1147
138 1186
138 1460
138 1792
138 1881
138 1954
139 265
139 407
139 577
139 685
139 982
139 1353
139 1943
140 319
140 680
140 834
140 1040
140 1379
140 1621
141 376
141 840
141 974
141 1360
141 1809
142 736
142 1035
142 1061
142 1429
142 1502
142 1509
142 1538
142 1549
143 275
143 332
143 815
143 1092
143 1197
143 1400
143 1494
143 1832
144 580
144 645
144 878
144 980
144 1395
144 1430
144 1617
144 1760
145 153
145 272
145 794
145 826
145 1042
145 1332
145 1581
145 1758
145 1994
146 356
146 703
146 842
147 223
147 563
147 653
147 1637
147 1756
147 1894
148 163
148 442
148 891
148 1172
148 1487
148 1713
149 196
149 678
149 685
149 756
149 1362
149 1378
149 1830
150 416
150 587
150 1252
151 467
151 609
151 633
151 984
151 1032
151 1253
151 1354
151 1793
151 1803
151 1834
152 650
152 1861
153 491
153 855
153 1038
153 1249
154 259
154 423
154 942
154 961
154 1057
154 1413
154 1851
155 245
155 355
155 820
155 829
155 1061
155 1552
155 1809
155 1899
156 570
156 991
156 1010
156 1585
157 510
157 787
157 1306
158 812
158 885
158 993
158 1058
158 1501
158 1966
159 1084
159 1108
159 1243
159 1302
160 681
160 721
160 899
160 1380
160 1383
160 1533
160 1546
161 261
161 364
161 655
161 808
161 820
161 1017
161 1356
161 1362
161 1504
161 1604
161 1709
161 1894
162 354
162 1022
162 1079
162 1223
162 1801
163 298
163 472
163 1135
163 1149
163 1464
163 1534
163 1833
163 1972
163 1974
164 209
164 841
164 926
164 953
164 1732
165 479
165 718
165 748
165 859
165 893
165 1704
166 391
166 562
166 1283
166 1410
166 1835
166 1972
167 281
167 1065
167 1397
167 1580
167 1709
167 1790
167 1833
168 439
168 955
168 1602
168 1721
168 1990
169 339
169 403
169 699
169 1737
170 943
170 1269
170 1399
170 1552
170 1821
171 727
171 1317
171 1581
171 1604
171 1693
171 1720
172 931
172 1913
173 515
173 810
173 966
173 1163
174 315
174 428
174 540
174 552
174 1013
174 1169
174 1211
174 1433
174 1512
174 1982
175 401
175 460
175 1151
175 1220
175 1238
175 1760
176 678
176 1599
176 1726
176 1767
177 481
177 898
177 956
177 1063
177 1114
177 1376
177 1632
177 1902
178 269
178 314
178 473
178 625
178 963
178 1386
178 1652
178 1810
179 185
179 482
179 908
179 1821
180 340
180 392
180 913
180 1635
180 1673
180 1682
181 264
181 709
181 1156
181 1442
181 1585
181 1776
181 1839
182 674
182 909
182 1401
182 1640
182 1818
182 1909
182 1950
183 231
183 419
183 694
183 924
184 321
184 701
184 741
184 1022
185 522
185 532
185 538
185 836
185 1449
185 1982
186 359
186 476
186 1233
186 1241
187 321
187 389
187 441
187 459
187 609
187 802
187 904
187 1127
187 1384
187 1611
188 1105
188 1558
188 1599
188 1659
188 1853
189 189
189 725
189 1005
189 1032
189 1993
190 457
190 641
190 1499
190 1684
191 377
191 474
191 609
191 661
191 835
191 1775
192 482
192 1184
192 1379
192 1402
192 1534
192 1719
193 472
193 578
193 996
193 1645
193 1756
194 428
194 579
194 582
194 706
194 1364
194 1387
194 1451
194 1624
195 598
195 657
195 1294
195 1443
195 1763
195 1906
196 1420
197 667
197 1106
197 1661
198 378
198 1324
198 1916
199 255
199 321
199 537
199 1465
200 233
200 479
200 836
200 1699
200 1842
201 722
201 764
201 1099
201 1177
201 1197
201 1475
201 1503
201 1588
202 288
202 526
202 543
202 817
202 832
202 1221
202 1488
202 1637
202 1755
202 1764
203 352
203 372
203 684
203 808
203 916
203 947
203 1041
203 1638
203 1780
203 1892
204 258
204 359
204 514
204 686
204 732
204 739
204 1066
204 1143
204 1271
204 1624
204 1893
205 252
205 1241
205 1641
205 1843
205 1902
206 210
206 264
206 471
206 939
206 1223
206 1449
206 1959
207 611
207 976
207 1052
207 1097
207 1144
207 1184
207 1271
207 1510
207 1514
207 1519
207 1690
208 764
208 1419
208 1980
209 971
209 1102
209 1325
209 1586
209 1603
210 328
210 428
210 1274
210 1309
210 1801
210 1938
211 341
211 1049
211 1242
212 720
212 728
212 796
212 1086
213 402
213 704
213 808
213 1705
213 1882
214 317
214 506
214 1273
214 1386
214 1391
214 1533
214 1676
214 1749
215 538
215 907
215 1499
215 1698
216 421
216 430
216 653
216 768
216 896
216 1040
216 1526
216 1665
216 1854
216 1983
217 339
217 901
217 917
217 1189
217 1242
217 1335
217 1672
218 447
218 522
218 685
218 759
218 1510
219 331
219 1131
219 1139
219 1356
219 1887
220 792
220 880
221 310
221 411
221 589
221 1017
221 1366
222 236
222 344
222 827
222 854
222 860
222 967
222 977
222 1039
222 1630
223 258
223 690
223 892
223 1141
223 1429
224 277
224 467
224 692
224 1639
224 1691
225 369
225 686
225 837
225 1312
225 1702
226 1898
227 494
227 749
227 984
228 547
228 1786
229 313
229 449
229 1145
229 1643
229 1657
229 1661
229 1819
229 1916
230 244
230 428
230 768
230 769
230 1972
231 742
231 960
231 1181
231 1662
231 1891
231 1948
232 238
232 1603
232 1614
232 1706
233 433
233 553
233 1112
233 1812
233 1842
234 832
234 833
234 1086
234 1133
235 354
235 907
235 992
235 1270
235 1443
235 1522
235 1886
236 313
236 487
236 1396
236 1537
236 1687
237 353
237 382
237 413
237 867
237 1167
237 1521
238 509
238 582
238 640
239 335
239 678
239 706
239 752
239 764
239 1182
239 1470
239 1724
240 1181
241 388
241 489
241 542
241 611
241 885
241 1206
241 1716
241 1876
242 336
242 1245
242 1373
242 1664
242 1696
242 1923
243 394
243 787
243 1004
243 1080
243 1403
243 1467
243 1940
244 257
244 745
244 788
244 1020
244 1058
244 1165
244 1223
244 1575
244 1843
245 625
245 750
245 891
245 1564
245 1691
245 1933
246 564
246 897
246 1825
246 1950
246 1958
247 644
247 872
247 1051
247 1750
247 1856
248 258
248 339
248 351
248 973
248 994
248 1541
248 1575
248 1601
248 1703
248 1773
249 546
249 1170
249 1285
249 1296
249 1377
249 1577
249 1750
250 285
250 678
250 792
250 1312
250 1384
250 1623
251 1011
251 1126
251 1653
251 1891
251 1907
252 401
252 873
252 895
252 1053
253 395
253 755
253 1041
253 1356
253 1938
254 391
254 573
254 611
254 652
254 917
254 1181
254 1810
254 1846
255 466
255 1333
255 1344
255 1471
255 1783
255 1835
256 669
256 804
256 949
256 1088
256 1802
257 473
257 1682
257 1895
257 1969
257 1978
258 1110
258 1275
258 1911
258 1928
258 1938
258 1993
259 322
259 437
259 685
259 702
259 1502
259 1756
260 366
260 1174
260 1443
261 703
261 1171
261 1227
261 1349
261 1435
261 1630
261 1677
261 1751
262 517
262 673
262 1171
263 462
263 539
263 834
263 862
263 865
263 1344
264 400
264 512
264 826
264 958
264 1127
264 1636
265 371
265 684
265 945
265 1062
265 1067
265 1495
265 1589
265 1638
265 1649
265 1833
265 1978
266 446
266 504
266 741
266 765
266 1752
267 315
267 770
267 874
267 1104
267 1345
268 561
268 576
268 1262
268 1303
268 1750
268 1866
269 331
269 785
269 929
269 954
270 425
270 847
270 991
270 1648
270 1899
271 517
271 583
271 584
271 603
271 956
271 1956
272 393
272 435
272 949
272 1100
272 1450
272 1653
272 1798
273 478
273 1033
273 1040
273 1294
273 1403
273 1548
273 1553
273 1713
273 1922
273 1963
273 1974
274 1360
275 498
275 603
275 885
275 1658
276 400
276 513
276 636
276 1073
276 1392
277 489
277 896
277 953
277 1019
277 1115
277 1816
278 569
278 1165
278 1415
278 1610
278 1962
279 313
279 399
279 1170
279 1222
279 1401
279 1541
279 1792
279 1875
279 1921
280 496
280 604
280 756
280 955
280 1153
280 1354
281 1075
281 1202
281 1642
282 859
282 1295
282 1654
282 1721
283 798
283 826
283 829
283 1057
283 1656
284 648
284 743
284 1111
284 1691
284 1883
285 354
285 355
285 1015
285 1125
285 1506
285 1597
286 409
286 827
286 1099
286 1119
286 1396
286 1731
286 1900
287 323
287 501
287 690
287 1198
287 1252
287 1401
287 1750
287 1763
288 331
288 776
288 1674
289 306
289 463
289 1144
289 1316
289 1877
290 659
290 1028
290 1229
290 1390
290 1708
291 294
291 406
291 439
291 1025
291 1214
291 1995
292 322
292 345
292 524
292 621
292 698
292 1019
292 1177
292 1367
292 1903
293 423
293 614
293 1242
293 1861
294 338
294 378
294 485
294 612
294 878
295 563
295 773
295 819
295 1151
296 477
296 758
296 844
296 1107
296 1720
297 388
297 894
297 1543
297 1619
297 1667
297 1704
298 486
298 1235
298 1337
298 1670
298 1853
298 1983
299 387
299 706
299 1076
299 1283
299 1419
299 1546
299 1754
299 1895
299 1975
300 457
300 514
300 712
300 944
300 1034
300 1434
300 1692
300 1778
301 486
301 873
301 1108
301 1136
301 1502
301 1731
302 356
302 397
302 435
302 474
302 771
302 931
302 939
302 1018
302 1199
302 1472
302 1633
302 1649
302 1675
303 340
303 414
303 432
303 1041
303 1389
303 1463
303 1629
303 1653
303 1792
303 1876
303 1935
304 337
304 514
304 522
304 1013
304 1424
304 1465
304 1789
305 948
305 979
305 1020
305 1220
305 1286
306 329
306 496
306 624
306 632
306 648
306 748
306 1209
306 1463
306 1492
306 1550
306 1838
307 333
307 952
307 1622
307 1805
307 1859
308 940
308 1896
309 585
309 701
309 1237
309 1871
310 478
310 1301
310 1881
310 1933
311 469
311 1178
311 1184
311 1406
311 1740
311 1921
311 1928
312 341
312 706
312 840
312 864
312 1279
312 1341
312 1731
312 1952
313 327
313 391
313 393
313 518
313 741
313 1049
313 1165
313 1311
313 1410
313 1461
313 1640
313 1786
313 1969
314 521
314 1214
314 1231
314 1656
314 1967
315 359
315 793
315 1157
315 1196
315 1198
315 1842
315 1847
316 661
316 1088
316 1343
316 1950
317 1039
317 1157
317 1240
317 1416
317 1672
317 1897
317 1979
318 816
318 1197
318 1225
318 1228
318 1321
318 1445
318 1497
318 1546
318 1575
318 1755
318 1956
319 485
319 603
319 860
319 1078
319 1624
319 1808
320 364
320 558
320 810
320 831
320 995
320 1878
321 551
321 632
321 769
321 841
321 1102
321 1401
321 1433
321 1581
321 1624
321 1672
321 1810
321 1970
322 432
322 460
322 562
322 758
322 1480
322 1516
322 1534
323 444
323 534
323 826
323 1344
324 339
324 601
324 618
324 1299
324 1426
324 1533
324 1992
325 370
325 472
325 522
325 543
325 717
325 795
325 1362
325 1627
325 1749
326 498
326 551
326 696
326 1811
326 1946
327 370
327 426
327 788
327 1279
327 1332
327 1439
327 1469
328 570
328 619
328 638
328 1503
328 1855
329 774
329 838
329 1745
329 1805
330 559
330 1244
330 1446
331 406
331 565
331 678
331 799
331 1052
331 1194
331 1293
331 1630
331 1789
332 391
332 395
332 535
332 557
332 637
332 887
332 1061
332 1599
332 1640
332 1895
333 781
333 1114
333 1551
333 1685
334 399
334 783
334 1467
334 1583
335 424
335 645
335 802
335 859
335 1026
335 1833
336 371
336 527
336 1507
336 1564
336 1680
336 1982
337 364
337 1867
337 1970
338 412
338 751
338 826
338 1559
339 924
339 1243
339 1296
340 1080
340 1223
340 1349
340 1651
340 1709
340 1752
340 1755
341 416
341 535
341 576
341 833
341 971
341 1602
342 440
342 732
342 997
342 1108
342 1250
342 1375
342 1382
342 1393
342 1653
342 1942
343 368
343 372
343 397
343 722
343 856
343 1073
343 1182
343 1897
343 1917
344 357
344 592
344 817
344 826
344 1075
344 1305
344 1353
344 1768
345 868
345 1348
345 1547
345 1744
345 1955
346 799
346 1605
346 1755
347 526
347 1115
347 1375
347 1513
347 1565
347 1868
347 1879
347 1926
348 387
348 420
348 510
348 996
348 1352
348 1606
348 1863
348 1892
349 649
349 884
349 1164
349 1519
350 427
350 709
350 869
350 1187
350 1489
350 1617
350 1693
351 1530
352 954
352 1071
352 1762
352 1796
353 418
353 464
353 478
353 510
353 531
353 866
353 1151
353 1468
353 1710
353 1950
354 418
354 450
354 875
354 955
354 1112
354 1330
355 587
355 795
355 841
355 1288
355 1374
355 1666
356 444
356 595
356 800
356 814
356 1117
356 1180
356 1490
356 1518
357 437
357 774
357 1120
357 1263
357 1415
357 1457
357 1552
357 1727
357 1745
358 645
358 1204
359 1041
359 1226
359 1415
359 1507
359 1926
359 1964
360 683
360 718
360 835
360 1013
360 1028
360 1229
360 1817
360 1898
361 429
361 554
361 652
361 720
361 967
361 1560
361 1590
362 675
362 840
362 939
362 1119
362 1544
363 476
363 1707
363 1962
364 404
364 570
364 592
364 1335
364 1578
364 1730
364 1781
365 740
365 976
365 1161
365 1495
365 1552
365 1661
366 716
366 1101
366 1310
366 1523
366 1738
366 1912
367 1323
367 1628
368 815
368 867
368 1176
368 1235
368 1304
368 1342
368 1756
368 1917
369 839
369 915
369 961
369 1019
369 1143
369 1227
369 1267
369 1576
369 1578
369 1829
370 477
370 496
370 516
370 1058
370 1215
370 1687
371 715
371 1307
371 1449
371 1718
372 556
372 586
372 1699
372 1830
373 417
373 524
373 804
373 853
373 1546
373 1756
374 997
374 1697
375 720
375 879
375 1488
375 1569
375 1725
375 1767
376 679
376 1024
376 1696
376 1760
376 1768
377 909
377 945
377 1365
377 1840
377 1980
378 467
378 737
378 830
378 1045
378 1390
378 1716
378 1982
379 661
379 993
379 1046
379 1323
379 1385
379 1482
380 716
380 807
380 1105
380 1202
380 1389
380 1404
380 1486
380 1758
380 1879
381 591
381 868
381 1016
381 1068
381 1343
381 1362
381 1399
381 1787
382 679
382 1502
382 1755
383 900
383 1749
384 577
384 834
384 948
384 1883
384 1985
385 717
385 1633
385 1988
386 473
386 744
386 1166
386 1208
386 1256
387 389
387 1636
387 1961
388 434
388 454
388 725
388 821
388 863
388 1332
388 1552
388 1828
388 1855
389 576
389 598
389 818
389 1242
389 1480
389 1485
389 1985
390 712
390 818
390 1468
390 1615
390 1700
390 1728
391 1311
391 1561
391 1814
391 1942
392 392
392 615
392 825
392 1296
392 1558
392 1859
393 418
393 571
393 1099
393 1211
393 1316
393 1594
393 1649
393 1685
394 467
394 537
394 638
394 1117
394 1184
394 1880
394 1946
394 1975
395 469
395 804
395 839
395 1046
395 1240
395 1525
395 1642
396 544
396 573
396 909
396 1719
396 1855
397 720
397 1108
397 1283
397 1335
397 1508
397 1588
397 1747
397 1788
397 1954
398 460
398 743
398 773
398 1220
398 1511
398 1584
398 1669
398 1692
398 1739
399 510
399 528
399 990
399 1204
399 1324
399 1436
399 1771
399 1890
400 1337
400 1361
400 1584
401 428
401 1583
401 1692
401 1902
402 681
402 820
402 919
402 1026
402 1386
402 1936
403 729
403 860
403 1164
403 1340
403 1431
403 1819
404 572
404 856
404 1773
404 1885
404 1959
405 832
405 1009
405 1407
405 1759
406 474
406 1264
406 1313
406 1538
407 535
407 820
407 885
407 955
407 1061
407 1233
407 1712
407 1887
408 622
408 877
408 886
408 1086
408 1234
408 1361
408 1417
408 1595
408 1756
408 1903
409 571
409 599
409 602
409 726
409 1288
409 1320
409 1554
409 1637
410 416
410 446
410 564
410 731
410 940
410 1045
410 1090
410 1355
410 1584
411 727
411 918
411 1014
411 1026
411 1082
411 1411
411 1506
412 799
412 1291
412 1294
412 1317
413 723
413 729
413 948
413 968
413 1109
413 1754
414 451
414 657
414 725
414 831
414 970
414 1029
414 1614
414 1630
415 507
415 841
415 1165
415 1209
415 1336
415 1952
416 643
416 848
416 1086
417 965
417 1042
417 1268
417 1550
417 1927
418 587
418 608
418 646
418 702
418 710
418 767
418 1235
418 1664
418 1995
419 443
419 574
419 777
419 835
419 867
419 1504
419 1560
419 1624
420 1566
420 1749
420 1827
421 461
421 644
421 1341
421 1786
422 1470
422 1666
422 1850
423 633
423 725
423 830
423 832
423 1356
423 1415
424 738
424 870
424 927
425 515
425 556
425 792
425 1157
425 1406
425 1425
425 1717
425 1943
426 510
426 801
426 1084
426 1204
427 1155
427 1162
427 1404
427 1775
427 1888
428 780
428 970
428 990
428 1551
428 1738
428 1913
429 448
429 577
429 629
429 792
429 839
429 887
429 1235
429 1605
429 1830
430 657
430 944
430 1126
430 1245
430 1551
430 1616
430 1668
430 1788
430 1905
430 1984
431 905
431 1403
431 1892
432 434
432 1448
432 1943
432 1967
433 789
433 800
433 977
433 1173
433 1274
433 1531
433 1598
433 1671
433 1781
434 842
434 1091
434 1123
434 1627
434 1708
434 1780
434 1813
435 818
435 1082
435 1154
435 1227
436 602
436 757
436 823
436 1407
437 459
437 487
437 490
437 742
437 1137
437 1250
437 1473
438 621
438 640
438 717
438 819
438 830
438 1244
438 1879
438 1920
439 1092
439 1117
439 1119
439 1283
439 1354
439 1741
439 1775
440 589
440 1043
440 1136
440 1450
440 1807
441 540
441 822
441 867
441 1335
441 1885
442 500
442 636
442 689
442 1230
442 1442
442 1557
442 1624
442 1626
442 1631
442 1808
443 821
444 486
444 538
444 563
444 774
444 865
444 1381
444 1614
444 1694
444 1916
445 688
445 1092
445 1183
445 1478
445 1562
445 1768
446 704
446 787
446 906
446 1113
446 1821
447 454
447 584
447 1395
447 1894
447 1944
448 538
448 606
448 770
448 1126
449 478
449 1127
450 652
450 747
450 926
450 1220
450 1256
450 1286
450 1779
450 1863
451 499
451 722
451 729
451 1226
451 1612
452 872
452 958
452 1153
452 1346
452 1641
452 1941
453 1548
453 1679
454 763
454 877
454 1063
454 1112
454 1128
454 1322
454 1955
455 572
455 1015
455 1023
455 1435
455 1482
455 1514
455 1639
455 1741
455 1806
456 726
456 883
456 889
456 1168
456 1593
457 544
457 1329
457 1406
457 1477
457 1538
457 1947
457 1988
458 1137
458 1282
458 1432
458 1479
459 461
459 516
459 536
459 567
459 632
459 897
459 1805
460 486
460 783
460 1309
460 1406
460 1433
460 1830
461 703
461 1111
461 1217
461 1255
461 1456
461 1550
461 1588
461 1695
462 1297
462 1298
462 1810
463 886
463 1141
463 1465
463 1674
464 502
464 1423
464 1451
464 1454
464 1579
464 1811
465 836
465 1264
465 1936
465 1952
466 578
466 631
466 911
466 926
466 1261
466 1275
466 1346
466 1370
467 799
467 1064
467 1245
467 1314
467 1503
467 1884
468 1068
468 1999
469 772
469 1005
469 1135
469 1197
469 1430
469 1588
469 1795
469 1849
469 1981
470 503
470 796
470 1548
470 1594
471 810
471 1248
471 1904
472 649
472 709
472 729
472 1163
472 1393
472 1642
472 1770
472 1831
472 1879
473 688
473 931
473 1325
473 1333
473 1810
473 1847
473 1920
474 956
474 977
474 1138
474 1475
474 1741
474 1912
475 844
475 1004
475 1105
475 1243
475 1564
475 1837
476 596
476 736
476 915
476 1007
476 1218
476 1325
476 1724
476 1970
477 772
477 825
477 914
477 1063
477 1207
478 546
478 776
478 804
478 884
478 948
478 1194
478 1255
479 672
479 1054
479 1533
480 504
480 624
480 681
480 836
480 1189
480 1263
480 1415
481 800
481 1088
481 1906
482 788
482 794
483 517
483 693
483 1118
483 1253
483 1533
484 603
484 742
484 830
484 1080
484 1436
485 530
485 767
485 1293
486 525
486 772
486 922
486 1185
486 1204
486 1253
486 1365
486 1778
486 1890
486 1926
486 1929
487 1507
487 1792
487 1821
488 651
488 1260
488 1265
488 1529
488 1747
488 1892
489 1326
489 1646
489 1650
489 1779
489 1793
489 1833
490 658
490 1302
491 908
491 1533
491 1566
491 1622
492 622
492 806
492 1252
492 1470
492 1474
492 1565
492 1585
492 1657
492 1669
492 1775
492 1842
492 1948
493 570
493 1310
493 1823
494 1143
494 1440
494 1544
494 1960
495 546
495 571
495 652
495 941
495 1082
495 1121
495 1349
495 1666
495 1988
496 1042
496 1065
496 1252
496 1758
496 1779
496 1844
497 517
497 560
497 649
497 753
497 1200
497 1532
497 1695
498 941
498 1067
498 1258
498 1326
498 1683
499 682
499 719
499 778
499 788
499 1034
499 1240
499 1301
499 1471
499 1619
499 1664
499 1720
499 1854
499 1914
500 821
500 1147
500 1209
500 1314
500 1553
500 1713
500 1853
500 1856
500 1912
500 1961
501 679
501 1147
501 1587
501 1685
502 613
502 834
502 1287
502 1597
502 1599
502 1601
502 1957
503 561
503 806
503 1136
503 1332
503 1388
504 830
504 1089
504 1255
504 1400
504 1535
504 1879
505 587
505 771
505 864
505 930
505 1089
505 1365
505 1764
505 1791
505 1917
505 1919
506 1054
506 1484
506 1499
506 1812
506 1943
506 1981
507 618
507 1504
507 1580
508 555
508 840
508 875
508 925
508 959
508 1477
508 1786
509 516
509 935
509 1414
509 1438
509 1708
510 642
510 667
510 1568
510 1787
511 556
511 662
511 870
511 946
511 1189
511 1309
511 1389
511 1406
511 1785
511 1982
512 821
512 860
512 924
512 1273
512 1728
512 1851
512 1985
512 1991
513 874
513 1125
513 1620
513 1919
514 1052
514 1267
514 1540
515 587
515 746
515 803
515 881
515 1149
515 1703
515 1804
515 1893
516 979
516 1072
516 1743
517 705
517 1070
517 1157
517 1228
517 1492
518 589
518 601
518 609
518 948
518 1002
518 1097
518 1491
518 1528
518 1704
518 1789
519 695
519 706
519 755
519 923
519 1381
519 1916
519 1939
520 547
520 647
520 719
520 1448
520 1636
520 1930
521 521
521 603
521 1059
521 1242
521 1788
522 771
522 883
522 967
522 1416
522 1585
522 1634
522 1872
522 1962
523 913
523 1191
524 562
524 749
524 926
524 1033
524 1090
524 1386
524 1910
524 1953
524 1997
524 1998
525 792
525 1047
525 1112
525 1538
526 876
526 996
526 1659
526 1840
527 549
527 559
527 1099
527 1243
527 1388
527 1922
528 989
528 1149
528 1627
529 981
529 1442
529 1787
529 1995
530 538
530 794
530 1111
530 1316
530 1533
530 1568
531 940
531 1148
531 1441
531 1468
531 1635
531 1672
531 1678
532 557
532 834
532 1049
532 1513
532 1749
532 1787
533 685
533 814
533 1538
534 1122
534 1413
534 1818
535 1200
535 1486
536 1528
536 1693
537 620
537 638
537 807
537 1747
538 1017
538 1037
538 1073
538 1302
538 1374
538 1809
538 1914
538 1934
539 1177
539 1460
539 1548
539 1833
539 1999
540 603
540 612
540 1272
540 1547
540 1833
541 1133
541 1234
541 1256
541 1348
541 1861
542 1457
542 1783
543 792
543 829
543 845
543 928
543 1014
543 1163
543 1231
543 1707
543 1942
544 601
544 670
544 825
544 1107
544 1282
544 1444
544 1738
544 1769
544 1983
545 816
545 919
545 1192
545 1500
545 1605
545 1748
545 1976
546 1024
546 1112
546 1273
546 1905
546 1936
547 582
547 1017
547 1217
547 1222
547 1685
547 1831
548 620
548 904
548 1033
548 1311
548 1371
548 1466
548 1612
549 961
549 1193
549 1451
549 1575
550 749
550 1142
550 1239
550 1609
550 1771
551 838
551 1047
551 1306
551 1345
551 1591
551 1603
551 1951
552 1327
552 1574
552 1704
553 613
553 1242
553 1267
553 1750
555 1396
555 1419
555 1594
555 1984
556 763
556 882
556 1125
556 1268
556 1355
556 1370
556 1551
557 693
557 890
557 1249
557 1297
557 1305
557 1577
557 1624
557 1689
557 1691
557 1765
558 805
558 1108
558 1484
558 1905
558 1918
559 642
559 675
559 816
559 1005
559 1195
559 1229
559 1398
559 1681
559 1736
559 1936
559 1985
560 697
560 729
560 804
560 805
560 858
560 986
560 1410
560 1521
560 1741
561 645
561 1249
561 1572
561 1803
561 1960
562 999
562 1286
562 1348
562 1387
562 1676
562 1725
562 1832
563 663
563 1106
563 1128
563 1342
563 1802
564 754
564 1258
564 1361
564 1592
564 1666
564 1994
565 776
565 899
565 1142
565 1485
565 1654
565 1743
565 1748
565 1850
566 642
566 741
566 933
566 1068
566 1226
566 1230
566 1585
566 1733
567 1050
568 729
568 1147
568 1393
568 1436
568 1687
568 1717
568 1751
568 1792
568 1898
569 766
569 819
569 1044
569 1235
569 1328
569 1617
569 1762
570 747
570 1092
570 1477
570 1908
570 1973
571 657
571 809
571 810
571 1537
571 1945
572 887
572 1149
572 1613
572 1703
572 1752
572 1975
573 838
573 1698
573 1725
573 1912
574 879
574 1628
574 1718
575 940
576 678
576 712
576 826
576 852
576 1179
577 681
577 1006
577 1290
577 1475
577 1497
577 1860
578 703
578 1045
578 1259
578 1667
579 597
579 1187
579 1782
580 663
580 791
580 833
580 1055
580 1102
580 1358
580 1433
580 1485
580 1514
581 851
581 942
581 991
581 1064
581 1279
581 1329
581 1691
582 1107
582 1576
583 626
583 1302
583 1391
583 1908
584 842
584 1060
584 1386
584 1833
584 1986
585 592
585 615
585 1273
585 1456
586 588
586 756
586 845
586 1486
586 1938
587 785
587 1042
587 1251
587 1268
588 612
588 1026
588 1288
588 1388
588 1389
588 1670
588 1822
589 783
589 1130
589 1574
589 1948
589 1970
590 747
590 891
590 972
590 1716
590 1781
591 669
591 727
591 758
591 1022
591 1456
591 1682
591 1916
592 752
592 831
592 914
592 1596
593 1048
593 1076
593 1124
593 1204
593 1295
593 1567
593 1707
593 1731
593 1964
594 682
594 748
594 922
594 1201
594 1317
594 1508
594 1625
594 1670
594 1909
595 615
595 724
595 770
595 932
595 1097
595 1503
596 1013
596 1173
596 1811
597 716
597 889
597 924
597 1007
597 1212
597 1888
598 652
598 812
598 900
598 1160
598 1317
598 1434
598 1851
599 1149
599 1217
599 1267
599 1599
599 1718
599 1842
599 1854
600 1236
600 1664
601 891
601 1486
601 1723
601 1920
602 602
602 666
602 911
602 1034
602 1086
602 1595
602 1605
602 1673
602 1675
602 1707
603 1094
603 1325
603 1546
604 1295
604 1441
604 1676
604 1812
605 914
605 1114
605 1313
605 1609
606 628
606 766
606 815
606 1783
606 1868
606 1874
606 1955
606 1997
607 778
607 1112
607 1330
607 1543
608 709
608 715
608 854
608 868
608 970
608 1184
608 1200
608 1251
608 1578
608 1673
609 793
609 856
609 971
609 1242
609 1704
609 1727
610 610
610 691
610 943
610 1452
610 1563
610 1587
611 1114
611 1224
611 1337
611 1619
612 748
612 833
612 935
612 957
612 1601
613 617
613 788
613 1107
613 1183
613 1299
613 1315
613 1489
613 1654
613 1856
613 1904
614 626
614 1477
615 626
615 966
615 1682
615 1881
615 1912
616 729
616 1143
616 1253
616 1266
616 1772
617 773
617 989
617 1132
617 1641
617 1719
617 1979
618 1068
618 1549
618 1557
618 1576
619 1713
619 1982
620 918
620 1098
620 1141
620 1320
620 1356
620 1448
620 1573
620 1981
621 742
621 1524
621 1599
621 1936
622 681
622 1305
622 1368
622 1690
623 764
623 829
623 1220
623 1325
623 1403
623 1413
623 1422
623 1964
624 913
624 1034
625 1399
625 1548
626 1360
626 1712
626 1963
627 695
627 798
627 939
627 1772
627 1925
628 1499
629 958
629 1108
629 1485
629 1490
629 1995
630 685
630 772
630 1474
631 994
631 1134
631 1606
632 1173
633 868
633 880
633 1072
633 1483
633 1669
634 899
634 1306
634 1395
634 1937
635 1182
635 1389
635 1394
635 1486
635 1616
636 1144
636 1211
637 696
637 768
637 839
637 1077
637 1219
637 1900
638 752
638 971
638 1005
638 1585
638 1903
639 675
639 842
639 952
639 1854
640 1010
640 1097
640 1459
640 1729
640 1926
640 1936
641 1170
641 1420
641 1563
641 1934
642 970
642 1165
642 1166
642 1860
642 1920
643 680
643 861
643 900
643 963
645 1054
645 1755
645 1848
645 1885
646 1327
646 1335
646 1463
646 1816
646 1837
647 763
647 1271
647 1528
647 1562
647 1580
647 1818
647 1819
647 1851
647 1890
647 1929
648 1049
648 1066
648 1399
648 1602
648 1744
648 1764
649 1383
649 1506
649 1524
649 1729
649 1994
650 1298
650 1348
650 1807
650 1862
650 1889
651 719
651 848
651 883
651 1445
651 1827
651 1899
652 743
652 767
652 1042
652 1284
652 1414
652 1476
652 1577
652 1886
652 1959
653 656
653 700
653 973
653 1526
653 1657
653 1899
653 1924
654 1156
654 1203
654 1472
654 1494
655 773
655 777
655 1128
656 916
656 1179
656 1831
656 1993
657 700
657 998
657 1048
657 1452
657 1752
658 672
658 1047
658 1668
658 1733
658 1746
659 1947
660 671
660 812
660 1120
660 1323
661 706
661 781
661 883
661 1202
661 1936
662 749
662 1063
663 884
663 1296
663 1489
663 1498
664 1468
665 1043
665 1161
665 1292
665 1486
665 1541
665 1551
665 1677
665 1725
666 1641
666 1650
666 1758
666 1890
666 1992
667 948
667 1050
667 1837
667 1846
668 1437
668 1529
668 1812
669 759
669 792
669 809
669 1294
669 1728
669 1766
669 1803
670 674
670 807
670 834
670 960
670 1765
671 973
671 1357
672 1123
672 1183
672 1380
672 1550
673 854
673 1571
673 1650
674 1339
674 1417
674 1424
674 1626
674 1710
675 891
675 1076
675 1113
675 1721
675 1726
676 749
676 781
676 1675
676 1691
677 761
677 823
677 840
677 1448
677 1528
677 1796
677 1875
677 1902
677 1920
677 1963
678 1414
678 1727
678 1869
678 1908
679 772
679 837
679 1197
679 1487
679 1909
680 747
680 816
680 1035
680 1390
680 1483
680 1534
680 1721
680 1733
681 1175
681 1532
681 1660
682 1228
682 1591
682 1629
682 1977
683 1212
683 1447
683 1578
684 1148
684 1311
684 1320
684 1412
684 1779
685 1311
685 1354
685 1848
686 1073
686 1160
686 1352
686 1830
687 770
687 1079
687 1596
688 825
688 831
688 1151
688 1597
689 732
689 1016
689 1191
689 1613
690 1171
690 1244
690 1431
690 1785
690 1843
691 768
691 1784
691 1842
692 749
692 1212
692 1823
693 704
693 930
693 1730
693 1795
693 1862
694 761
694 1126
694 1376
694 1426
695 1977
696 877
696 1708
696 1743
697 839
697 913
697 1337
697 1354
697 1765
697 1881
698 700
698 1114
698 1299
698 1416
699 809
699 1203
700 810
700 1808
700 1911
701 1281
701 1599
701 1708
701 1923
702 779
702 822
702 1552
702 1931
702 1958
703 951
703 1244
703 1987
704 1387
704 1592
704 1834
705 791
705 829
705 955
705 1976
705 1985
705 1987
705 1995
706 975
706 1102
706 1179
706 1419
706 1445
706 1525
707 797
707 1226
707 1795
708 1479
708 1729
708 1983
709 803
709 1253
709 1340
709 1855
709 1918
710 740
710 799
710 1190
710 1530
710 1658
710 1806
710 1822
710 1985
711 1217
711 1397
711 1698
711 1985
712 1032
712 1041
712 1589
712 1676
712 1804
713 819
713 1004
713 1104
713 1500
713 1507
713 1670
713 1785
714 801
714 869
714 870
714 1874
714 1960
715 768
715 882
715 1473
715 1976
716 1063
716 1466
716 1572
716 1693
716 1775
716 1993
717 1143
717 1435
717 1841
718 1011
718 1020
718 1037
718 1360
718 1840
718 1910
719 1031
719 1305
719 1411
719 1476
719 1709
719 1983
720 747
720 796
720 1281
720 1308
720 1464
720 1925
721 803
721 1535
721 1574
722 723
722 868
722 1701
722 1710
723 1019
723 1163
723 1297
723 1307
723 1863
724 901
724 1088
724 1622
724 1635
724 1754
725 907
725 1482
725 1969
726 947
726 1270
726 1283
726 1829
726 1849
726 1890
726 1904
727 1212
727 1282
727 1673
727 1686
727 1766
728 1296
728 1559
728 1666
728 1763
729 864
729 1096
729 1150
729 1230
729 1430
729 1451
729 1575
729 1824
730 937
730 1092
730 1463
730 1761
731 872
731 905
731 1317
731 1590
732 990
732 1053
732 1353
732 1622
732 1730
733 1513
733 1825
734 735
734 1053
734 1138
734 1230
734 1581
735 1088
735 1546
735 1720
735 1786
735 1835
736 1212
736 1898
737 830
737 862
737 877
737 952
737 1026
737 1302
737 1435
737 1934
739 908
739 1191
739 1579
740 1733
740 1814
741 767
741 1546
741 1650
741 1773
741 1906
742 804
742 827
742 888
742 1134
742 1272
742 1323
742 1906
743 824
743 1730
743 1861
744 825
744 874
744 949
744 1132
744 1334
744 1476
744 1960
744 1971
745 859
745 888
745 1321
745 1370
745 1554
745 1627
745 1645
745 1828
745 1885
746 1290
746 1492
746 1496
746 1642
746 1710
747 981
747 1059
747 1076
747 1790
747 1818
747 1859
747 1916
748 1030
748 1154
748 1157
748 1912
748 1959
749 797
749 840
749 1287
749 1441
749 1596
750 779
750 816
750 885
750 952
750 970
750 1391
750 1658
750 1726
751 850
751 977
751 1239
751 1549
751 1790
751 1803
752 1516
753 1006
753 1076
753 1518
753 1566
753 1760
754 850
754 1241
754 1252
754 1456
754 1462
754 1486
754 1624
754 1679
755 895
755 1139
755 1830
756 894
756 909
756 1048
756 1213
756 1761
756 1783
757 1668
757 1807
757 1842
758 819
758 895
758 943
758 1014
758 1772
758 1828
759 837
759 1103
759 1714
759 1848
759 1983
760 821
760 918
760 1031
760 1148
760 1298
761 1330
761 1699
761 1734
761 1799
761 1963
762 1180
762 1198
762 1410
762 1478
763 853
763 1267
764 972
764 1396
764 1564
765 967
765 1247
766 832
766 1025
766 1312
766 1648
766 1653
766 1656
767 918
767 1084
767 1631
767 1658
768 902
768 988
768 1140
768 1576
768 1674
769 1509
769 1582
769 1721
770 929
770 1690
771 1525
771 1647
771 1747
772 939
772 943
773 828
773 1065
773 1164
773 1513
773 1809
773 1991
774 876
774 1280
774 1506
774 1967
775 1056
775 1672
776 1003
776 1309
776 1904
777 1167
777 1629
777 1678
777 1748
777 1914
778 889
778 1117
778 1313
778 1559
778 1805
778 1889
779 845
779 936
779 1307
779 1472
779 1483
779 1645
779 1900
780 1182
780 1203
780 1742
780 1908
781 1617
781 1849
781 1882
781 1975
782 1542
782 1939
783 1070
783 1139
783 1866
784 974
784 1153
784 1253
784 1495
784 1578
784 1661
784 1792
784 1848
785 871
785 874
785 1750
786 805
786 1616
787 798
787 956
787 1152
787 1617
787 1748
787 1827
788 947
788 1426
788 1449
788 1799
789 1318
789 1362
789 1429
790 897
790 928
790 1212
790 1610
791 837
791 882
791 893
791 965
791 1063
791 1225
791 1435
793 812
793 1001
793 1413
793 1615
794 1028
794 1656
794 1754
794 1804
795 951
795 1030
795 1338
795 1618
795 1850
796 1195
796 1311
796 1416
796 1496
796 1498
796 1521
796 1534
796 1549
796 1552
797 1187
797 1364
797 1392
797 1395
797 1485
797 1676
797 1816
797 1863
798 1072
798 1174
798 1433
798 1475
798 1575
798 1910
799 1482
799 1862
800 907
800 1747
800 1823
801 1268
801 1884
802 1031
802 1360
802 1645
802 1727
802 1947
803 938
803 1092
803 1162
803 1200
803 1443
803 1647
803 1846
803 1865
804 822
805 889
805 1011
805 1048
805 1435
805 1580
805 1716
805 1812
806 1436
806 1451
806 1753
807 993
807 1064
807 1080
807 1578
807 1695
808 851
808 1055
808 1214
808 1773
808 1796
809 829
809 1266
809 1582
810 867
810 1274
810 1614
810 1775
811 847
812 822
812 1108
812 1560
812 1846
812 1855
813 948
813 1059
813 1272
813 1599
813 1770
814 1564
814 1873
815 1059
815 1372
815 1412
815 1959
816 1145
816 1366
816 1478
816 1531
816 1611
816 1729
816 1788
817 1267
817 1599
818 931
818 1112
818 1395
818 1415
818 1612
818 1846
819 982
819 1507
819 1750
820 856
820 1090
821 1225
821 1264
821 1931
821 1960
823 825
823 837
823 926
823 1033
823 1171
823 1856
823 1982
824 868
824 904
824 988
824 1331
824 1774
825 1268
825 1465
825 1646
825 1690
826 1406
826 1461
826 1482
826 1791
827 1339
827 1478
827 1871
827 1970
828 1116
828 1554
828 1555
828 1710
828 1941
829 1437
829 1658
829 1735
829 1748
830 856
830 953
830 1012
830 1148
830 1659
830 1834
831 1422
831 1431
831 1757
832 888
832 1147
832 1286
832 1464
832 1554
832 1740
833 835
833 1554
833 1649
834 1245
834 1293
834 1360
835 1019
835 1892
835 1905
836 1102
836 1277
836 1680
837 934
837 1534
838 874
838 1355
838 1458
838 1577
838 1737
838 1894
839 1189
839 1903
839 1925
840 844
840 1199
840 1516
840 1569
840 1633
840 1748
841 1248
841 1590
841 1803
842 897
842 954
842 989
842 1049
842 1072
842 1433
843 871
843 1183
843 1354
843 1526
843 1596
843 1900
844 947
844 1024
844 1602
845 1027
845 1227
845 1691
845 1703
846 1177
846 1199
846 1571
846 1573
846 1620
846 1759
847 1377
847 1465
847 1573
847 1584
847 1656
847 1797
847 1801
847 1887
848 1222
848 1645
848 1822
849 1320
850 1020
850 1826
851 1152
851 1191
851 1505
851 1578
852 1207
852 1274
852 1702
853 950
853 1008
853 1499
853 1557
853 1569
854 1284
854 1428
854 1432
854 1841
855 1057
855 1408
855 1657
855 1852
856 962
857 1012
857 1323
857 1484
857 1946
858 1421
858 1590
858 1924
859 1007
859 1061
859 1187
859 1361
859 1854
859 1990
860 1872
861 873
861 889
861 1093
861 1576
861 1752
861 1999
862 1236
862 1865
863 1255
863 1368
864 1090
864 1358
864 1498
865 1046
865 1109
865 1135
865 1205
865 1311
865 1523
865 1617
866 1164
866 1951
867 1155
867 1246
867 1270
867 1399
867 1813
867 1860
867 1878
867 1931
868 1071
868 1487
868 1587
868 1789
868 1800
869 1042
869 1241
869 1483
870 1085
870 1173
870 1197
870 1299
871 991
871 1105
871 1861
871 1995
872 1677
872 1716
873 968
873 1396
873 1606
874 1185
874 1231
874 1270
874 1357
874 1451
874 1520
874 1805
874 1818
874 1903
875 1016
875 1094
875 1402
875 1828
876 898
876 1023
876 1052
876 1069
878 999
878 1647
878 1666
878 1750
878 1828
879 1123
879 1334
879 1841
879 1874
880 891
880 1114
880 1475
880 1497
880 1529
880 1583
880 1801
880 1834
880 1983
881 986
881 1854
881 1927
882 988
883 982
883 1008
883 1367
883 1787
883 1944
884 1178
884 1191
884 1228
884 1368
885 913
885 997
885 1425
885 1608
886 1015
886 1067
886 1131
886 1261
886 1284
886 1884
887 1709
887 1801
887 1811
887 1899
888 965
889 1297
889 1357
889 1697
889 1727
889 1844
890 1173
890 1820
891 1331
891 1397
892 1324
892 1734
892 1885
893 996
893 1062
893 1362
893 1631
893 1820
893 1849
893 1937
894 1107
894 1285
894 1597
894 1683
894 1715
894 1758
894 1793
895 1052
895 1114
895 1168
895 1240
895 1490
896 1481
896 1584
896 1640
896 1777
896 1781
896 1864
897 959
897 1091
897 1173
897 1630
898 1763
898 1854
899 1159
899 1980
900 962
900 979
900 1414
901 922
901 1188
902 1176
902 1552
903 1099
903 1299
903 1301
903 1471
904 1166
904 1172
904 1419
904 1421
904 1973
905 1562
905 1994
907 933
907 1238
907 1435
907 1615
907 1767
908 912
908 1561
908 1783
908 1905
908 1910
908 1931
908 1994
909 1025
910 1186
910 1200
910 1886
910 1976
911 944
911 1051
911 1159
912 928
912 1035
912 1230
912 1252
912 1893
912 1968
913 1297
913 1417
913 1574
914 1238
915 1073
915 1824
917 919
917 1070
917 1607
917 1832
918 1006
918 1382
918 1534
919 998
919 1112
919 1314
919 1444
919 1592
920 939
920 1047
920 1483
920 1768
920 1820
920 1928
921 1006
921 1205
921 1233
921 1599
921 1635
921 1647
921 1660
922 1030
922 1604
922 1900
923 1061
923 1617
923 1905
923 1969
924 934
925 1063
925 1107
926 970
926 1010
926 1193
926 1253
926 1712
927 949
927 1140
927 1838
927 1852
927 1877
928 1124
928 1282
928 1650
928 1670
929 990
929 1057
929 1165
929 1522
929 1529
929 1730
929 1732
929 1919
929 1997
930 1339
930 1408
930 1553
930 1650
930 1955
931 1381
931 1591
931 1764
931 1813
931 1934
931 1966
931 1980
932 1307
932 1348
932 1400
932 1695
932 1748
932 1873
933 1391
933 1425
933 1859
934 957
934 1026
934 1422
935 1065
935 1513
935 1881
936 1019
936 1229
936 1393
936 1785
937 1620
937 1729
937 1988
938 1155
938 1170
938 1425
938 1671
939 957
939 962
939 1459
939 1681
939 1873
939 1940
939 1964
940 999
940 1463
940 1542
940 1814
941 996
941 1080
941 1719
941 1735
942 1265
942 1314
942 1812
942 1926
943 1453
943 1938
943 1999
944 1373
944 1401
944 1404
944 1670
944 1867
945 1410
945 1493
945 1710
946 1014
946 1098
946 1249
947 1919
948 1226
948 1792
950 998
950 1506
950 1520
951 1014
951 1033
951 1483
951 1940
952 1001
952 1022
952 1101
952 1143
952 1386
952 1774
953 1007
953 1240
953 1353
953 1718
954 958
954 1008
954 1024
954 1068
954 1087
954 1172
954 1695
955 1038
955 1106
955 1417
955 1565
955 1625
955 1849
955 1856
956 1321
957 1084
957 1619
957 1958
958 990
958 1449
959 983
959 1022
959 1389
959 1499
959 1546
959 1682
959 1745
959 1815
960 962
960 1275
960 1838
961 966
961 1073
961 1327
961 1468
961 1530
961 1699
961 1709
961 1856
961 1891
962 1245
963 1234
963 1570
963 1627
964 995
964 1313
964 1338
964 1480
964 1526
964 1623
964 1738
964 1974
965 990
965 1014
965 1093
965 1190
965 1342
965 1573
965 1705
965 1939
966 985
966 1154
966 1155
966 1263
966 1314
966 1464
966 1631
967 991
967 1419
967 1462
968 1452
969 1448
969 1556
969 1773
970 1053
970 1090
970 1457
970 1484
970 1921
971 991
971 1051
971 1183
971 1266
971 1487
971 1714
971 1827
971 1902
971 1955
972 1324
972 1934
974 1190
974 1839
974 1862
974 1996
975 1090
975 1174
975 1258
976 1888
977 1028
977 1037
977 1092
977 1196
977 1642
978 1357
978 1514
978 1555
978 1917
979 1144
979 1247
979 1823
979 1973
979 1998
980 1056
980 1490
980 1755
980 1824
981 1631
981 1680
981 1852
982 1191
982 1261
982 1299
982 1314
982 1584
982 1644
982 1812
983 1090
983 1143
984 1088
984 1366
984 1757
985 1125
985 1590
985 1843
986 1049
986 1401
986 1638
987 1593
988 1098
988 1329
988 1451
988 1547
988 1767
988 1817
989 1402
989 1797
990 1314
990 1868
991 1492
991 1884
992 1932
993 1201
993 1446
993 1492
993 1629
993 1697
993 1732
994 1134
994 1582
994 1953
995 1195
995 1286
995 1743
996 1708
996 1744
997 1596
997 1952
998 1004
998 1355
998 1395
998 1499
998 1678
998 1904
999 1601
999 1988
1000 1477
1000 1623
1000 1755
1000 1839
1001 1061
1001 1274
1001 1282
1001 1611
1002 1123
1002 1369
1002 1460
1002 1856
1002 1933
1002 1961
1002 1964
1003 1315
1003 1391
1003 1484
1003 1780
1003 1804
1003 1927
1004 1222
1004 1792
1004 1991
1004 1996
1005 1153
1005 1324
1005 1834
1006 1337
1006 1349
1006 1573
1006 1575
1006 1615
1006 1678
1007 1553
1008 1167
1008 1442
1008 1824
1009 1359
1009 1641
1010 1038
1010 1264
1010 1421
1010 1587
1010 1661
1011 1060
1011 1076
1011 1564
1012 1132
1012 1226
1012 1595
1012 1625
1012 1747
1012 1857
1013 1100
1013 1432
1014 1130
1015 1592
1015 1924
1016 1242
1017 1142
1017 1410
1017 1585
1018 1099
1018 1376
1018 1580
1019 1097
1019 1475
1019 1731
1020 1123
1020 1483
1020 1515
1021 1203
1021 1316
1021 1932
1022 1282
1022 1302
1022 1412
1022 1598
1022 1701
1023 1154
1023 1257
1023 1695
1024 1193
1024 1392
1024 1681
1024 1764
1024 1983
1024 1998
1025 1521
1025 1641
1025 1647
1026 1217
1026 1553
1027 1201
1027 1538
1028 1145
1028 1409
1028 1728
1028 1978
1029 1756
1030 1424
1031 1125
1031 1135
1031 1158
1031 1705
1032 1825
1032 1953
1033 1147
1033 1445
1033 1638
1034 1374
1034 1613
1034 1659
1034 1661
1034 1969
1036 1075
1036 1480
1036 1966
1037 1621
1037 1835
1038 1318
1039 1040
1039 1401
1039 1737
1039 1892
1040 1440
1040 1638
1040 1683
1041 1135
1041 1338
1041 1712
1042 1517
1042 1599
1043 1138
1043 1319
1043 1446
1043 1630
1043 1651
1043 1727
1044 1167
1044 1682
1044 1694
1044 1745
1045 1635
1045 1642
1045 1684
1046 1584
1046 1781
1047 1048
1047 1553
1047 1594
1048 1117
1049 1138
1049 1543
1049 1572
1049 1835
1050 1463
1050 1477
1050 1482
1050 1689
1050 1693
1050 1899
1050 1949
1050 1980
1051 1082
1051 1376
1051 1484
1051 1949
1052 1569
1052 1867
1052 1880
1052 1885
1053 1363
1053 1980
1054 1364
1054 1473
1054 1603
1054 1913
1055 1577
1055 1886
1056 1125
1056 1511
1056 1559
1056 1642
1056 1744
1056 1857
1057 1382
1057 1823
1058 1109
1058 1371
1058 1431
1058 1930
1059 1065
1059 1490
1059 1583
1059 1743
1059 1752
1059 1910
1060 1146
1060 1234
1060 1826
1061 1221
1061 1742
1062 1085
1062 1145
1062 1515
1062 1885
1063 1240
1063 1367
1064 1145
1064 1294
1064 1348
1064 1453
1065 1470
1065 1528
1066 1091
1066 1348
1066 1656
1066 1864
1066 1923
1067 1075
1067 1139
1068 1200
1068 1296
1068 1342
1068 1400
1068 1417
1068 1428
1068 1431
1068 1713
1068 1735
1068 1888
1069 1144
1069 1719
1069 1741
1069 1965
1070 1127
1070 1358
1070 1515
1070 1552
1070 1602
1070 1778
1071 1111
1071 1368
1071 1981
1072 1159
1072 1191
1073 1146
1073 1170
1073 1431
1073 1447
1074 1336
1074 1690
1074 1748
1074 1816
1074 1936
1075 1545
1075 1553
1075 1778
1075 1782
1075 1992
1076 1417
1077 1813
1078 1093
1079 1548
1079 1616
1080 1349
1080 1474
1080 1601
1081 1496
1081 1882
1082 1202
1082 1227
1082 1396
1082 1719
1082 1905
1085 1665
1085 1895
1086 1758
1086 1984
1087 1694
1087 1747
1087 1798
1088 1404
1088 1496
1088 1760
1088 1984
1089 1398
1089 1507
1089 1860
1090 1091
1090 1146
1090 1265
1090 1303
1090 1345
1090 1446
1091 1811
1092 1096
1092 1646
1092 1876
1092 1899
1093 1956
1093 1984
1093 1987
1094 1099
1094 1280
1095 1175
1095 1268
1095 1731
1095 1747
1095 1771
1095 1995
1096 1200
1096 1574
1097 1370
1097 1818
1098 1102
1098 1231
1098 1308
1098 1350
1098 1359
1098 1589
1099 1682
1100 1112
1100 1169
1100 1650
1100 1835
1100 1989
1101 1168
1101 1240
1101 1366
1101 1471
1101 1574
1101 1613
1101 1664
1101 1745
1101 1764
1101 1821
1101 1904
1101 1950
1102 1260
1102 1304
1102 1495
1102 1957
1104 1944
1105 1211
1105 1474
1105 1874
1105 1898
1105 1951
1106 1167
1106 1560
1106 1689
1107 1297
1107 1382
1107 1456
1107 1599
1107 1976
1108 1388
1108 1762
1109 1126
1109 1200
1109 1405
1109 1541
1109 1908
1110 1197
1110 1377
1110 1411
1110 1602
1110 1850
1111 1580
1112 1540
1112 1706
1114 1558
1114 1701
1115 1596
1115 1898
1116 1299
1117 1617
1118 1889
1119 1506
1119 1576
1119 1577
1119 1665
1119 1741
1119 1840
1120 1186
1120 1327
1120 1427
1120 1921
1121 1750
1121 1769
1122 1138
1122 1247
1122 1339
1122 1514
1122 1817
1122 1895
1123 1178
1123 1347
1123 1550
1123 1830
1124 1380
1125 1295
1125 1382
1125 1582
1126 1249
1126 1376
1126 1499
1126 1986
1127 1426
1127 1509
1127 1611
1128 1379
1128 1756
1128 1924
1129 1736
1129 1906
1130 1569
1130 1733
1130 1752
1131 1846
1131 1848
1132 1140
1132 1881
1133 1246
1133 1515
1133 1787
1134 1173
1134 1400
1135 1274
1135 1494
1135 1500
1136 1533
1136 1656
1136 1712
1136 1771
1136 1810
1137 1496
1137 1501
1137 1554
1137 1561
1137 1750
1137 1898
1138 1349
1138 1555
1138 1772
1138 1779
1138 1819
1138 1967
1140 1319
1141 1198
1141 1214
1141 1463
1141 1553
1142 1501
1142 1767
1142 1992
1143 1576
1143 1625
1143 1676
1144 1167
1144 1290
1144 1525
1144 1960
1145 1523
1145 1616
1145 1950
1146 1229
1146 1648
1148 1179
1148 1190
1148 1820
1148 1865
1149 1384
1150 1531
1150 1963
1151 1406
1151 1529
1151 1599
1151 1835
1152 1745
1152 1882
1152 1926
1153 1853
1153 1923
1155 1267
1155 1349
1155 1765
1155 1946
1157 1548
1158 1188
1158 1285
1158 1525
1158 1611
1158 1806
1159 1225
1159 1617
1160 1268
1160 1501
1161 1214
1161 1494
1162 1816
1162 1859
1162 1892
1162 1940
1163 1634
1164 1224
1164 1390
1164 1669
1165 1261
1166 1737
1167 1314
1167 1649
1168 1504
1168 1602
1168 1809
1168 1903
1168 1986
1169 1391
1169 1788
1170 1829
1171 1293
1171 1494
1172 1173
1172 1250
1172 1311
1172 1351
1172 1657
1172 1729
1172 1744
1172 1816
1173 1491
1173 1534
1173 1898
1174 1194
1174 1447
1174 1772
1175 1362
1175 1898
1176 1279
1176 1682
1176 1870
1176 1931
1177 1260
1177 1310
1177 1923
1178 1637
1178 1951
1179 1577
1179 1690
1179 1955
1180 1272
1180 1710
1180 1762
1181 1609
1181 1683
1181 1956
1182 1303
1182 1639
1182 1931
1183 1194
1183 1266
1184 1512
1184 1756
1184 1760
1185 1254
1185 1479
1186 1304
1186 1333
1186 1445
1187 1460
1187 1512
1188 1308
1188 1624
1188 1768
1189 1444
1189 1563
1189 1882
1189 1962
1190 1280
1190 1428
1190 1640
1190 1787
1190 1866
1190 1905
1191 1699
1191 1770
1192 1417
1192 1420
1193 1754
1193 1765
1194 1201
1194 1227
1194 1299
1194 1506
1194 1543
1194 1612
1194 1799
1195 1414
1195 1886
1196 1229
1196 1631
1196 1905
1197 1331
1197 1353
1197 1725
1198 1410
1198 1602
1200 1222
1200 1434
1200 1458
1201 1356
1201 1841
1201 1881
1202 1583
1202 1907
1203 1461
1203 1471
1204 1439
1204 1538
1205 1485
1205 1578
1205 1592
1206 1639
1206 1749
1206 1798
1207 1567
1208 1430
1208 1808
1208 1875
1209 1226
1209 1241
1209 1293
1210 1683
1210 1887
1210 1907
1211 1225
1211 1483
1211 1558
1211 1814
1212 1489
1212 1590
1212 1743
1213 1317
1213 1757
1213 1765
1213 1781
1215 1332
1215 1912
1216 1404
1216 1588
1216 1619
1217 1267
1217 1442
1217 1736
1218 1461
1218 1670
1219 1642
1219 1673
1219 1699
1220 1278
1220 1490
1220 1539
1220 1559
1220 1889
1221 1440
1221 1900
1223 1775
1223 1799
1224 1632
1224 1642
1224 1714
1224 1746
1224 1910
1225 1262
1225 1435
1225 1727
1226 1460
1226 1698
1227 1808
1227 1889
1228 1452
1229 1408
1229 1459
1229 1559
1230 1451
1230 1467
1230 1470
1230 1737
1231 1271
1231 1558
1232 1638
1232 1815
1233 1346
1234 1361
1235 1795
1235 1862
1235 1969
1236 1415
1236 1589
1236 1636
1236 1871
1237 1861
1238 1284
1238 1541
1238 1546
1238 1663
1239 1495
1240 1329
1240 1498
1240 1722
1241 1274
1241 1365
1241 1409
1241 1807
1242 1517
1242 1639
1242 1890
1243 1389
1243 1514
1243 1759
1244 1371
1244 1859
1244 1869
1245 1624
1245 1685
1245 1954
1246 1482
1246 1535
1246 1699
1246 1978
1247 1693
1247 1864
1248 1363
1248 1500
1249 1789
1250 1277
1250 1396
1250 1511
1250 1895
1250 1917
1252 1322
1252 1433
1252 1578
1252 1703
1252 1931
1253 1344
1253 1446
1253 1987
1254 1607
1256 1335
1256 1492
1256 1618
1256 1639
1257 1958
1258 1340
1258 1565
1258 1587
1258 1740
1258 1872
1259 1550
1259 1575
1260 1446
1260 1578
1260 1877
1261 1448
1261 1549
1261 1612
1262 1427
1262 1429
1262 1521
1263 1321
1263 1345
1263 1382
1263 1397
1264 1659
1264 1807
1265 1380
1265 1392
1266 1453
1267 1690
1267 1743
1268 1939
1269 1284
1269 1521
1269 1611
1269 1866
1270 1694
1270 1765
1270 1885
1270 1944
1271 1286
1271 1468
1272 1362
1272 1422
1272 1658
1272 1663
1272 1811
1272 1906
1273 1532
1274 1682
1274 1738
1274 1787
1275 1359
1275 1745
1275 1850
1276 1545
1276 1701
1276 1997
1277 1304
1277 1331
1277 1398
1277 1952
1278 1407
1278 1798
1279 1321
1279 1366
1279 1532
1279 1609
1279 1987
1280 1412
1280 1513
1280 1808
1280 1940
1282 1409
1282 1580
1282 1588
1282 1745
1282 1810
1282 1994
1283 1338
1283 1711
1283 1787
1283 1872
1284 1372
1284 1689
1284 1932
1284 1939
1285 1668
1285 1833
1285 1911
1286 1305
1286 1570
1286 1905
1286 1993
1287 1611
1287 1795
1288 1340
1288 1546
1288 1594
1289 1314
1289 1519
1289 1525
1290 1426
1290 1688
1290 1884
1291 1339
1291 1511
1291 1678
1291 1999
1293 1439
1293 1555
1293 1623
1294 1908
1295 1693
1295 1740
1296 1596
1297 1505
1298 1323
1299 1363
1299 1500
1299 1924
1299 1966
1300 1666
1301 1321
1301 1705
1301 1736
1301 1862
1301 1977
1302 1359
1302 1603
1302 1927
1302 1959
1302 1964
1303 1393
1303 1699
1303 1795
1304 1364
1304 1644
1304 1900
1304 1941
1305 1403
1306 1702
1306 1837
1307 1463
1307 1952
1309 1421
1309 1477
1309 1729
1309 1817
1310 1335
1310 1664
1311 1313
1311 1347
1311 1747
1312 1453
1312 1530
1312 1971
1313 1787
1314 1491
1314 1876
1316 1577
1316 1789
1316 1868
1317 1472
1317 1476
1317 1534
1317 1698
1317 1868
1318 1345
1318 1482
1318 1627
1319 1953
1320 1587
1320 1613
1321 1732
1321 1996
1322 1603
1324 1349
1324 1494
1324 1676
1325 1633
1326 1395
1326 1529
1326 1873
1326 1970
1327 1501
1327 1774
1327 1825
1327 1827
1328 1824
1329 1773
1329 1845
1331 1424
1331 1952
1332 1357
1332 1811
1333 1347
1333 1554
1333 1612
1333 1725
1333 1750
1333 1758
1333 1767
1333 1892
1335 1761
1335 1815
1335 1964
1336 1437
1336 1499
1337 1347
1338 1472
1338 1537
1338 1898
1340 1340
1340 1350
1340 1530
1340 1586
1340 1773
1340 1873
1341 1439
1341 1714
1341 1765
1341 1775
1342 1420
1342 1594
1342 1908
1343 1475
1343 1517
1343 1653
1343 1672
1343 1715
1343 1869
1344 1838
1345 1502
1345 1552
1346 1381
1346 1754
1346 1797
1346 1841
1346 1960
1347 1493
1347 1603
1347 1703
1347 1814
1347 1842
1347 1845
1348 1738
1349 1717
1350 1530
1350 1754
1350 1931
1351 1615
1351 1733
1352 1577
1352 1614
1352 1915
1354 1389
1354 1637
1354 1690
1354 1867
1354 1920
1355 1423
1355 1461
1355 1650
1356 1522
1356 1560
1356 1590
1357 1372
1357 1428
1358 1467
1358 1741
1359 1473
1359 1741
1359 1846
1359 1942
1360 1922
1361 1550
1362 1781
1362 1952
1363 1599
1363 1790
1363 1978
1364 1661
1364 1947
1365 1500
1365 1590
1365 1670
1365 1977
1366 1499
1366 1694
1366 1732
1366 1836
1367 1764
1367 1792
1368 1428
1368 1973
1369 1508
1369 1692
1370 1582
1370 1886
1371 1399
1371 1483
1371 1634
1371 1816
1371 1953
1372 1429
1373 1416
1373 1633
1373 1919
1373 1961
1374 1507
1374 1536
1374 1746
1375 1487
1375 1943
1376 1377
1376 1586
1376 1684
1376 1810
1379 1423
1379 1629
1379 1745
1380 1495
1381 1429
1381 1485
1381 1719
1381 1764
1381 1912
1382 1944
1383 1522
1383 1672
1384 1462
1384 1763
1385 1413
1385 1629
1385 1776
1385 1818
1385 1944
1386 1446
1386 1963
1387 1496
1387 1535
1388 1397
1389 1810
1390 1611
1390 1739
1391 1691
1392 1737
1392 1873
1392 1879
1393 1673
1393 1756
1393 1937
1393 1990
1394 1403
1394 1406
1394 1472
1394 1491
1395 1684
1395 1728
1395 1995
1396 1699
1396 1935
1396 1952
1397 1472
1397 1505
1397 1715
1398 1573
1398 1661
1398 1852
1398 1924
1399 1891
1400 1403
1400 1876
1401 1940
1402 1456
1402 1493
1402 1953
1403 1591
1403 1596
1403 1984
1404 1516
1404 1619
1404 1791
1404 1941
1404 1944
1405 1520
1405 1945
1405 1995
1406 1420
1407 1833
1408 1571
1408 1848
1408 1932
1408 1994
1409 1830
1410 1480
1410 1641
1410 1904
1411 1498
1411 1990
1412 1764
1413 1429
1413 1632
1413 1654
1413 1763
1414 1837
1415 1585
1415 1711
1416 1787
1416 1880
1417 1716
1417 1939
1418 1552
1418 1782
1418 1857
1418 1995
1420 1687
1420 1734
1420 1830
1420 1982
1421 1480
1422 1998
1423 1522
1423 1695
1423 1795
1424 1543
1424 1928
1425 1865
1426 1510
1426 1749
1427 1455
1427 1500
1427 1590
1427 1713
1428 1486
1428 1621
1428 1693
1428 1735
1428 1749
1429 1765
1429 1838
1429 1961
1430 1519
1430 1803
1430 1930
1431 1583
1431 1702
1432 1584
1432 1791
1433 1651
1433 1689
1433 1815
1434 1587
1434 1691
1435 1692
1435 1711
1435 1990
1436 1660
1436 1777
1437 1948
1438 1719
1438 1908
1439 1571
1439 1633
1439 1924
1440 1707
1441 1674
1441 1809
1442 1470
1442 1604
1442 1830
1442 1938
1442 1949
1443 1583
1443 1925
1444 1539
1444 1568
1445 1928
1445 1981
1446 1583
1446 1586
1447 1468
1447 1564
1447 1733
1448 1934
1449 1491
1450 1535
1451 1511
1452 1623
1452 1670
1452 1683
1452 1967
1453 1830
1454 1837
1455 1628
1455 1629
1455 1786
1456 1759
1456 1792
1457 1928
1457 1949
1459 1649
1459 1688
1459 1745
1460 1644
1460 1661
1460 1782
1460 1852
1460 1925
1460 1936
1460 1942
1461 1544
1461 1567
1462 1663
1462 1683
1462 1804
1462 1853
1463 1694
1464 1959
1465 1677
1465 1720
1465 1959
1466 1489
1466 1684
1466 1815
1466 1972
1467 1513
1467 1705
1467 1927
1468 1608
1468 1837
1468 1885
1468 1939
1468 1966
1470 1617
1470 1635
1470 1743
1470 1858
1471 1788
1471 1818
1472 1555
1472 1623
1472 1715
1472 1872
1473 1824
1475 1736
1476 1855
1477 1514
1477 1779
1478 1484
1478 1511
1479 1615
1479 1973
1479 1988
1480 1973
1481 1510
1481 1834
1482 1904
1483 1609
1484 1744
1484 1940
1485 1622
1485 1809
1486 1706
1487 1605
1488 1493
1488 1799
1489 1573
1489 1599
1490 1842
1491 1569
1491 1678
1491 1783
1492 1837
1493 1525
1495 1532
1495 1673
1496 1986
1497 1721
1498 1799
1498 1999
1499 1597
1500 1848
1501 1751
1502 1540
1503 1507
1503 1809
1504 1556
1505 1654
1505 1759
1507 1715
1507 1830
1507 1922
1508 1724
1508 1746
1509 1684
1509 1720
1510 1961
1511 1933
1511 1949
1512 1519
1512 1527
1512 1564
1512 1744
1513 1979
1515 1833
1516 1554
1516 1846
1516 1882
1517 1537
1517 1738
1517 1970
1519 1719
1519 1764
1519 1976
1520 1625
1520 1794
1521 1957
1521 1964
1522 1600
1522 1923
1527 1677
1527 1787
1528 1630
1529 1768
1529 1944
1531 1687
1531 1889
1532 1634
1532 1842
1533 1580
1533 1661
1534 1908
1534 1918
1535 1553
1536 1899
1537 1567
1537 1598
1537 1769
1538 1556
1539 1849
1539 1887
1540 1919
1540 1937
1541 1541
1541 1973
1542 1677
1542 1776
1543 1558
1544 1582
1545 1612
1546 1628
1546 1853
1547 1561
1547 1858
1547 1862
1549 1647
1550 1631
1550 1759
1552 1714
1553 1637
1553 1807
1553 1957
1556 1798
1557 1759
1558 1598
1558 1938
1561 1856
1563 1736
1564 1671
1564 1708
1566 1644
1567 1652
1567 1893
1567 1923
1568 1831
1571 1720
1571 1782
1573 1710
1573 1759
1573 1948
1574 1907
1575 1588
1575 1840
1576 1797
1577 1724
1578 1709
1579 1637
1579 1647
1579 1888
1580 1636
1580 1888
1581 1904
1581 1958
1581 1972
1582 1658
1582 1845
1583 1633
1583 1713
1584 1816
1585 1689
1587 1887
1587 1901
1588 1785
1588 1842
1588 1923
1589 1728
1589 1828
1589 1954
1590 1725
1591 1717
1591 1998
1592 1639
1592 1912
1592 1969
1593 1621
1593 1738
1593 1916
1594 1776
1594 1810
1595 1716
1595 1844
1596 1679
1599 1691
1599 1874
1599 1907
1600 1930
1600 1944
1600 1951
1601 1631
1605 1790
1605 1800
1606 1681
1608 1646
1609 1666
1609 1745
1609 1774
1610 1838
1610 1890
1611 1655
1611 1857
1612 1649
1612 1730
1612 1770
1612 1987
1612 1998
1613 1732
1613 1864
1614 1622
1615 1648
1616 1984
1617 1855
1617 1948
1619 1762
1619 1802
1620 1631
1620 1762
1620 1995
1621 1780
1621 1856
1622 1653
1622 1913
1623 1737
1623 1879
1623 1997
1624 1887
1627 1825
1627 1977
1628 1716
1628 1851
1628 1921
1628 1979
1629 1654
1629 1669
1629 1741
1629 1769
1629 1772
1629 1995
1631 1651
1631 1797
1631 1939
1631 1952
1632 1654
1633 1837
1635 1647
1636 1704
1636 1761
1636 1877
1638 1892
1638 1924
1639 1770
1639 1882
1640 1792
1640 1972
1643 1681
1644 1930
1649 1652
1651 1805
1651 1871
1652 1865
1653 1661
1653 1727
1654 1903
1655 1683
1655 1826
1656 1888
1656 1946
1656 1970
1657 1806
1657 1812
1658 1679
1658 1756
1658 1785
1660 1742
1660 1867
1662 1720
1662 1728
1662 1801
1662 1989
1663 1871
1664 1834
1664 1890
1665 1992
1667 1949
1668 1850
1671 1816
1671 1910
1672 1685
1672 1759
1672 1801
1672 1879
1673 1767
1673 1782
1675 1922
1676 1751
1677 1766
1678 1914
1680 1727
1680 1815
1680 1817
1680 1866
1681 1833
1681 1964
1682 1971
1685 1745
1687 1922
1688 1965
1689 1770
1690 1797
1690 1940
1691 1965
1692 1886
1693 1905
1693 1996
1694 1787
1694 1951
1695 1913
1695 1994
1697 1722
1697 1757
1699 1705
1699 1973
1700 1826
1700 1971
1701 1712
1703 1859
1706 1821
1707 1724
1707 1820
1708 1983
1709 1900
1709 1975
1710 1745
1710 1850
1712 1715
1712 1848
1714 1860
1714 1935
1714 1963
1716 1813
1716 1930
1717 1868
1717 1903
1718 1736
1719 1785
1721 1726
1724 1976
1726 1818
1727 1816
1727 1841
1729 1828
1730 1798
1730 1810
1732 1840
1732 1989
1733 1779
1733 1826
1734 1760
1736 1749
1736 1770
1736 1982
1737 1768
1739 1770
1741 1881
1741 1931
1742 1916
1743 1930
1747 1898
1749 1858
1750 1767
1751 1938
1751 1964
1754 1849
1756 1939
1757 1774
1758 1766
1759 1791
1760 1911
1761 1890
1763 1926
1765 1959
1766 1895
1766 1899
1766 1920
1767 1783
1768 1797
1769 1773
1770 1837
1771 1819
1771 1834
1772 1835
1774 1955
1775 1915
1775 1937
1776 1854
1776 1957
1777 1811
1778 1885
1778 1940
1780 1852
1781 1994
1782 1934
1783 1808
1783 1946
1784 1816
1784 1960
1785 1827
1785 1859
1785 1917
1785 1965
1788 1969
1790 1852
1791 1873
1794 1943
1796 1901
1798 1887
1799 1822
1800 1846
1803 1886
1804 1902
1807 1915
1810 1960
1813 1861
1813 1982
1815 1897
1816 1899
1822 1932
1822 1954
1823 1884
1825 1843
1825 1940
1825 1952
1826 1841
1829 1888
1829 1968
1830 1974
1832 1940
1834 1906
1834 1936
1835 1844
1836 1930
1837 1890
1838 1896
1838 1987
1839 1890
1839 1919
1843 1863
1844 1848
1844 1862
1850 1850
1850 1985
1853 1948
1854 1917
1857 1957
1858 1967
1859 1962
1860 1952
1860 1962
1862 1893
1864 1984
1866 1888
1869 1869
1872 1928
1873 1950
1874 1959
1876 1877
1876 1977
1876 1982
1877 1915
1877 1930
1879 1902
1879 1910
1880 1936
1880 1951
1883 1891
1883 1957
1885 1956
1886 1913
1890 1939
1891 1975
1898 1953
1900 1917
1904 1988
1906 1971
1907 1945
1909 1985
1914 1979
1917 1958
1921 1942
1923 1954
1924 1960
1927 1966
1930 1971
1931 1955
1932 1994
1941 1973
1944 1980
1947 1986
1953 1986
1966 1967
1973 1995
1989 1996
1992 1993
