2000
0 1179
0 1401
0 1478
1 768
6 977
6 1304
6 1362
7 257
7 1577
8 1805
9 1134
10 1209
10 1684
11 1035
12 1919
12 1986
13 342
13 1306
14 997
17 404
17 685
17 1531
19 687
19 1635
20 956
20 1659
20 1982
21 1620
22 1445
25 816
26 989
27 175
30 183
30 388
30 922
31 337
31 958
31 1409
32 346
32 633
32 1425
33 314
33 554
33 1395
35 1146
36 95
36 1640
38 1338
39 794
39 1817
43 379
47 1374
47 1716
48 847
49 153
49 348
51 592
51 1611
54 1888
56 1713
56 1757
59 868
59 1234
60 631
60 741
60 1438
60 1893
61 671
62 371
62 1446
62 1675
64 1903
65 654
65 1320
68 361
70 1468
70 1645
74 1087
74 1949
75 482
77 1843
78 758
79 877
80 1855
81 1457
82 1376
83 1063
84 452
84 1345
84 1552
84 1724
85 86
85 1867
86 916
86 1446
87 302
88 1075
91 682
91 1035
92 833
92 1448
94 1450
95 1357
96 1253
97 624
97 1289
99 456
100 981
102 1605
106 424
108 342
108 1123
109 915
110 564
110 873
111 672
111 1509
111 1589
111 1973
112 1848
115 1981
117 622
117 962
117 1994
117 1999
118 586
118 787
121 988
122 487
122 1432
122 1831
122 1966
123 509
126 1203
128 878
128 1166
128 1549
128 1781
129 685
132 1150
133 199
133 764
133 1639
133 1811
133 1862
134 523
135 1858
136 921
138 310
138 1242
140 1161
144 1843
144 1912
145 916
145 1763
149 1090
150 829
150 888
150 1934
151 1886
152 1084
152 1623
154 445
154 1151
154 1864
155 448
155 1655
156 1197
157 1638
158 392
158 825
158 1447
161 375
162 821
163 335
163 1354
164 1921
165 990
167 1014
168 857
168 986
168 1635
169 375
174 1422
174 1471
175 1510
176 1689
177 572
178 694
178 1190
178 1733
179 191
179 549
180 1427
184 827
185 541
186 975
186 1739
188 424
188 1026
191 1790
192 1990
193 1732
195 1110
196 1259
197 584
197 1136
198 705
199 1393
200 319
202 557
202 853
202 1415
203 1047
205 753
205 1208
206 1855
208 987
208 1440
209 1947
210 1129
211 1108
214 245
214 592
214 1464
216 558
216 959
218 1454
218 1720
220 815
220 1594
221 224
221 274
221 1428
224 714
225 913
227 560
228 1072
229 361
230 779
230 820
230 1746
231 847
231 1054
231 1497
231 1536
233 1063
237 1202
240 760
240 1383
240 1407
241 1092
244 1453
245 562
246 1378
247 279
247 471
247 1689
249 414
249 815
250 557
252 440
254 1782
258 697
258 769
258 1293
260 887
262 1109
264 661
265 478
265 799
267 1705
272 467
274 1587
275 931
276 1562
276 1940
277 1758
278 299
278 495
280 900
280 1467
282 1112
283 686
283 783
283 1094
287 1618
289 680
289 904
289 1509
291 534
291 849
291 1963
292 1598
292 1740
293 1295
293 1810
295 939
295 1040
295 1885
296 508
298 1185
300 654
300 1015
300 1398
301 804
302 438
303 450
303 536
303 1980
304 1180
304 1514
306 1513
307 1031
307 1985
308 508
309 681
310 816
311 321
311 1296
311 1786
311 1972
313 1489
314 939
316 858
318 1149
319 1627
320 1224
320 1652
321 682
322 606
322 1167
323 1112
326 1089
326 1233
327 709
329 952
331 753
331 957
331 1326
332 809
333 944
333 1065
333 1288
334 859
335 1444
335 1666
335 1743
335 1932
336 628
336 1224
337 1574
338 723
338 1639
338 1719
339 1642
340 1733
340 1792
341 413
342 1147
342 1172
343 1135
343 1234
343 1608
344 446
344 1404
345 900
346 1386
347 940
347 1034
348 827
349 1229
350 1111
352 1606
353 546
353 1102
353 1549
353 1608
353 1945
355 1755
356 1129
357 831
358 1758
362 853
362 1392
362 1702
363 726
363 1240
364 385
368 719
369 912
370 1627
371 1252
371 1845
374 1472
375 929
376 1473
376 1890
378 687
380 816
381 497
381 1407
381 1687
382 436
383 1647
386 1467
386 1774
386 1820
387 695
387 1315
387 1961
388 589
388 951
391 805
391 1596
391 1780
392 1954
393 1510
394 538
395 605
395 1272
398 1716
398 1892
399 659
402 944
406 938
406 1091
406 1407
410 934
412 429
412 1346
413 763
413 776
414 1583
415 532
416 1023
416 1738
416 1860
417 1498
418 1697
419 991
420 1902
422 1521
423 1692
424 545
424 831
426 828
426 1176
427 1608
427 1734
429 1270
429 1462
429 1960
431 625
433 1193
433 1850
435 596
436 498
436 555
439 904
440 593
441 1654
442 606
443 496
443 741
445 1396
446 520
446 1627
446 1823
448 1600
448 1941
449 1324
450 642
451 1516
452 1156
452 1207
452 1422
452 1512
453 1612
455 585
455 1258
455 1573
455 1916
458 1520
458 1982
459 1208
459 1612
462 602
462 1099
463 525
464 1767
467 910
467 1405
471 488
471 1448
474 973
475 1869
480 921
480 1842
481 1084
483 1199
483 1531
485 1406
486 552
486 974
486 1032
487 1925
488 939
489 1539
492 1775
493 958
494 833
500 736
500 1695
500 1741
502 815
503 747
505 1346
506 1676
509 564
511 1886
512 956
515 1196
515 1832
516 576
516 1687
516 1889
520 1202
520 1832
522 1545
524 1696
526 1285
527 1190
529 1129
529 1827
530 1494
530 1862
532 985
532 1457
533 1735
537 1377
539 1717
540 904
541 738
541 1131
541 1598
541 1846
542 1398
543 659
547 1730
548 1618
549 1880
552 962
554 739
554 761
557 1287
558 1701
560 1868
561 837
562 1582
563 1247
563 1877
564 776
564 1356
564 1648
565 1362
566 636
566 1627
569 694
569 837
569 1055
569 1093
570 602
571 1136
574 820
574 1231
574 1549
574 1812
575 946
576 1599
576 1944
580 1856
581 1237
582 1109
582 1391
583 894
585 1247
585 1730
586 586
591 1041
591 1143
595 1158
597 757
597 771
597 1119
601 1346
605 1550
605 1946
608 1871
610 1295
611 774
611 1413
613 845
615 681
615 1774
616 673
616 719
616 1277
617 1491
617 1725
619 1206
620 1519
621 973
621 1489
623 1459
623 1524
624 699
625 895
626 1078
626 1126
626 1589
628 670
628 1148
636 795
636 845
636 1515
637 1160
640 1420
641 1794
641 1871
642 1071
642 1337
644 850
644 1689
649 1667
650 1973
652 1899
652 1908
655 1693
656 1328
656 1891
656 1974
660 1801
661 1881
662 1702
667 995
668 692
668 1006
668 1627
669 1054
669 1543
669 1856
672 1580
673 1763
674 1054
676 1504
679 871
680 733
684 1780
685 1193
685 1915
686 1632
686 1878
687 1307
687 1606
690 761
691 1734
693 717
693 1736
699 1220
699 1686
701 874
703 811
703 862
706 1947
707 808
707 879
707 1131
708 807
713 823
713 829
714 1481
716 811
716 1115
717 1507
718 1135
718 1592
719 1975
720 1092
720 1346
720 1851
721 1090
721 1343
721 1735
722 788
722 1427
724 1025
724 1347
725 868
726 861
727 740
727 1980
732 1027
734 1098
734 1305
735 1089
736 1137
738 1207
739 928
739 1271
739 1397
739 1935
740 1280
741 1702
741 1872
743 997
745 1372
747 1240
747 1430
747 1594
748 908
749 1500
752 889
756 1396
756 1650
756 1812
757 851
758 1729
758 1949
759 1332
760 896
763 1374
765 1701
765 1786
765 1875
768 1660
768 1975
769 1139
769 1798
770 1072
770 1791
771 1409
771 1561
772 1030
772 1296
772 1796
773 1556
775 1989
776 1120
776 1417
776 1968
778 858
779 1609
781 1260
782 907
782 1637
783 1826
784 1035
784 1243
784 1303
785 1465
787 1303
788 952
790 914
795 1606
799 1944
800 1919
800 1995
801 910
803 936
803 964
803 967
805 1041
808 1291
810 1601
811 1551
812 1323
814 1210
815 1108
815 1541
815 1620
817 852
818 1343
818 1460
820 986
820 1225
822 874
822 1385
822 1825
823 1979
827 862
827 1475
828 1866
831 1314
831 1388
831 1400
833 1620
835 1440
838 1025
839 956
839 1427
840 1065
843 1653
846 1328
848 1993
849 1098
849 1747
859 1584
861 1709
863 930
863 1437
867 1433
868 980
870 1770
872 1288
872 1847
874 1550
875 1483
877 944
878 936
881 1510
881 1967
882 1256
883 1444
883 1506
888 1137
889 1110
889 1274
889 1521
893 1821
894 1643
897 943
898 1315
898 1439
899 1654
902 1151
902 1848
903 1262
905 1037
906 1128
907 1791
907 1889
911 1880
913 920
915 1394
916 1508
917 954
917 1728
920 1082
920 1124
926 1134
927 1210
927 1857
929 1175
929 1249
929 1922
930 996
930 1653
930 1898
933 1991
934 977
934 1312
940 1412
940 1666
940 1729
940 1835
941 968
941 1034
941 1362
942 1072
943 1546
944 1388
945 1745
946 1842
947 1217
947 1556
950 1417
951 1242
951 1837
952 1158
952 1903
954 1168
957 1762
959 1119
961 1304
963 1890
966 1668
968 1525
968 1880
969 1562
973 1961
977 1775
979 1392
986 1170
986 1385
986 1854
987 1313
988 1310
988 1940
990 1657
991 1330
996 1542
999 1844
1005 1495
1006 1521
1007 1725
1009 1732
1010 1625
1011 1727
1012 1936
1014 1146
1015 1511
1016 1295
1016 1715
1016 1905
1025 1613
1031 1667
1036 1829
1036 1830
1038 1423
1043 1824
1044 1099
1044 1681
1045 1629
1046 1491
1049 1381
1049 1800
1049 1892
1052 1576
1054 1184
1055 1150
1055 1500
1058 1901
1063 1501
1066 1068
1069 1105
1072 1423
1073 1565
1076 1699
1080 1647
1082 1699
1086 1880
1088 1744
1090 1504
1090 1839
1091 1196
1091 1485
1091 1752
1092 1398
1096 1796
1100 1836
1102 1741
1103 1140
1103 1634
1104 1145
1104 1589
1107 1429
1109 1772
1113 1729
1121 1161
1122 1654
1127 1627
1130 1406
1132 1225
1137 1549
1138 1319
1138 1511
1138 1961
1141 1223
1141 1270
1142 1871
1142 1880
1144 1540
1145 1432
1146 1669
1148 1527
1149 1446
1151 1236
1151 1769
1154 1876
1157 1753
1161 1579
1161 1664
1163 1831
1164 1759
1165 1268
1173 1336
1173 1424
1173 1715
1177 1566
1182 1598
1185 1497
1186 1971
1190 1597
1191 1763
1197 1894
1201 1549
1204 1278
1204 1325
1205 1554
1205 1672
1210 1681
1211 1335
1217 1961
1222 1406
1223 1629
1224 1448
1224 1604
1224 1892
1225 1689
1229 1771
1230 1726
1236 1315
1236 1987
1237 1727
1238 1586
1238 1640
1239 1379
1241 1372
1242 1339
1245 1993
1248 1355
1253 1824
1257 1938
1258 1440
1258 1607
1259 1501
1259 1676
1260 1827
1262 1323
1262 1848
1265 1381
1268 1723
1268 1973
1270 1651
1275 1405
1275 1940
1277 1780
1280 1586
1291 1789
1295 1827
1296 1439
1297 1826
1298 1981
1302 1745
1302 1964
1311 1961
1312 1627
1314 1972
1316 1445
1316 1694
1318 1430
1319 1937
1320 1956
1323 1709
1324 1421
1325 1808
1326 1405
1330 1465
1331 1974
1334 1828
1335 1523
1337 1576
1337 1874
1338 1346
1338 1909
1339 1853
1350 1954
1350 1970
1353 1385
1358 1414
1361 1464
1361 1808
1361 1864
1366 1744
1371 1705
1371 1740
1375 1794
1378 1950
1379 1383
1381 1459
1383 1963
1391 1505
1392 1999
1393 1943
1404 1905
1405 1647
1407 1498
1407 1911
1408 1416
1424 1490
1425 1684
1428 1569
1428 1631
1429 1813
1430 1922
1432 1489
1432 1567
1434 1473
1441 1730
1450 1882
1452 1588
1453 1487
1457 1808
1463 1954
1471 1778
1479 1601
1482 1658
1486 1648
1487 1808
1489 1678
1489 1690
1491 1727
1502 1915
1504 1951
1507 1809
1508 1674
1510 1795
1516 1793
1523 1770
1524 1877
1527 1680
1527 1971
1539 1570
1540 1736
1541 1710
1544 1562
1544 1943
1552 1893
1553 1763
1553 1991
1558 1707
1563 1819
1564 1601
1565 1845
1577 1821
1579 1907
1589 1683
1598 1958
1600 1707
1600 1811
1606 1640
1606 1683
1611 1641
1611 1715
1621 1670
1628 1727
1629 1806
1642 1814
1644 1758
1651 1851
1657 1664
1665 1918
1676 1998
1688 1725
1696 1901
1703 1954
1706 1808
1709 1922
1723 1894
1725 1759
1734 1910
1735 1739
1768 1851
1777 1917
1784 1973
1786 1914
1797 1828
1797 1986
1806 1920
1819 1927
1831 1982
1845 1909
1847 1935
1849 1985
1850 1927
1876 1941
1887 1948
1891 1952
1896 1950
1922 1994
1944 1978
