2000
0 595
0 1476
0 1884
1 27
1 521
2 236
2 1127
2 1227
2 1314
2 1703
2 1865
2 1885
3 68
3 1344
4 667
4 1507
5 774
5 992
5 1265
5 1984
6 430
6 1172
6 1210
6 1335
6 1488
7 313
7 743
7 961
7 1123
7 1979
8 721
8 1081
8 1295
8 1742
9 161
9 218
9 316
9 1053
9 1913
10 375
10 458
10 1767
10 1902
11 255
11 524
11 1027
11 1349
11 1843
12 447
12 1910
13 892
13 956
13 1396
14 1037
14 1746
14 1824
15 1127
16 160
16 424
16 541
16 880
16 1939
17 292
17 1151
17 1468
17 1696
17 1833
18 390
18 552
18 1270
18 1317
19 622
19 713
19 1624
20 1268
20 1476
21 614
21 1487
21 1748
21 1767
21 1981
22 48
22 335
22 896
23 86
23 798
23 1877
23 1975
24 466
24 1637
25 594
25 1693
26 325
26 700
26 915
26 1168
26 1480
27 939
27 1492
27 1556
28 801
28 1018
29 149
29 1012
30 360
30 506
30 510
30 785
30 994
30 1141
30 1154
30 1326
30 1924
31 480
31 913
31 1019
31 1709
32 1585
33 980
33 1836
33 1893
34 35
34 274
35 69
35 954
35 1184
35 1251
35 1890
36 491
37 1070
38 773
38 1299
38 1481
39 158
39 1265
39 1682
39 1718
40 343
41 246
41 647
41 821
41 868
42 52
42 205
42 562
42 630
42 1000
42 1018
42 1469
42 1538
43 1121
43 1366
44 226
44 564
44 779
44 995
44 1581
45 145
45 1906
46 169
46 539
46 1702
46 1998
47 823
47 1924
48 141
48 289
48 342
48 1280
49 451
49 861
49 956
49 1121
50 1172
50 1701
50 1936
50 1985
51 809
51 1028
51 1866
52 630
52 1049
52 1141
52 1887
53 968
53 1836
54 1260
54 1350
54 1622
54 1800
55 706
55 1223
55 1309
55 1487
56 409
56 652
56 1049
56 1331
56 1993
57 860
57 1864
58 157
58 485
58 970
58 1679
58 1908
59 363
60 75
60 239
60 980
60 1420
60 1785
60 1974
61 256
61 742
61 819
61 1428
61 1628
62 191
62 197
62 682
62 995
62 1070
62 1810
62 1829
63 771
63 952
63 1860
64 223
64 406
64 429
64 638
64 696
64 922
64 1849
65 1259
65 1922
66 717
66 955
66 1636
67 758
67 1571
68 1489
68 1631
68 1821
69 88
69 194
69 254
69 840
69 906
69 1063
69 1104
69 1395
69 1525
69 1660
69 1738
70 108
70 1581
71 619
71 968
72 117
72 854
72 1427
72 1908
72 1912
73 1102
73 1369
73 1760
73 1903
74 1120
74 1879
75 181
75 464
75 654
75 1128
75 1295
75 1363
75 1798
75 1907
76 1603
76 1776
77 780
77 830
77 1081
77 1556
77 1596
78 333
78 847
79 680
79 701
79 1670
80 625
81 294
81 301
81 895
81 1495
81 1651
82 776
82 1042
82 1295
82 1713
82 1750
82 1861
83 1312
84 181
84 520
84 1328
84 1885
85 89
85 744
85 1332
85 1423
86 230
86 1173
86 1331
87 254
87 872
87 1082
87 1147
87 1212
87 1285
87 1733
88 348
88 733
88 1805
89 779
89 999
90 872
90 1242
90 1890
90 1957
91 420
92 967
93 288
93 345
93 1746
94 974
94 1352
94 1630
95 692
95 1108
96 858
96 1091
96 1133
96 1234
96 1447
96 1570
96 1712
96 1968
97 1056
97 1275
97 1804
98 313
98 336
98 1370
98 1746
100 1254
100 1293
100 1407
101 767
101 1576
101 1592
101 1593
102 809
102 1376
102 1466
103 661
103 840
103 842
104 186
104 209
104 645
104 1171
104 1993
105 398
105 533
105 1117
105 1171
106 266
106 756
106 1532
106 1551
106 1609
106 1809
107 274
107 336
107 986
107 1231
107 1650
107 1991
108 245
108 442
108 448
108 509
108 1117
108 1696
109 1374
109 1818
110 1501
110 1887
111 542
111 1893
112 965
112 1645
112 1757
113 409
113 877
113 969
113 1407
113 1426
114 1029
115 449
116 360
117 243
117 360
117 977
117 978
117 1026
119 1205
119 1742
119 1810
120 799
120 1005
120 1717
121 947
121 1195
122 172
123 983
123 994
123 1185
124 1360
125 540
125 594
125 712
125 828
125 1028
125 1396
126 1354
126 1853
127 223
127 607
127 743
128 516
128 638
128 1060
128 1137
128 1865
128 1935
129 628
129 977
129 1093
129 1570
130 419
130 473
130 1357
130 1505
131 258
131 940
132 511
133 407
134 1124
134 1495
135 323
135 1032
135 1224
135 1395
135 1954
137 369
138 157
138 549
138 1196
139 1146
139 1968
140 1269
140 1463
140 1489
140 1549
142 488
142 1355
142 1443
143 237
143 1622
143 1829
143 1846
143 1984
144 468
144 652
145 173
145 222
145 1484
145 1793
146 262
146 1780
146 1915
147 167
147 753
147 774
147 812
147 1392
148 369
148 454
149 867
149 1227
149 1580
150 575
150 996
150 1793
151 396
151 461
151 608
151 1060
152 808
152 1157
152 1210
153 939
154 288
154 663
154 1312
154 1729
154 1803
154 1981
155 1288
156 325
157 1396
158 1211
159 343
159 409
160 186
160 429
160 679
161 816
161 1526
162 1301
163 183
163 267
163 307
163 617
163 1011
164 1320
165 670
165 906
165 1335
166 443
166 1023
166 1560
166 1751
166 1821
167 433
168 402
168 1284
168 1973
169 554
169 1089
169 1182
170 396
170 515
170 708
171 222
171 633
171 818
171 830
171 999
171 1008
172 1697
172 1835
173 525
173 881
173 895
173 981
173 1389
173 1667
174 1204
174 1244
174 1556
174 1921
175 581
175 666
175 819
175 1119
175 1435
175 1485
176 541
176 690
177 959
177 1452
177 1910
178 789
178 1045
178 1165
179 414
179 429
179 490
179 1143
180 307
180 495
180 1398
181 721
181 863
181 892
181 1022
181 1431
181 1622
182 215
182 1456
183 312
183 1476
183 1670
184 706
184 983
184 1110
184 1534
185 534
185 1618
185 1823
186 212
186 557
186 1948
187 1102
187 1457
187 1519
187 1543
188 830
188 1660
189 205
189 1509
190 362
190 1871
191 440
191 727
192 356
192 1877
193 476
193 605
193 1760
194 1069
194 1363
194 1744
195 402
195 1220
195 1223
195 1344
195 1580
195 1919
196 620
197 963
197 1014
197 1362
198 469
198 786
198 1478
198 1559
198 1978
199 836
199 1093
199 1191
199 1219
200 320
201 568
201 1160
201 1247
201 1358
201 1913
202 214
202 547
202 1331
202 1388
202 1503
202 1955
203 236
203 1355
204 1226
204 1902
205 456
205 859
205 861
205 1178
205 1455
205 1641
206 350
206 757
206 1117
207 550
207 804
208 250
208 493
208 1028
209 917
209 1032
209 1048
209 1350
209 1646
210 419
210 831
210 1329
210 1711
211 838
211 946
212 1317
212 1509
213 741
213 856
214 305
214 1275
215 1060
215 1605
215 1833
216 410
216 706
216 990
217 1234
217 1441
217 1533
218 1254
218 1428
218 1532
218 1899
218 1999
219 228
219 1099
219 1210
219 1767
220 600
220 1301
221 306
221 562
221 1736
222 462
222 1082
222 1554
223 714
223 1363
223 1528
223 1596
223 1828
224 792
224 1129
224 1359
224 1972
225 292
225 574
225 890
225 971
225 1150
225 1342
225 1884
225 1886
226 1122
226 1323
227 963
227 1148
227 1936
228 886
229 247
230 505
230 1068
230 1466
230 1700
230 1941
231 368
232 250
232 718
232 1787
232 1955
233 444
234 563
234 1303
235 738
235 1592
235 1674
236 424
236 1084
236 1137
236 1446
236 1485
236 1821
237 1137
238 626
238 1081
238 1319
238 1488
238 1614
239 329
239 1115
240 566
240 623
241 839
243 561
243 595
243 683
243 1591
243 1689
244 414
244 1258
244 1310
245 819
245 840
245 1843
245 1895
246 1096
246 1698
246 1974
246 1989
247 577
247 610
247 985
247 1191
247 1791
248 712
248 831
248 868
248 1218
249 373
249 428
249 505
249 1296
249 1666
249 1714
250 254
250 321
250 423
250 796
250 950
251 492
251 713
251 1440
251 1586
251 1645
252 928
252 1136
253 370
253 972
253 1342
254 843
255 453
255 1131
255 1740
256 658
256 1502
256 1685
256 1759
257 1424
257 1608
257 1609
258 274
258 677
258 705
258 919
258 1669
259 1221
260 1374
261 770
261 1428
261 1556
262 1113
262 1276
263 647
263 1819
263 1933
264 375
264 1172
264 1612
265 789
265 977
265 1435
265 1597
266 759
266 1243
266 1737
266 1807
268 727
268 1326
268 1736
268 1812
269 656
269 954
269 1458
269 1549
269 1698
270 718
270 1354
270 1661
270 1705
271 707
271 1006
271 1187
271 1191
271 1277
272 1854
273 378
273 474
273 482
273 1578
274 389
274 943
274 1054
274 1592
274 1593
275 737
275 969
275 1089
275 1696
276 364
276 1238
277 669
277 1539
277 1835
278 777
278 1144
278 1305
278 1335
278 1947
280 573
280 580
280 1265
280 1702
281 287
281 539
281 1103
281 1327
281 1422
281 1983
282 560
282 1233
282 1467
282 1586
282 1879
283 1177
284 1089
284 1332
284 1626
285 326
285 594
285 708
285 1173
285 1328
285 1355
285 1808
285 1887
286 510
286 1341
286 1684
286 1809
286 1844
287 287
287 339
287 1310
287 1441
287 1520
288 502
288 1102
289 351
289 427
289 1669
289 1765
290 346
290 933
290 1166
290 1190
290 1200
290 1429
290 1435
290 1823
291 594
291 691
291 725
291 858
291 1080
291 1845
292 340
292 1618
293 806
293 1027
293 1166
293 1508
293 1533
293 1854
294 296
294 640
294 964
294 1862
294 1945
295 473
295 1027
295 1273
295 1299
296 1956
297 1206
297 1414
297 1541
297 1817
298 1003
299 1776
300 1142
300 1957
301 1274
302 836
303 1125
303 1952
305 339
305 410
305 1754
306 669
306 1945
306 1966
307 330
307 346
307 967
307 1280
307 1451
308 1870
309 924
309 1199
309 1352
310 532
310 1271
310 1617
311 450
311 476
311 873
311 1784
311 1838
312 554
312 924
312 1072
312 1223
313 408
313 1098
313 1312
313 1319
313 1390
313 1418
313 1421
314 1373
314 1576
314 1747
314 1845
315 627
316 581
316 916
317 404
317 1024
317 1207
317 1925
318 885
318 1878
319 1492
319 1514
319 1924
320 493
320 836
320 1058
321 444
321 562
321 1248
321 1365
321 1487
321 1530
322 742
322 1004
322 1165
323 360
323 1138
323 1837
324 478
324 1713
325 1860
326 950
326 1464
326 1801
327 418
327 750
327 1412
328 364
328 1169
328 1404
328 1436
328 1449
328 1672
328 1823
328 1890
329 596
329 1043
330 501
330 930
330 1247
330 1947
331 748
331 1000
331 1118
332 387
332 1142
332 1250
332 1331
332 1600
332 1725
332 1857
333 547
333 901
335 1124
336 1406
336 1430
336 1481
336 1990
337 692
337 1133
337 1969
338 475
338 830
338 904
338 1420
339 1202
339 1516
339 1557
339 1560
339 1666
339 1751
340 444
340 499
340 845
340 1009
341 1310
341 1493
341 1530
342 1938
343 668
343 727
343 1097
344 1794
344 1856
345 393
345 659
345 810
345 1416
345 1750
346 972
347 698
347 732
347 1308
347 1858
348 978
348 1042
348 1198
348 1760
348 1880
349 613
349 778
349 785
349 1056
350 357
350 525
350 682
350 1103
351 409
351 686
351 1320
352 352
352 571
352 633
353 832
353 1657
354 839
354 1789
356 1626
356 1659
356 1667
357 903
357 976
357 1663
357 1798
357 1993
358 808
358 951
358 1166
359 420
359 471
359 1214
359 1519
360 411
360 857
360 1793
361 739
361 1793
362 1129
362 1484
363 366
363 600
363 674
363 1759
364 403
364 990
365 979
365 1159
365 1602
365 1950
366 418
366 504
366 895
366 1125
366 1827
367 651
367 821
368 1124
368 1344
368 1724
368 1887
369 405
369 609
369 1076
369 1709
370 1790
371 1287
371 1448
371 1817
371 1824
372 541
372 1210
373 1889
374 1157
374 1318
374 1357
374 1850
375 428
375 485
376 960
376 1627
377 1365
377 1976
378 687
378 710
378 721
378 1237
378 1820
378 1926
380 1477
381 1703
382 490
382 1114
382 1411
383 950
384 411
384 637
384 1283
385 767
385 1049
386 596
386 933
386 1048
386 1414
387 493
387 1050
387 1921
388 1041
388 1345
388 1667
389 1042
389 1876
390 408
391 656
391 1711
392 1919
392 1995
393 1616
394 573
394 699
394 1358
394 1454
394 1745
395 996
395 1129
396 780
396 1794
397 580
397 1275
397 1547
398 865
398 1118
398 1402
398 1717
398 1822
399 450
399 1684
399 1964
400 1229
400 1314
401 496
401 498
401 1207
401 1217
401 1513
401 1737
402 825
402 1568
402 1597
403 432
403 1494
403 1870
403 1934
404 1102
404 1188
404 1202
404 1395
404 1650
404 1755
404 1978
405 1024
406 527
407 635
407 872
407 1767
408 999
408 1558
408 1701
409 1690
409 1802
409 1822
410 1175
410 1507
410 1856
411 760
411 1290
411 1839
412 637
412 1026
412 1079
412 1149
412 1459
413 706
413 895
413 1766
414 489
414 545
414 1069
414 1396
415 418
415 1272
415 1548
416 764
416 804
416 917
416 1146
416 1644
417 692
418 501
418 1361
419 820
419 1453
420 503
420 631
420 1845
421 890
421 937
421 1034
421 1963
423 1752
424 1852
425 548
425 638
425 804
425 834
426 1892
428 566
428 630
428 1344
428 1418
429 529
429 964
429 1054
429 1425
430 1070
430 1391
431 1928
433 740
433 1176
433 1714
433 1887
434 843
434 1625
434 1913
434 1973
435 521
435 628
435 1355
435 1711
436 1007
436 1043
437 948
437 1296
438 969
438 1054
438 1523
439 630
439 912
439 950
439 1919
439 1991
440 984
440 1089
440 1964
441 717
441 1830
442 1937
443 581
443 1008
443 1031
443 1118
443 1217
443 1589
443 1721
444 989
444 1865
445 936
445 1638
446 487
447 574
447 1154
447 1926
448 603
448 625
448 748
448 822
448 1410
448 1878
449 1255
449 1727
450 790
450 1234
451 511
451 1181
452 562
452 712
452 909
452 1142
452 1435
453 885
453 1257
454 559
454 592
454 904
454 1456
454 1956
455 544
455 572
455 1685
456 693
456 1910
456 1987
457 660
457 866
457 974
457 1774
457 1792
458 527
458 685
459 468
459 1968
460 498
460 625
460 657
460 1153
460 1183
460 1355
460 1492
462 1048
462 1877
463 691
463 1149
463 1401
464 541
464 1059
464 1240
465 1161
465 1267
466 879
467 658
467 1575
468 487
468 1119
468 1364
468 1817
469 1107
469 1298
471 866
471 1604
471 1865
471 1922
472 1013
472 1295
472 1940
473 1040
473 1542
473 1832
474 1179
474 1717
474 1884
475 752
475 767
475 1310
475 1742
477 1213
478 1452
478 1574
479 494
480 1929
481 663
481 883
481 1059
481 1118
482 548
482 1017
482 1102
482 1219
482 1615
482 1715
483 590
483 1180
483 1365
484 1068
484 1298
484 1713
484 1858
484 1974
485 1073
485 1329
486 608
486 1662
486 1786
487 1516
487 1530
487 1791
487 1921
488 770
488 846
489 893
489 1276
489 1335
489 1668
489 1856
489 1866
490 1882
491 748
491 800
491 1115
491 1147
491 1541
491 1672
492 1085
492 1195
492 1673
493 700
493 1151
494 929
494 1366
494 1467
494 1772
494 1786
494 1898
495 650
495 693
495 1049
495 1532
495 1625
496 1415
496 1868
497 1002
497 1241
497 1489
497 1928
498 885
498 1082
498 1597
499 626
499 737
499 1590
499 1602
500 597
500 1009
500 1297
500 1840
501 554
501 1045
502 945
502 1090
502 1559
503 1647
503 1833
504 1272
505 737
507 578
507 1374
507 1903
508 1318
509 1051
509 1524
510 780
510 870
510 944
510 954
510 1710
510 1951
511 1094
511 1207
512 551
512 681
512 1033
512 1447
513 633
514 1222
514 1226
514 1431
514 1700
515 1012
515 1147
515 1162
515 1536
516 802
516 1230
516 1285
516 1608
517 556
517 765
518 568
518 1482
518 1732
518 1845
518 1966
519 680
519 1667
519 1864
520 1381
520 1715
521 792
523 608
523 1258
523 1865
524 566
524 712
524 1037
524 1073
525 569
525 677
525 1367
525 1564
525 1611
525 1791
526 738
526 1083
526 1254
526 1423
526 1598
526 1774
527 848
527 1353
527 1378
527 1498
527 1654
527 1849
528 739
528 755
528 1073
528 1408
528 1931
529 668
530 1884
531 1762
532 989
532 1620
533 934
533 1068
533 1372
533 1815
533 1882
534 552
534 994
534 1086
534 1092
534 1468
534 1733
535 1529
536 745
536 895
536 934
536 1147
536 1501
537 649
537 805
537 1995
538 638
538 874
539 975
539 1127
540 1574
541 1030
541 1415
541 1666
541 1962
542 922
542 1189
543 1232
543 1640
544 778
544 976
544 988
545 1657
546 1031
546 1535
546 1802
547 850
547 1763
548 817
548 907
548 1672
549 1011
549 1378
549 1925
550 644
550 980
550 1709
551 1359
551 1592
551 1664
552 565
552 1243
553 1097
553 1146
553 1657
554 672
554 1699
555 723
555 1570
555 1651
555 1878
556 872
556 964
556 1325
557 1695
558 612
559 1167
559 1268
559 1453
559 1600
559 1885
560 1762
560 1764
561 732
561 1678
562 1596
562 1626
563 1054
564 1132
565 1026
566 1341
567 1129
568 809
568 1092
568 1506
568 1848
568 1913
569 862
569 1187
570 1001
571 839
571 1007
571 1761
572 657
572 811
572 1345
572 1507
575 1834
575 1937
576 1716
577 858
577 915
577 939
577 1324
577 1529
578 1357
578 1566
578 1883
578 1913
580 672
580 831
580 923
581 715
581 1353
581 1571
581 1687
581 1763
583 966
583 1696
584 1214
585 1324
586 1799
587 1069
587 1145
587 1770
588 668
588 743
588 1355
588 1688
590 971
590 1175
591 660
591 1533
591 1729
591 1934
592 925
592 940
592 1827
593 1587
593 1769
593 1801
594 941
594 1479
594 1516
594 1792
594 1852
595 830
595 1284
597 1296
597 1476
598 1885
598 1952
599 1793
600 1641
600 1960
601 1156
602 1509
602 1798
603 1543
604 1408
604 1667
604 1910
605 1849
606 671
606 970
606 980
607 646
607 795
607 915
607 1498
608 666
609 676
610 1274
610 1367
610 1392
611 733
611 923
611 929
611 1039
611 1379
611 1851
612 967
612 1226
613 1249
613 1503
613 1719
613 1759
614 1312
614 1819
615 1256
616 923
616 1312
617 983
617 1836
618 1382
618 1997
619 1219
619 1423
620 692
620 1101
620 1146
622 629
622 640
622 881
623 726
623 736
624 759
624 795
624 1184
624 1283
625 799
626 682
626 1080
626 1331
627 1303
627 1680
628 775
628 1257
628 1922
629 933
629 1727
630 1090
630 1630
631 1672
632 662
632 668
632 1039
632 1130
632 1431
634 1959
635 786
635 1696
635 1810
636 1283
637 1346
637 1580
637 1915
638 977
639 939
639 1190
639 1899
640 1244
640 1520
640 1999
641 741
641 1613
641 1619
641 1876
641 1941
642 1045
642 1098
642 1113
643 1788
643 1899
644 975
644 1450
645 912
645 1220
645 1656
646 901
646 970
646 1241
646 1351
646 1763
647 789
647 1970
648 1041
649 978
649 1017
649 1254
649 1754
650 899
650 957
650 1479
651 678
651 1019
651 1335
651 1394
651 1750
651 1868
651 1952
652 1683
652 1936
653 1991
654 1419
654 1493
655 863
655 1196
655 1535
656 1432
657 1202
657 1257
658 1725
658 1971
658 1997
659 683
660 1153
660 1276
660 1608
660 1615
661 964
661 1231
661 1662
662 816
662 1341
662 1343
662 1527
662 1647
662 1916
663 1300
663 1654
664 1280
664 1920
665 670
665 923
665 1281
665 1956
666 1345
666 1530
666 1554
666 1881
667 1207
667 1993
668 902
668 1891
670 1318
671 715
672 1015
673 798
673 1243
673 1919
674 1341
674 1530
675 1503
676 1435
676 1444
676 1653
676 1667
677 736
678 1481
679 851
680 784
680 1226
680 1435
680 1762
681 1402
682 888
682 1919
684 1925
685 1446
685 1462
685 1979
686 1468
686 1571
686 1582
687 1059
687 1665
687 1695
688 806
688 1275
688 1564
688 1570
689 945
689 1667
689 1764
689 1864
690 778
690 1674
691 969
691 1331
691 1356
691 1750
692 813
692 1064
692 1469
692 1878
692 1995
693 820
693 1028
693 1049
693 1330
693 1753
693 1804
694 701
694 1056
694 1399
694 1565
695 1891
696 831
696 1248
697 1435
697 1979
698 1322
698 1422
698 1428
698 1724
699 829
699 1467
700 1233
700 1439
700 1691
700 1980
701 1370
701 1643
702 1765
703 1198
703 1253
703 1287
703 1515
703 1544
703 1733
703 1878
704 823
704 1110
704 1160
704 1690
704 1724
705 1968
706 1712
707 1222
707 1360
708 820
708 933
708 1018
708 1044
708 1212
708 1498
709 779
709 1028
709 1413
710 1041
710 1551
711 725
711 1053
711 1881
712 1316
712 1834
712 1966
713 753
713 760
714 1183
715 825
716 717
716 1313
716 1789
717 1441
717 1763
718 995
718 1705
718 1904
719 729
719 1125
719 1694
720 1372
721 1134
721 1313
721 1466
722 787
722 1928
723 913
723 1126
723 1227
723 1248
723 1519
723 1740
723 1859
723 1932
724 1717
724 1769
725 1205
725 1288
725 1501
725 1576
726 1737
727 1702
728 1123
728 1729
729 756
729 1450
730 1034
730 1258
730 1612
730 1866
731 904
731 1285
731 1307
732 984
732 1855
734 923
735 1286
735 1967
736 797
736 1518
736 1856
736 1870
737 1425
738 1647
739 1435
739 1938
740 1318
740 1591
741 819
741 1409
741 1633
741 1754
741 1962
742 1970
743 1432
743 1496
744 1052
745 1082
745 1324
745 1547
745 1556
745 1781
745 1824
746 806
747 896
747 1197
747 1375
747 1760
748 821
748 865
749 1110
749 1493
749 1948
750 1581
750 1712
750 1862
750 1956
751 1322
751 1578
752 833
752 981
752 1338
753 1777
754 899
754 915
754 1737
755 1048
755 1502
755 1860
756 1282
756 1297
756 1332
756 1387
756 1599
756 1771
757 902
757 1242
757 1370
757 1818
758 873
758 1204
758 1839
759 1297
759 1450
759 1613
759 1782
760 769
760 1365
760 1382
760 1430
760 1703
760 1868
761 910
761 1078
762 1628
763 1144
763 1602
764 1049
764 1709
766 1725
769 964
769 1795
770 1038
770 1262
771 1276
771 1734
771 1961
772 980
772 1417
772 1716
772 1776
772 1845
772 1921
773 830
773 1691
774 1800
774 1949
775 812
776 1018
776 1412
776 1471
777 1695
777 1915
778 1054
778 1452
779 967
779 1500
779 1527
779 1583
782 821
782 840
782 921
782 1643
783 1055
783 1523
783 1867
784 1044
784 1133
784 1235
784 1454
784 1530
784 1866
785 1164
786 940
787 1184
787 1310
787 1554
788 1920
788 1994
789 1171
789 1372
789 1472
790 1695
791 959
791 1902
792 834
792 853
792 1389
792 1997
793 838
793 1674
794 1263
794 1679
795 891
795 1211
795 1298
795 1338
796 924
796 1421
796 1607
796 1960
797 1180
798 1814
798 1934
799 1121
799 1221
800 1094
800 1773
801 1632
803 986
803 997
803 1789
803 1853
804 926
804 1388
805 1059
805 1333
805 1978
806 867
806 897
806 1000
807 939
807 1249
807 1270
808 911
808 1059
808 1262
808 1278
808 1364
808 1488
810 921
812 1074
812 1708
813 1874
814 1003
814 1023
815 1436
816 979
816 1138
816 1285
816 1629
816 1867
817 1276
817 1404
817 1507
819 907
819 1127
819 1183
819 1854
820 1499
821 1010
821 1056
823 893
824 851
824 919
824 1142
824 1166
824 1335
824 1510
824 1818
825 956
825 1134
825 1507
825 1999
827 1044
827 1375
827 1434
828 1213
828 1485
828 1743
829 1608
829 1837
829 1918
830 933
830 1242
831 1056
831 1103
831 1263
831 1296
832 1140
832 1249
833 1121
833 1337
836 1004
837 1100
837 1186
837 1587
838 1052
838 1233
838 1339
838 1915
840 1287
840 1968
842 1160
845 1132
845 1670
846 942
846 1277
846 1500
846 1617
848 927
848 1168
848 1856
848 1862
849 1351
849 1708
849 1866
849 1867
851 1219
851 1528
852 907
852 1256
852 1662
853 1079
853 1154
853 1848
853 1902
853 1923
854 1036
854 1986
855 1015
855 1198
855 1521
855 1563
856 936
856 1049
858 895
859 1089
859 1237
859 1443
859 1453
861 921
861 929
861 1330
861 1372
862 1156
863 972
863 988
863 1226
863 1936
863 1959
863 1987
864 1761
865 1464
865 1904
866 1548
867 972
868 1033
868 1043
868 1269
868 1460
870 1631
870 1717
870 1793
871 1060
871 1739
872 1550
873 1833
873 1930
874 1195
874 1758
875 1671
876 1309
876 1665
878 1057
878 1174
878 1416
878 1506
878 1609
878 1649
878 1880
878 1939
879 1620
880 1946
882 1072
882 1173
882 1390
883 952
883 1234
883 1497
883 1629
883 1853
884 1224
884 1460
884 1549
884 1792
885 1445
885 1526
885 1593
885 1688
886 1338
887 1483
887 1492
887 1934
888 1934
889 1617
890 897
890 1238
891 1215
892 969
892 1117
892 1368
892 1489
892 1632
892 1971
893 1099
893 1104
894 989
894 1159
895 1079
895 1704
895 1890
895 1948
896 1169
896 1295
896 1304
896 1738
897 1043
897 1056
898 1211
898 1647
899 1647
901 1486
903 979
903 1064
904 920
904 1185
905 1836
906 976
906 1368
907 1452
908 1559
908 1849
909 1515
910 1872
910 1934
911 1146
912 1277
912 1925
913 999
913 1385
913 1411
914 1105
914 1140
915 1030
915 1698
916 978
916 1378
916 1451
917 949
919 1445
919 1640
920 1207
920 1317
920 1919
921 933
921 1966
922 1031
922 1037
922 1654
923 1180
923 1762
926 1487
926 1505
927 1330
927 1719
928 1362
928 1670
929 1296
929 1750
930 1201
931 940
931 1079
931 1091
931 1205
932 1226
932 1560
934 1154
934 1912
935 1194
935 1779
936 998
936 1919
938 1035
938 1421
939 1997
940 1012
940 1051
940 1131
940 1464
941 1585
942 984
942 1001
942 1727
942 1869
943 1393
944 1204
946 1663
946 1680
947 1261
947 1758
948 1208
949 1936
950 1029
950 1695
952 1672
954 1806
954 1907
955 1568
955 1650
955 1777
956 1584
956 1638
956 1724
956 1886
957 1324
958 1235
958 1676
959 1253
959 1457
959 1610
959 1984
960 1157
960 1415
960 1929
961 1340
961 1484
962 1234
962 1327
962 1538
963 1334
964 1256
964 1952
965 1356
967 1367
968 1276
969 1993
970 1432
970 1707
971 1173
971 1277
971 1449
971 1538
971 1643
971 1846
972 1496
972 1672
973 1073
974 1143
974 1982
975 1035
975 1302
975 1471
977 1011
977 1527
978 1003
978 1597
978 1916
979 988
980 1100
980 1410
980 1450
980 1919
981 1426
982 1128
982 1958
983 1126
983 1260
983 1345
983 1612
984 1608
984 1838
985 1237
985 1654
986 1002
986 1335
988 1123
988 1406
988 1630
989 1290
989 1673
990 1060
990 1423
990 1652
990 1957
991 1880
991 1899
993 1375
995 1405
995 1457
995 1879
996 1733
997 1355
997 1476
998 1675
998 1800
998 1925
999 1556
999 1621
999 1928
1000 1183
1000 1331
1000 1459
1000 1999
1001 1004
1002 1340
1002 1454
1002 1476
1002 1926
1003 1428
1003 1783
1004 1014
1004 1475
1004 1591
1005 1054
1005 1525
1005 1576
1005 1889
1006 1523
1006 1601
1008 1034
1008 1075
1008 1369
1010 1394
1010 1850
1011 1371
1012 1127
1012 1591
1013 1128
1013 1275
1013 1457
1014 1645
1014 1982
1015 1100
1015 1386
1015 1948
1016 1559
1016 1947
1018 1043
1018 1724
1019 1264
1020 1310
1020 1704
1020 1888
1021 1917
1022 1082
1022 1204
1022 1770
1023 1515
1024 1334
1024 1446
1024 1805
1024 1851
1025 1365
1025 1613
1026 1941
1027 1735
1028 1054
1028 1387
1028 1871
1029 1524
1030 1117
1032 1954
1033 1059
1033 1172
1033 1442
1033 1443
1035 1059
1035 1074
1035 1489
1035 1574
1037 1555
1038 1744
1039 1092
1039 1663
1039 1775
1040 1262
1040 1535
1040 1921
1041 1403
1041 1616
1041 1799
1042 1363
1042 1599
1043 1175
1043 1282
1043 1472
1043 1649
1043 1719
1044 1059
1045 1117
1045 1287
1045 1889
1045 1978
1046 1280
1046 1326
1049 1502
1049 1772
1050 1261
1050 1554
1051 1204
1052 1438
1053 1766
1054 1338
1054 1681
1054 1744
1054 1920
1057 1274
1057 1533
1057 1605
1057 1958
1058 1210
1058 1250
1058 1965
1059 1088
1059 1530
1059 1682
1059 1736
1059 1806
1060 1635
1060 1701
1060 1947
1064 1570
1064 1756
1065 1268
1065 1594
1067 1141
1067 1146
1067 1992
1070 1071
1071 1168
1071 1449
1071 1976
1072 1508
1072 1654
1073 1470
1074 1805
1075 1741
1076 1332
1077 1734
1077 1743
1078 1090
1079 1349
1079 1356
1080 1318
1081 1155
1081 1210
1081 1365
1081 1384
1082 1177
1082 1612
1084 1356
1086 1282
1086 1901
1087 1551
1088 1649
1090 1836
1091 1356
1095 1243
1097 1441
1098 1401
1098 1659
1098 1695
1099 1668
1099 1890
1100 1261
1100 1422
1100 1493
1100 1563
1100 1571
1100 1799
1100 1858
1102 1380
1102 1483
1103 1790
1103 1906
1104 1372
1104 1793
1106 1386
1106 1636
1106 1855
1107 1279
1107 1302
1108 1431
1108 1665
1108 1685
1109 1120
1109 1258
1109 1952
1110 1125
1110 1358
1111 1235
1112 1651
1112 1818
1113 1382
1113 1879
1114 1494
1114 1691
1116 1389
1116 1887
1117 1383
1118 1126
1118 1331
1118 1525
1118 1538
1119 1372
1123 1181
1123 1211
1123 1530
1123 1946
1124 1489
1125 1338
1125 1524
1127 1611
1128 1211
1128 1266
1128 1590
1129 1923
1130 1865
1131 1391
1131 1521
1131 1771
1132 1476
1134 1580
1134 1627
1135 1488
1136 1227
1136 1431
1136 1658
1137 1719
1138 1615
1139 1197
1139 1252
1139 1362
1139 1705
1139 1993
1140 1359
1140 1990
1141 1487
1142 1248
1142 1591
1142 1668
1143 1172
1143 1595
1144 1276
1145 1214
1145 1326
1146 1701
1147 1632
1148 1252
1148 1986
1149 1773
1150 1197
1150 1588
1150 1712
1150 1731
1151 1247
1151 1786
1152 1457
1152 1461
1152 1532
1152 1626
1152 1638
1153 1168
1153 1306
1153 1811
1156 1281
1156 1356
1156 1899
1157 1196
1157 1273
1157 1500
1158 1356
1158 1814
1160 1473
1161 1961
1164 1974
1165 1427
1167 1644
1169 1726
1170 1637
1170 1645
1172 1566
1174 1725
1175 1176
1175 1402
1175 1697
1177 1222
1177 1326
1177 1707
1180 1388
1181 1630
1182 1481
1184 1327
1184 1481
1184 1997
1185 1391
1185 1572
1186 1495
1187 1734
1187 1876
1191 1955
1192 1416
1192 1634
1192 1947
1193 1814
1193 1843
1194 1263
1194 1400
1194 1519
1195 1553
1195 1557
1195 1968
1196 1745
1198 1386
1198 1725
1201 1216
1201 1222
1201 1358
1202 1221
1202 1815
1203 1233
1203 1772
1203 1942
1204 1434
1204 1729
1205 1244
1205 1533
1205 1589
1206 1275
1207 1321
1207 1493
1207 1872
1207 1887
1208 1401
1209 1489
1209 1868
1210 1360
1210 1797
1213 1282
1213 1312
1213 1324
1213 1346
1214 1372
1214 1763
1214 1795
1215 1394
1216 1351
1217 1609
1218 1838
1220 1630
1220 1713
1220 1714
1220 1772
1221 1588
1221 1617
1221 1660
1222 1605
1222 1639
1223 1803
1224 1272
1224 1928
1225 1366
1227 1436
1227 1910
1229 1254
1229 1314
1230 1584
1230 1880
1230 1960
1233 1314
1233 1427
1233 1602
1234 1525
1234 1673
1234 1747
1234 1966
1235 1762
1236 1717
1237 1269
1238 1684
1238 1801
1239 1404
1239 1728
1240 1671
1241 1544
1241 1731
1241 1758
1242 1848
1243 1690
1244 1686
1244 1870
1244 1910
1244 1982
1245 1649
1245 1805
1247 1810
1248 1538
1248 1608
1248 1763
1250 1665
1251 1426
1252 1663
1257 1426
1257 1643
1258 1995
1259 1780
1259 1988
1260 1758
1261 1355
1262 1373
1262 1792
1264 1972
1265 1491
1266 1893
1267 1433
1267 1775
1269 1310
1269 1720
1269 1918
1269 1951
1271 1348
1271 1609
1272 1332
1272 1534
1272 1615
1274 1459
1274 1738
1275 1290
1275 1762
1275 1819
1276 1998
1277 1368
1278 1975
1279 1655
1280 1477
1280 1609
1280 1677
1280 1859
1281 1912
1284 1414
1284 1523
1284 1538
1285 1461
1287 1928
1288 1475
1288 1898
1290 1691
1294 1592
1294 1934
1299 1502
1299 1704
1299 1723
1299 1736
1300 1606
1300 1842
1301 1340
1301 1632
1301 1716
1302 1614
1302 1983
1304 1919
1304 1944
1306 1519
1307 1965
1309 1473
1309 1595
1309 1951
1310 1557
1310 1561
1311 1920
1312 1469
1312 1853
1312 1936
1313 1578
1314 1593
1314 1672
1314 1925
1317 1335
1317 1737
1318 1364
1318 1438
1318 1905
1318 1909
1318 1927
1319 1634
1321 1626
1321 1708
1321 1804
1321 1984
1323 1788
1324 1849
1325 1504
1325 1902
1326 1393
1326 1823
1327 1448
1327 1753
1327 1915
1328 1646
1328 1786
1328 1842
1329 1680
1332 1676
1334 1700
1335 1888
1338 1678
1338 1887
1339 1410
1340 1791
1341 1534
1341 1877
1342 1409
1343 1396
1343 1667
1348 1806
1349 1831
1350 1350
1350 1966
1351 1824
1351 1916
1352 1468
1352 1475
1354 1487
1356 1520
1356 1737
1356 1825
1357 1371
1358 1513
1358 1840
1360 1447
1361 1701
1362 1756
1362 1981
1363 1771
1364 1403
1364 1433
1364 1949
1365 1596
1366 1485
1366 1578
1366 1700
1366 1982
1367 1449
1367 1492
1367 1533
1367 1900
1369 1665
1369 1726
1371 1821
1372 1401
1372 1446
1372 1681
1373 1822
1374 1756
1374 1783
1377 1504
1377 1973
1378 1640
1383 1506
1384 1628
1384 1864
1385 1874
1386 1549
1386 1922
1387 1770
1388 1661
1388 1695
1388 1740
1388 1983
1391 1521
1391 1892
1391 1950
1393 1875
1393 1896
1393 1945
1394 1469
1394 1816
1396 1854
1397 1709
1398 1740
1398 1755
1400 1547
1400 1720
1401 1456
1404 1588
1404 1656
1406 1577
1406 1860
1408 1779
1412 1855
1414 1775
1417 1990
1418 1937
1419 1842
1419 1926
1422 1504
1422 1584
1424 1741
1424 1844
1424 1899
1425 1978
1427 1964
1429 1578
1429 1649
1430 1547
1430 1579
1432 1808
1432 1947
1433 1950
1433 1958
1434 1716
1435 1442
1435 1547
1437 1477
1437 1798
1437 1916
1438 1838
1439 1877
1443 1928
1444 1448
1444 1568
1445 1517
1445 1680
1448 1700
1448 1814
1450 1903
1451 1475
1451 1759
1451 1797
1454 1597
1459 1551
1459 1794
1460 1883
1460 1939
1462 1468
1465 1963
1466 1894
1466 1945
1467 1763
1467 1910
1469 1672
1470 1612
1475 1894
1477 1637
1477 1799
1478 1910
1481 1660
1481 1893
1482 1658
1482 1735
1484 1694
1484 1886
1484 1957
1485 1511
1486 1837
1486 1938
1487 1645
1488 1542
1490 1813
1492 1578
1493 1728
1495 1568
1495 1670
1497 1759
1499 1517
1500 1543
1501 1986
1503 1632
1503 1752
1504 1616
1506 1764
1506 1794
1507 1571
1507 1876
1508 1562
1508 1594
1509 1540
1510 1722
1510 1754
1511 1963
1512 1602
1513 1970
1516 1526
1516 1730
1517 1532
1517 1771
1517 1973
1518 1791
1520 1727
1520 1773
1521 1660
1524 1677
1525 1637
1527 1634
1527 1845
1532 1743
1532 1894
1533 1882
1538 1827
1541 1570
1541 1692
1543 1607
1543 1820
1545 1967
1546 1669
1548 1937
1549 1613
1549 1767
1552 1858
1553 1672
1556 1912
1558 1753
1559 1909
1563 1918
1565 1879
1566 1849
1568 1630
1570 1691
1571 1669
1571 1746
1573 1743
1574 1680
1574 1698
1579 1950
1581 1707
1582 1648
1583 1721
1583 1877
1585 1872
1587 1728
1589 1756
1590 1981
1593 1774
1593 1991
1595 1650
1596 1664
1597 1690
1598 1614
1598 1743
1599 1934
1600 1935
1601 1662
1601 1756
1604 1732
1605 1790
1605 1805
1607 1670
1608 1852
1613 1938
1614 1906
1615 1762
1615 1930
1616 1664
1616 1901
1618 1776
1622 1752
1623 1837
1623 1983
1625 1661
1626 1713
1627 1872
1628 1886
1628 1898
1629 1644
1633 1998
1634 1758
1634 1901
1634 1920
1636 1875
1636 1940
1642 1695
1642 1796
1642 1841
1643 1772
1646 1744
1646 1794
1646 1996
1649 1893
1651 1693
1655 1879
1656 1907
1659 1870
1663 1830
1665 1757
1667 1778
1670 1735
1673 1722
1674 1735
1675 1933
1677 1993
1678 1818
1678 1916
1679 1708
1686 1718
1693 1906
1696 1937
1698 1913
1702 1731
1706 1865
1708 1846
1709 1985
1710 1990
1720 1842
1721 1967
1724 1858
1725 1750
1725 1813
1725 1911
1726 1940
1727 1988
1729 1968
1730 1780
1731 1965
1733 1904
1734 1890
1736 1858
1739 1810
1740 1801
1743 1796
1744 1906
1745 1759
1745 1877
1747 1960
1749 1956
1753 1856
1753 1874
1754 1958
1755 1792
1756 1781
1756 1989
1757 1769
1757 1771
1757 1985
1758 1909
1764 1845
1767 1853
1769 1867
1772 1774
1777 1977
1778 1882
1778 1931
1779 1791
1780 1984
1784 1956
1787 1804
1791 1810
1794 1888
1797 1852
1798 1906
1799 1811
1801 1888
1801 1989
1802 1838
1803 1826
1809 1902
1814 1840
1815 1858
1815 1902
1815 1917
1819 1870
1825 1883
1830 1831
1833 1971
1834 1864
1835 1892
1840 1866
1842 1865
1842 1995
1848 1953
1853 1884
1853 1949
1861 1877
1863 1872
1863 1990
1865 1906
1867 1892
1867 1990
1868 1938
1873 1920
1873 1951
1904 1915
1929 1955
1938 1993
1939 1972
1960 1970
1961 1983
1970 1994
