2000
0 122
0 397
0 745
0 1102
0 1492
0 1790
1 409
1 564
1 694
1 750
1 1066
1 1107
1 1148
1 1548
1 1648
1 1766
1 1793
1 1908
2 273
2 386
2 453
2 555
2 1172
2 1385
2 1421
2 1853
3 141
3 276
3 352
3 590
3 604
3 866
3 900
3 952
3 1124
3 1358
3 1687
4 274
4 309
4 590
4 1034
4 1404
4 1412
4 1731
4 1759
4 1762
5 15
5 53
5 150
5 302
5 775
5 1020
5 1055
5 1127
5 1169
5 1254
5 1272
5 1559
5 1595
5 1627
5 1688
5 1712
6 57
6 134
6 247
6 370
6 836
6 1028
6 1291
6 1565
6 1578
6 1622
6 1812
6 1901
6 1949
6 1963
7 165
7 416
7 429
7 459
7 761
7 1393
7 1751
7 1862
8 376
8 679
8 802
8 942
8 1286
8 1636
8 1935
9 198
9 772
9 914
9 920
9 1012
9 1292
9 1625
9 1768
9 1928
10 466
10 854
10 984
10 1045
10 1240
10 1273
10 1451
11 85
11 579
11 615
11 680
11 760
11 1133
11 1242
11 1449
11 1487
11 1931
11 1936
12 81
12 164
12 279
12 491
12 939
12 1581
12 1930
13 99
13 529
13 592
13 983
13 1571
14 626
14 715
14 870
14 1011
14 1148
14 1302
14 1689
14 1803
14 1830
14 1913
15 236
15 244
15 786
15 796
15 1134
15 1143
15 1188
15 1248
15 1520
15 1810
16 144
16 342
16 406
16 407
16 766
16 805
16 1005
16 1399
16 1550
16 1563
16 1996
17 750
17 1221
17 1280
17 1309
17 1341
17 1473
17 1501
17 1504
17 1581
17 1587
17 1625
18 727
18 1202
18 1688
18 1749
18 1869
18 1963
19 171
19 496
19 870
20 21
20 67
20 479
20 827
20 1019
20 1081
20 1276
20 1414
20 1792
20 1963
21 185
21 279
21 548
21 758
21 783
21 1129
21 1400
21 1425
21 1635
21 1856
21 1865
21 1911
22 189
22 218
22 294
22 399
22 839
22 1210
22 1422
22 1432
23 458
23 605
23 1081
23 1197
23 1445
23 1544
23 1846
24 260
24 862
24 867
24 918
24 1471
24 1511
24 1530
24 1558
24 1561
25 109
25 766
25 1441
25 1526
25 1607
26 131
26 885
26 1166
26 1186
26 1234
26 1301
26 1444
27 65
27 154
27 259
27 375
27 451
27 1916
28 303
28 709
28 1097
28 1303
28 1509
28 1725
29 90
29 310
29 483
29 652
29 749
29 861
29 1037
29 1130
29 1341
30 795
30 1225
30 1533
30 1736
30 1839
30 1854
31 36
31 419
31 602
31 1063
31 1236
31 1419
31 1577
31 1796
31 1968
32 57
32 130
32 1211
32 1371
32 1490
33 280
33 371
33 436
33 694
33 849
33 865
33 1602
33 1617
33 1728
33 1899
34 128
34 449
34 475
34 477
34 480
34 720
34 888
34 1094
34 1246
34 1546
35 374
35 727
35 1228
35 1639
36 160
36 401
36 406
36 516
36 813
36 973
36 1313
36 1445
36 1573
36 1704
36 1843
36 1850
37 62
37 185
37 523
37 837
37 873
37 908
37 1166
37 1676
38 43
38 971
38 1071
38 1483
38 1702
39 48
39 79
39 391
39 1072
39 1299
39 1733
39 1751
39 1847
40 75
40 249
40 808
40 1001
40 1111
40 1813
41 223
41 519
42 167
42 227
42 288
42 640
42 764
42 819
42 1516
42 1528
42 1661
42 1832
43 92
43 1405
43 1409
43 1520
43 1584
43 1715
43 1781
43 1836
44 170
44 820
44 880
44 1226
45 197
45 424
45 980
45 1344
45 1403
45 1457
46 109
46 146
46 241
46 629
46 802
46 852
46 867
46 1481
46 1602
46 1802
46 1855
47 422
47 800
47 1010
47 1900
48 276
48 840
48 862
48 1093
49 308
49 487
49 793
49 1244
49 1370
49 1458
49 1466
49 1610
49 1671
49 1952
49 1970
50 536
50 625
50 925
50 1375
50 1678
50 1971
51 142
51 230
51 383
51 523
51 591
51 1301
51 1860
51 1935
52 117
52 845
52 945
52 1295
52 1991
53 252
53 297
53 304
53 393
53 749
53 1017
53 1169
53 1321
53 1396
53 1862
53 1909
54 166
54 188
54 223
54 657
54 713
54 768
54 803
54 1048
54 1413
54 1548
54 1666
55 83
55 419
55 1264
55 1708
55 1751
56 434
56 1205
56 1326
57 64
57 677
57 697
57 737
57 797
57 990
57 1017
57 1401
57 1467
57 1745
57 1790
57 1815
57 1868
58 400
58 661
58 985
58 1047
58 1063
58 1476
58 1632
58 1923
58 1958
59 454
59 475
59 1190
59 1548
59 1794
59 1887
60 380
60 483
60 563
60 588
60 1006
60 1058
60 1078
60 1272
60 1501
60 1689
61 160
61 310
61 384
61 860
61 965
61 1057
61 1126
61 1204
61 1392
61 1647
61 1723
62 383
62 467
62 606
62 741
62 832
62 852
62 881
62 908
62 965
62 980
62 1003
62 1262
62 1306
62 1498
62 1548
63 112
63 359
63 571
63 775
63 783
63 847
63 1122
63 1354
63 1526
63 1572
63 1583
63 1770
64 290
64 320
64 486
64 532
64 554
64 1338
64 1358
65 667
65 1012
65 1577
65 1875
65 1993
65 1997
66 347
66 358
66 523
66 837
66 994
66 1028
66 1106
66 1422
66 1555
66 1923
67 159
67 341
67 356
67 1195
67 1487
68 192
68 195
68 724
68 961
68 1816
68 1821
68 1991
69 711
69 874
69 1010
69 1241
69 1523
69 1664
69 1747
69 1867
69 1948
69 1984
70 233
70 386
70 487
70 799
70 1032
70 1276
70 1730
71 499
71 618
71 668
71 697
71 736
71 877
71 1601
72 160
72 344
72 667
72 771
72 884
72 993
72 1076
72 1173
72 1343
72 1757
73 372
73 653
73 892
73 1126
73 1148
73 1388
73 1522
73 1550
73 1754
73 1925
74 288
74 569
74 805
74 1061
74 1375
74 1466
74 1564
74 1635
74 1870
74 1880
75 807
75 918
75 1073
75 1089
75 1262
75 1746
75 1929
76 756
76 1320
76 1738
77 545
77 958
77 1218
77 1589
78 126
78 391
78 1055
78 1161
78 1301
78 1438
78 1466
78 1631
78 1681
78 1939
79 94
79 360
79 417
79 830
79 916
79 962
79 1408
80 163
80 534
80 600
80 953
80 1245
80 1271
80 1625
80 1689
80 1769
81 339
81 605
81 839
81 1094
81 1266
81 1494
81 1578
81 1844
82 356
82 502
82 1029
82 1342
82 1678
82 1685
82 1923
82 1949
82 1958
83 451
83 526
83 949
83 965
83 999
83 1156
83 1486
83 1612
83 1663
84 176
84 185
84 301
84 457
84 798
84 972
84 1266
84 1364
84 1713
84 1743
84 1877
85 103
85 200
85 411
85 468
85 576
85 582
85 654
85 909
85 980
85 1203
85 1256
85 1377
85 1590
85 1670
85 1678
86 324
86 392
86 716
86 1130
86 1413
86 1693
86 1837
87 233
87 526
87 680
87 768
87 913
87 989
87 1041
87 1177
87 1247
87 1561
87 1604
87 1667
87 1845
88 402
88 491
88 781
88 1316
89 179
89 383
89 421
89 468
89 527
89 746
89 1242
89 1424
89 1446
89 1625
90 401
90 505
90 969
90 1185
90 1454
90 1702
90 1898
91 140
91 499
91 1058
91 1541
91 1563
91 1986
92 528
92 632
92 738
92 844
92 1168
92 1550
92 1979
93 131
93 152
93 636
93 1044
93 1271
93 1616
93 1896
93 1940
94 276
94 436
94 635
94 810
94 954
94 1629
94 1840
94 1896
94 1969
95 221
95 299
95 802
95 859
95 894
95 987
95 1074
95 1580
95 1860
95 1873
96 172
96 318
96 900
96 944
96 985
96 1022
96 1595
97 245
97 1146
97 1174
97 1177
97 1548
97 1555
97 1997
98 853
98 886
98 942
98 1297
98 1310
98 1352
99 221
99 237
99 507
99 582
99 591
99 1221
99 1231
99 1491
99 1525
99 1532
100 416
100 724
100 1550
100 1564
101 267
101 638
101 1771
101 1974
102 106
102 177
102 197
102 437
102 462
102 545
102 662
102 716
102 1410
102 1646
102 1918
103 112
103 298
103 395
103 490
103 700
103 952
103 1258
103 1495
103 1636
103 1960
103 1993
104 212
104 270
104 961
104 1249
104 1519
104 1520
104 1948
105 153
105 561
105 967
105 992
105 1127
105 1453
105 1541
105 1591
106 143
106 331
106 405
106 559
106 1169
106 1690
106 1777
107 115
107 118
107 733
107 1135
107 1228
107 1373
107 1389
108 174
108 508
108 584
108 755
108 1261
108 1521
108 1620
109 600
109 699
109 1301
109 1379
109 1725
110 320
110 901
110 950
110 957
110 970
110 1175
110 1740
111 149
111 192
111 433
111 506
111 748
111 917
111 947
111 1010
111 1013
111 1071
111 1103
111 1805
112 390
112 777
112 1094
112 1806
112 1911
113 349
113 543
113 588
113 991
113 1087
113 1226
113 1265
114 370
114 490
114 580
114 707
114 925
114 1184
114 1584
115 281
115 689
115 854
115 1714
116 398
116 415
116 440
116 950
116 1424
116 1715
116 1798
116 1944
117 118
117 466
117 834
117 1054
117 1098
117 1642
117 1658
117 1839
117 1859
118 247
118 338
118 348
118 389
118 552
118 1329
118 1416
118 1788
118 1842
118 1956
119 204
119 478
119 678
119 905
119 1126
119 1387
119 1786
119 1999
120 687
120 847
120 1330
120 1479
120 1545
120 1722
121 164
121 298
121 460
121 1031
121 1253
121 1431
121 1608
121 1623
121 1778
121 1800
122 313
122 460
122 484
122 1098
122 1622
122 1703
122 1971
123 170
123 320
123 426
123 639
123 834
123 1381
123 1626
123 1701
123 1889
124 388
124 511
124 1137
124 1544
125 846
125 883
125 935
125 1098
125 1363
125 1491
125 1796
126 147
126 741
126 1075
126 1131
126 1645
126 1919
127 195
127 453
127 829
127 843
127 1013
127 1238
127 1283
127 1513
127 1666
127 1799
127 1891
128 773
128 1121
128 1622
128 1721
128 1736
128 1741
128 1885
128 1922
128 1980
128 1999
129 343
129 396
129 449
129 481
129 549
129 761
129 771
129 955
129 1503
129 1885
130 214
130 895
130 1518
130 1725
130 1933
131 150
131 517
131 684
131 1017
131 1157
131 1503
131 1888
131 1906
132 247
132 353
132 448
132 499
132 663
132 1323
132 1568
132 1657
132 1755
133 247
133 320
133 337
133 630
133 922
133 1240
133 1576
133 1824
134 328
134 350
134 416
134 459
134 502
134 822
134 919
134 1196
134 1226
134 1453
134 1626
135 837
135 1072
135 1159
135 1666
135 1996
136 144
136 658
136 714
136 853
136 942
136 1037
136 1178
136 1207
136 1528
136 1874
136 1979
136 1988
137 879
137 1767
138 302
138 451
138 520
138 640
138 1137
138 1352
139 1992
140 306
140 334
140 532
140 663
140 866
140 1108
140 1964
141 162
141 496
141 707
141 818
141 1219
141 1565
141 1840
141 1900
141 1982
142 244
142 330
142 532
142 588
142 760
142 950
142 1126
142 1265
142 1401
142 1476
142 1836
143 179
143 180
143 214
143 798
143 852
143 1243
143 1377
144 232
144 627
144 685
144 743
144 870
144 975
144 1011
144 1020
144 1147
144 1235
144 1706
144 1779
144 1846
144 1893
144 1914
145 577
145 793
145 901
145 1498
146 154
146 407
146 491
146 706
146 826
146 852
146 935
146 1386
147 521
147 1061
147 1291
147 1540
147 1579
147 1612
148 509
148 906
148 1001
148 1070
148 1171
148 1274
148 1407
148 1454
148 1486
148 1529
148 1585
148 1741
149 357
149 532
149 588
149 1235
149 1362
149 1740
149 1754
149 1993
150 161
150 466
150 637
150 716
150 862
150 1213
150 1296
150 1585
150 1721
150 1911
151 468
151 469
151 1624
151 1662
151 1783
151 1961
152 238
152 322
152 444
152 1344
152 1514
153 587
153 630
153 779
153 832
153 892
153 1361
153 1400
153 1438
153 1520
154 385
154 464
154 478
154 524
154 1191
154 1381
154 1659
154 1870
154 1917
155 270
155 337
155 560
155 843
155 1083
155 1129
155 1867
156 399
156 554
156 625
156 733
156 775
156 936
156 1007
156 1038
156 1334
156 1701
156 1985
157 252
157 628
157 683
157 728
157 856
157 934
157 1428
157 1656
158 251
158 258
158 449
158 838
158 1688
158 1837
159 177
159 312
159 760
159 770
159 901
159 920
159 948
159 951
159 1167
159 1193
159 1361
159 1495
159 1681
159 1855
159 1895
160 388
160 452
160 562
160 771
160 871
160 1085
160 1334
160 1362
160 1617
160 1631
160 1874
160 1894
161 275
161 1216
161 1700
161 1757
162 395
162 506
162 532
162 544
162 806
162 1227
162 1364
163 896
163 902
163 1220
163 1855
164 337
164 395
164 631
164 1105
164 1381
165 584
165 730
165 825
165 855
165 962
165 999
165 1004
165 1358
165 1525
165 1532
165 1694
166 365
166 1025
166 1299
166 1923
167 212
167 413
167 874
167 891
167 1070
167 1084
167 1110
167 1558
167 1762
168 210
168 977
168 1151
168 1198
168 1792
169 358
169 923
169 1115
169 1196
169 1618
170 221
170 489
170 794
170 1081
171 650
171 1188
171 1658
171 1824
172 254
172 413
172 428
172 477
172 480
172 595
172 719
172 1474
172 1508
172 1994
173 1084
173 1276
173 1438
174 199
174 329
174 409
174 505
174 665
174 759
174 783
174 1870
175 343
175 417
175 433
175 879
175 1414
175 1576
175 1796
175 1866
176 338
176 507
176 793
176 1318
176 1574
177 249
177 431
177 851
177 1141
177 1150
177 1410
177 1741
178 287
178 440
178 505
178 847
178 973
178 1076
178 1145
178 1514
178 1878
178 1972
179 234
179 409
179 738
179 929
179 1027
179 1143
179 1272
179 1382
179 1662
179 1792
179 1900
180 305
180 419
180 560
180 608
180 665
180 1193
180 1327
180 1365
180 1559
180 1903
181 503
181 1437
181 1717
181 1729
181 1814
181 1826
182 259
182 573
182 884
182 933
182 1140
182 1207
182 1233
182 1371
182 1963
183 405
183 430
183 1319
183 1674
184 1020
184 1235
184 1548
184 1784
184 1858
185 187
185 207
185 336
185 449
185 515
185 802
185 968
185 1001
185 1170
185 1256
185 1453
185 1457
185 1524
185 1601
185 1616
186 365
186 627
186 1269
186 1419
186 1742
186 1764
186 1802
187 368
187 566
187 830
187 1189
187 1350
187 1400
187 1702
187 1789
188 242
188 280
188 335
188 384
188 817
188 958
188 1087
188 1221
188 1313
188 1594
188 1639
188 1756
189 489
189 564
189 1102
189 1652
190 362
190 396
190 437
191 913
191 979
191 1149
191 1181
191 1207
191 1572
191 1751
191 1753
192 527
192 945
192 1262
193 675
193 737
193 892
193 1100
193 1212
193 1652
194 719
194 815
194 840
194 869
194 1818
194 1942
195 322
195 1497
195 1502
196 247
196 973
196 1214
196 1380
196 1804
196 1812
197 867
197 1023
197 1087
197 1657
197 1745
197 1864
198 679
198 891
198 1019
198 1174
198 1229
198 1414
198 1467
199 201
199 270
199 357
199 518
199 559
199 928
199 972
199 1112
199 1299
199 1702
199 1821
199 1951
199 1999
200 665
200 735
200 1044
200 1296
200 1423
200 1606
200 1622
201 223
201 314
201 361
201 463
201 1048
201 1313
201 1406
201 1426
201 1571
201 1584
201 1678
202 531
202 720
202 1022
202 1622
202 1781
203 485
203 1162
203 1174
203 1194
203 1984
203 1994
204 653
204 757
204 812
204 986
204 1154
204 1211
204 1326
204 1455
204 1891
204 1910
205 376
205 503
205 656
205 1236
205 1367
205 1924
205 1975
206 420
206 434
206 859
206 1007
206 1201
206 1509
206 1753
206 1884
207 687
207 988
207 1261
207 1534
207 1853
208 343
208 681
208 959
208 1255
208 1397
208 1424
208 1587
208 1694
208 1868
208 1973
209 430
209 471
209 539
209 621
209 648
209 836
209 1230
209 1315
209 1384
209 1475
209 1787
210 234
210 507
210 898
210 913
210 1134
210 1465
210 1523
210 1667
211 286
211 394
211 646
211 758
211 1271
211 1506
211 1843
211 1864
211 1930
212 249
212 284
212 485
212 1047
212 1120
212 1371
212 1505
212 1653
212 1831
212 1955
213 865
213 1128
213 1550
213 1713
214 451
214 453
214 555
214 625
214 691
214 729
214 1339
214 1425
214 1724
215 223
215 233
215 791
215 799
215 939
215 1430
215 1694
216 540
216 657
216 815
216 1442
216 1634
216 1804
216 1879
217 357
217 371
217 381
217 558
217 630
217 988
217 1371
218 385
218 454
218 613
218 865
218 1172
218 1399
218 1683
218 1823
219 405
219 443
219 652
219 776
219 806
219 904
219 1807
220 592
220 709
220 815
220 877
220 995
220 1568
220 1650
220 1854
221 456
221 592
221 742
221 1077
221 1125
221 1491
221 1493
221 1521
222 762
222 880
222 1485
222 1626
223 306
223 356
223 595
223 1074
223 1775
224 899
224 1478
224 1729
224 1875
224 1986
225 439
225 515
225 614
225 766
225 896
225 1369
225 1474
225 1771
225 1825
226 451
226 482
226 755
226 960
226 1623
226 1814
227 308
227 551
227 637
227 926
227 1029
227 1141
227 1342
227 1945
228 848
228 853
228 984
228 1019
228 1834
229 416
229 759
229 1000
229 1053
229 1290
229 1294
230 623
230 1108
230 1199
230 1437
230 1460
230 1631
230 1774
230 1996
231 318
231 408
231 468
231 576
231 790
231 1349
231 1753
232 693
232 982
232 1153
232 1405
232 1517
233 361
233 803
233 1048
233 1533
233 1644
233 1865
233 1975
234 258
234 422
234 428
234 553
234 658
234 937
234 1418
234 1657
234 1919
234 1990
235 631
235 692
235 967
235 1082
235 1155
235 1254
235 1707
236 242
236 668
236 721
236 1632
236 1665
236 1711
237 472
237 681
237 845
237 1184
237 1199
237 1265
237 1301
237 1373
237 1488
238 387
238 515
238 730
238 1081
238 1980
239 257
239 337
239 824
239 911
239 1064
239 1575
239 1852
239 1877
240 301
240 335
240 501
240 612
240 1020
240 1292
240 1629
240 1687
241 514
241 593
241 1509
241 1523
242 298
242 941
242 1005
242 1020
242 1043
242 1088
242 1280
242 1365
242 1539
242 1793
243 304
243 630
243 1307
243 1504
243 1525
244 441
244 536
244 974
244 1132
244 1319
244 1452
244 1701
245 431
245 501
245 645
245 786
245 932
245 975
245 1107
245 1337
246 467
246 1417
246 1546
246 1998
247 383
247 872
247 1076
247 1199
247 1389
247 1613
247 1621
248 367
248 541
248 591
248 739
248 1001
248 1079
248 1238
248 1602
249 1259
250 287
250 1432
251 377
251 576
251 838
251 1027
251 1108
251 1281
251 1497
251 1586
251 1705
251 1892
251 1937
252 335
252 377
252 681
252 845
252 1023
252 1045
252 1117
252 1453
253 389
253 489
253 788
253 1123
253 1183
253 1361
253 1413
253 1868
253 1908
254 430
254 950
254 1135
254 1689
254 1912
255 288
255 331
255 356
255 553
255 561
255 615
255 645
255 663
255 1761
255 1902
255 1989
256 427
256 598
256 616
256 778
256 918
256 936
256 1052
256 1180
256 1237
256 1411
256 1854
256 1894
256 1941
257 350
258 839
258 961
258 1061
258 1284
258 1311
259 379
259 549
259 686
259 1110
259 1190
259 1243
259 1528
259 1718
260 959
260 1545
260 1785
261 359
261 390
261 528
261 863
261 976
261 1088
261 1806
261 1990
262 1957
263 417
263 438
263 454
263 636
263 824
263 983
263 1001
263 1784
264 476
264 512
264 923
264 1464
264 1529
264 1782
265 359
265 725
265 989
265 1269
265 1801
266 436
266 788
266 866
266 1584
266 1608
266 1721
266 1750
266 1858
267 299
267 1239
267 1991
268 479
268 703
268 1329
268 1409
268 1801
269 523
269 877
269 1061
269 1449
269 1896
269 1901
269 1954
269 1993
270 322
270 360
270 409
270 554
270 822
270 878
270 899
270 1221
270 1366
271 1074
271 1129
271 1591
271 1713
271 1794
271 1827
271 1844
271 1922
272 477
272 715
272 790
272 901
272 1090
272 1098
272 1758
272 1859
272 1863
272 1871
273 384
273 729
273 1049
274 641
274 946
274 1229
274 1557
274 1620
275 284
275 395
275 563
275 677
275 727
275 793
275 1245
275 1678
275 1701
276 278
276 537
276 886
276 928
276 1091
276 1191
276 1744
276 1832
276 1901
277 385
277 559
277 1033
277 1073
277 1627
277 1772
278 458
278 1378
278 1471
279 470
279 1590
279 1940
280 1077
280 1312
280 1321
280 1403
280 1796
280 1987
281 423
281 591
281 606
281 703
281 856
281 1200
282 802
282 819
282 841
282 848
282 1626
282 1812
283 1254
283 1295
283 1780
284 481
284 1123
284 1384
284 1427
284 1791
284 1804
284 1908
284 1934
285 535
285 1271
285 1419
285 1925
286 645
287 404
287 420
287 493
287 494
287 532
287 764
287 1546
287 1881
287 1999
288 536
288 735
288 1211
288 1660
289 707
289 902
289 1038
289 1402
289 1548
289 1667
289 1825
289 1850
289 1999
290 560
290 632
290 899
290 1141
290 1213
290 1370
290 1486
290 1767
290 1985
290 1987
291 508
291 527
291 843
291 884
291 1008
291 1839
292 374
292 611
292 696
292 883
292 945
292 1048
292 1354
292 1823
293 416
293 741
293 1660
293 1815
293 1984
293 1999
294 1642
294 1896
295 396
295 397
295 547
295 620
295 741
296 422
296 460
296 989
296 1219
296 1246
296 1314
296 1340
296 1375
296 1447
296 1738
297 517
297 530
297 708
297 766
297 792
297 959
298 349
298 628
298 665
298 1736
299 934
299 1406
299 1662
299 1698
299 1924
300 573
300 637
300 857
300 1042
300 1160
300 1263
300 1452
300 1596
300 1607
300 1849
300 1984
301 503
301 820
301 932
301 1188
301 1551
301 1736
302 1097
302 1260
302 1362
302 1443
302 1561
303 679
303 838
303 1028
303 1449
303 1815
304 418
304 748
304 854
304 1266
304 1427
304 1700
304 1729
304 1883
305 527
305 981
305 1632
305 1737
305 1745
306 721
306 785
306 789
306 969
307 504
307 850
307 1545
307 1602
307 1862
308 699
308 823
308 936
308 1093
309 761
309 1012
309 1114
309 1125
309 1127
309 1211
309 1216
309 1261
309 1317
309 1481
309 1633
309 1792
310 556
310 655
310 810
310 1000
310 1802
310 1849
311 662
311 713
311 722
311 1232
311 1298
311 1352
311 1369
311 1406
311 1672
311 1704
312 327
312 492
312 859
312 959
312 1865
312 1938
313 430
313 820
313 1238
313 1291
313 1355
313 1503
313 1934
314 373
314 511
314 1158
314 1695
315 748
315 845
315 865
315 1157
315 1415
315 1827
316 345
316 387
316 644
316 1019
316 1095
316 1487
316 1673
316 1890
316 1924
317 375
317 533
317 1084
317 1169
317 1500
317 1548
317 1606
318 340
318 369
318 609
318 720
318 1062
318 1185
318 1402
318 1419
318 1858
319 322
319 388
319 797
319 814
319 968
319 1049
319 1461
319 1602
319 1640
319 1691
319 1842
320 739
320 895
320 909
320 949
320 979
320 1891
321 570
321 962
321 1035
321 1176
321 1691
321 1775
321 1930
322 506
322 813
322 935
322 1155
322 1642
322 1691
322 1807
323 587
323 670
323 678
323 737
323 1061
323 1379
324 1754
325 325
325 362
325 435
325 1378
325 1475
325 1606
326 359
326 877
326 1131
327 495
327 645
327 972
327 1333
327 1590
327 1703
327 1764
327 1812
328 423
328 503
328 529
328 639
328 668
328 678
328 836
328 904
328 917
328 1022
328 1252
328 1652
328 1855
329 544
329 1124
329 1206
329 1793
330 791
330 895
330 1871
330 1887
331 475
331 507
331 594
331 681
331 876
331 878
331 947
331 1093
331 1109
331 1151
331 1765
332 1607
332 1613
332 1617
332 1642
332 1731
332 1793
333 472
333 900
333 1559
333 1804
334 421
334 606
334 840
334 1125
334 1644
334 1831
335 476
335 499
335 645
335 914
335 1349
335 1380
335 1516
335 1651
335 1885
336 551
336 595
336 1024
336 1102
336 1792
337 628
337 1236
338 701
338 830
338 835
338 876
338 1259
338 1307
338 1434
338 1444
338 1778
338 1846
339 672
339 1435
339 1586
339 1658
340 359
340 637
340 1163
340 1281
340 1752
341 350
341 475
341 798
341 958
341 1137
341 1194
341 1327
341 1657
341 1789
342 715
342 888
342 1003
342 1887
343 601
343 1105
343 1853
344 786
344 810
344 891
344 935
344 1193
344 1670
345 681
345 1453
345 1550
345 1996
346 558
346 568
346 1066
346 1343
346 1557
346 1558
346 1831
347 1152
347 1154
347 1382
347 1501
347 1886
347 1897
348 377
348 432
348 568
348 722
348 1158
348 1200
348 1845
349 1140
349 1207
349 1214
349 1470
349 1535
349 1567
349 1713
349 1758
349 1785
349 1938
349 1966
350 455
350 476
350 928
350 999
350 1302
350 1752
351 389
351 658
351 716
351 757
351 803
351 1030
351 1803
352 629
352 635
352 821
352 975
352 1229
352 1800
352 1984
353 792
353 1245
353 1732
353 1966
354 529
354 537
354 843
354 1099
354 1380
354 1824
354 1888
354 1889
355 642
355 1358
355 1365
355 1630
355 1690
356 504
356 869
356 1801
356 1889
357 432
357 788
357 1210
357 1328
357 1432
357 1975
358 374
358 512
358 798
358 1072
358 1158
358 1654
359 383
359 498
359 842
359 919
359 1070
359 1164
359 1222
359 1814
360 588
360 1056
360 1099
360 1250
360 1583
361 966
361 1549
361 1590
361 1720
362 446
362 511
362 881
362 1558
363 790
363 964
363 1111
363 1587
363 1628
363 1725
363 1916
364 454
364 466
364 489
364 519
364 1192
364 1259
364 1395
364 1614
365 935
365 1051
365 1504
365 1934
366 702
366 793
366 881
366 893
366 952
366 986
366 1323
367 397
367 649
367 885
367 998
367 1405
367 1530
367 1961
368 468
368 544
368 654
368 733
368 1913
369 605
369 770
369 788
369 867
369 932
369 1090
369 1267
369 1432
369 1500
369 1663
369 1777
370 396
370 586
370 625
370 628
370 1351
370 1466
370 1471
370 1571
370 1698
371 376
371 812
371 1490
371 1602
371 1639
371 1848
371 1887
371 1951
372 518
372 713
372 1240
372 1452
372 1625
372 1896
372 1903
373 374
373 644
373 930
373 973
373 1413
373 1447
373 1501
373 1775
373 1886
373 1989
374 558
374 591
374 823
374 925
374 962
374 1044
374 1250
374 1587
374 1616
375 691
375 749
375 1687
375 1694
375 1721
376 510
376 615
376 1084
376 1133
376 1581
377 625
377 731
377 734
377 1542
377 1612
378 579
378 774
378 1202
378 1317
378 1438
378 1600
378 1987
379 686
379 727
379 836
379 1412
379 1586
379 1747
379 1761
379 1866
380 775
380 825
380 1247
380 1251
380 1331
380 1394
380 1634
380 1897
381 804
381 937
381 1131
381 1179
381 1333
381 1543
381 1970
382 1048
382 1975
383 411
383 519
383 1091
383 1131
383 1251
383 1472
383 1499
384 396
384 644
384 759
384 920
384 964
384 1025
384 1319
384 1765
384 1857
385 810
385 883
385 975
385 1607
385 1910
385 1965
386 727
386 739
386 786
386 878
386 1315
386 1802
387 598
387 666
387 678
387 949
387 1113
387 1638
387 1696
388 586
388 900
388 959
388 979
388 1438
388 1485
388 1851
389 506
389 1271
390 775
390 905
390 1040
390 1220
390 1554
391 688
391 1211
391 1233
391 1569
391 1758
392 432
392 736
392 925
392 979
392 1347
392 1519
393 505
393 1061
393 1099
393 1179
394 1392
394 1632
394 1714
394 1835
394 1861
395 841
395 885
395 1375
395 1823
396 434
396 483
396 837
396 962
396 1835
397 441
397 509
397 654
397 772
397 794
397 812
397 939
397 1253
397 1302
397 1314
397 1362
398 675
398 870
398 1116
398 1244
398 1555
399 424
399 526
399 532
399 840
399 916
399 978
399 1621
399 1880
400 1008
400 1663
400 1684
401 830
402 1089
402 1123
402 1351
402 1631
402 1777
402 1787
402 1968
403 1129
403 1153
403 1549
403 1763
403 1890
404 582
404 980
404 1143
405 672
405 682
405 1059
405 1178
405 1606
405 1746
405 1767
406 427
406 769
406 1087
406 1193
406 1456
406 1579
407 418
407 509
407 802
407 943
407 1037
407 1118
407 1706
408 486
408 608
408 726
408 1139
408 1329
408 1503
408 1552
408 1587
408 1608
408 1680
409 773
409 863
409 1145
409 1345
409 1355
409 1527
409 1753
409 1877
409 1889
409 1932
409 1939
409 1955
410 990
410 1201
410 1256
410 1341
410 1594
411 468
411 654
411 1097
411 1108
411 1545
411 1710
412 702
412 735
412 878
412 1419
412 1712
413 535
413 681
413 846
413 1059
413 1097
413 1102
414 508
414 510
414 1688
414 1897
415 770
415 1225
415 1229
416 564
416 1344
416 1581
416 1681
416 1770
417 492
417 572
417 1108
417 1260
417 1775
417 1866
417 1868
418 605
418 849
418 1062
418 1467
418 1987
419 441
419 492
419 879
419 972
419 1011
419 1500
419 1745
419 1849
419 1895
420 477
420 488
420 518
420 628
420 782
420 817
420 841
420 973
420 1014
420 1020
420 1516
420 1895
421 462
421 527
421 722
421 1047
421 1077
421 1107
421 1126
421 1347
421 1849
422 577
422 658
422 800
422 845
422 1452
422 1908
423 638
423 1074
423 1464
423 1699
424 447
424 464
424 942
424 1115
424 1153
424 1615
424 1737
424 1766
424 1943
425 702
425 1513
425 1705
425 1949
426 448
426 676
426 724
426 1222
426 1798
426 1822
426 1857
427 546
427 809
427 874
427 1184
427 1379
427 1487
427 1742
428 567
428 893
428 1466
428 1486
428 1545
428 1857
429 458
429 641
429 642
429 826
429 1594
429 1656
430 479
430 936
430 1183
430 1388
430 1834
430 1917
431 464
431 519
431 1027
431 1532
431 1783
431 1788
432 496
432 543
432 631
432 841
432 923
432 1100
432 1134
432 1144
432 1575
432 1617
432 1700
432 1796
432 1826
433 461
433 468
433 569
433 822
434 778
434 1531
434 1635
435 456
435 492
435 626
435 825
435 1017
435 1086
435 1393
435 1591
436 511
436 698
436 907
436 1948
437 480
437 555
437 1780
437 1856
437 1957
438 567
438 708
438 804
438 1312
438 1338
438 1725
438 1935
439 549
439 1136
439 1297
439 1521
440 643
440 1034
440 1969
441 641
441 787
441 968
441 1003
441 1031
441 1761
442 755
442 767
443 491
443 606
443 916
443 1014
443 1321
444 542
444 941
444 1038
444 1562
444 1690
444 1990
445 1005
445 1179
445 1382
445 1607
445 1783
445 1969
446 481
446 709
446 1021
446 1333
446 1371
446 1449
446 1503
446 1519
446 1644
446 1835
446 1837
447 929
447 1260
447 1358
447 1412
447 1456
447 1778
447 1820
448 556
448 675
448 1248
448 1351
448 1716
448 1828
449 532
449 588
449 662
449 931
449 1037
449 1116
449 1310
449 1736
450 507
450 1440
450 1722
451 755
451 807
451 853
451 1016
451 1251
451 1490
452 546
452 700
452 713
452 1082
452 1857
453 1111
453 1341
453 1476
454 455
454 897
454 1102
454 1395
454 1828
455 639
455 997
455 1187
455 1196
455 1363
455 1655
455 1878
455 1942
456 1054
456 1228
456 1469
456 1501
456 1827
456 1862
457 464
457 547
457 698
457 919
457 924
457 929
457 1123
457 1439
457 1870
458 1103
458 1128
458 1509
458 1513
458 1610
458 1806
458 1861
460 513
460 755
460 1133
460 1721
461 740
461 964
461 1187
461 1408
461 1612
461 1711
462 692
462 969
462 1461
462 1976
463 1045
463 1075
463 1365
463 1458
463 1525
463 1892
464 768
464 774
464 1134
464 1576
464 1651
464 1848
465 739
465 805
465 912
465 1052
465 1464
465 1824
465 1924
465 1967
466 572
466 817
466 1184
466 1364
466 1957
467 1031
467 1400
467 1467
467 1792
467 1965
468 474
468 868
468 1323
468 1887
469 585
469 793
469 842
469 1084
469 1179
469 1654
469 1754
469 1792
470 502
470 514
470 547
470 1052
470 1453
470 1628
471 1572
472 1045
472 1891
473 663
473 1705
474 664
474 1131
474 1321
474 1751
475 825
475 1413
475 1647
475 1784
475 1814
476 1185
476 1330
476 1679
476 1697
477 477
477 732
477 1312
477 1632
477 1858
478 707
478 838
478 868
478 897
478 970
478 1176
478 1498
478 1519
478 1560
478 1581
478 1670
478 1723
478 1939
479 745
479 777
479 1006
479 1743
480 619
480 863
480 956
480 1233
480 1702
480 1822
480 1847
480 1895
481 743
481 1542
481 1736
482 1443
482 1538
482 1893
483 538
483 1635
483 1986
484 541
484 914
484 988
484 1556
484 1682
484 1749
484 1802
485 592
485 649
485 712
485 1828
486 1208
486 1986
487 659
487 1190
487 1425
487 1533
488 791
488 926
488 1364
489 746
489 800
489 807
489 820
489 859
489 990
489 1128
489 1346
489 1530
489 1853
489 1976
489 1978
490 814
490 1056
490 1396
490 1459
490 1559
490 1669
490 1728
491 583
491 841
491 899
491 971
491 1573
491 1584
492 570
492 706
492 1243
492 1868
492 1886
493 726
493 1205
493 1269
493 1667
494 701
494 719
494 737
494 941
494 1087
494 1417
494 1675
495 555
495 765
495 969
495 1774
495 1794
495 1888
495 1917
496 510
496 586
496 1046
496 1362
496 1432
497 600
497 1090
497 1226
497 1280
497 1990
498 1245
498 1408
499 665
499 1075
499 1338
499 1658
500 646
500 767
500 1487
500 1592
500 1981
501 640
501 759
501 884
501 1180
501 1520
501 1603
501 1655
502 644
502 776
502 1007
502 1577
502 1948
503 541
503 935
503 1004
503 1152
503 1231
503 1726
503 1926
504 509
504 583
504 851
504 938
504 1274
504 1303
504 1329
504 1530
504 1532
504 1643
505 687
505 716
505 855
505 1462
505 1813
505 1827
506 645
506 716
506 820
506 960
506 1049
506 1395
506 1811
506 1894
507 530
507 657
507 967
507 1038
507 1217
507 1277
507 1742
508 726
508 1230
508 1320
508 1875
509 511
509 537
509 638
509 950
509 1042
509 1641
509 1845
510 1182
510 1522
510 1706
510 1886
511 541
511 660
511 1172
511 1418
511 1486
511 1624
512 642
512 1095
512 1342
512 1601
512 1781
512 1962
513 584
513 773
513 1627
514 684
514 980
514 1446
514 1574
514 1670
514 1735
515 764
515 865
515 1315
515 1364
515 1396
515 1892
515 1979
516 1454
516 1590
516 1651
516 1701
516 1765
517 828
517 1006
517 1263
517 1319
517 1527
517 1840
517 1959
518 711
518 947
518 1011
518 1243
518 1615
519 671
519 754
519 1199
519 1296
519 1635
519 1638
519 1779
520 1022
520 1816
520 1839
521 1214
521 1433
521 1461
521 1464
521 1479
521 1547
521 1703
522 753
523 715
523 739
523 945
523 1074
523 1340
523 1638
524 647
524 896
524 906
524 938
524 1035
524 1265
524 1410
524 1559
524 1574
524 1672
524 1861
525 562
525 677
525 1060
525 1075
525 1380
525 1553
525 1595
526 658
526 681
526 1067
526 1227
526 1408
526 1474
526 1522
526 1925
527 584
527 630
527 784
527 1004
527 1135
528 584
528 1256
528 1430
528 1880
528 1985
529 773
529 1501
529 1817
529 1891
530 836
530 1577
530 1581
530 1846
531 930
531 1221
531 1850
531 1854
532 689
532 972
532 1138
532 1594
532 1740
533 569
533 726
533 898
533 1280
533 1754
533 1915
533 1968
534 614
534 838
534 1244
534 1530
534 1537
534 1762
534 1812
535 643
535 683
535 1215
535 1612
535 1634
535 1750
536 642
536 1070
536 1640
536 1803
536 1984
537 714
537 790
537 1062
537 1632
537 1648
537 1862
537 1977
538 575
538 638
538 748
538 1086
538 1211
538 1303
538 1313
538 1384
538 1409
538 1933
539 641
539 649
539 968
539 993
539 1052
539 1583
539 1596
539 1655
540 612
540 786
540 975
540 988
540 1139
540 1176
540 1220
540 1245
540 1515
540 1532
540 1599
540 1643
540 1689
540 1947
542 1139
542 1321
542 1627
543 710
543 1055
543 1069
543 1183
544 941
544 972
544 1064
544 1184
544 1636
544 1940
544 1992
545 1183
545 1207
545 1256
546 670
546 752
546 921
546 1100
546 1462
546 1483
546 1674
546 1823
547 562
547 1150
547 1543
547 1710
547 1982
548 895
548 1549
548 1804
549 557
549 832
549 939
549 1779
550 736
550 1242
550 1279
550 1723
550 1733
551 618
551 712
551 772
551 896
551 1005
551 1020
551 1244
551 1508
551 1715
552 642
552 766
552 1088
552 1320
552 1512
552 1976
553 639
553 656
553 1146
553 1426
553 1677
553 1911
554 1213
554 1464
555 727
555 881
555 1125
555 1276
555 1450
555 1498
555 1802
555 1844
556 647
556 780
556 894
556 916
556 1227
556 1456
556 1842
557 634
557 816
557 1357
557 1605
557 1658
557 1716
557 1880
557 1926
558 613
558 1010
558 1096
558 1497
559 741
559 797
559 816
559 957
559 1284
559 1562
559 1898
560 671
560 961
560 1182
560 1437
561 1405
561 1898
561 1994
562 866
562 1059
562 1405
562 1564
562 1599
562 1931
563 657
563 751
563 812
563 1320
563 1546
563 1709
563 1722
564 643
564 762
564 835
564 1848
565 602
565 679
565 967
565 1022
565 1056
565 1131
565 1428
565 1574
565 1577
565 1595
565 1927
566 588
566 742
566 1236
566 1240
566 1398
566 1432
566 1580
566 1828
566 1867
567 789
567 882
567 1299
567 1419
567 1690
567 1999
568 695
568 899
568 1022
569 605
569 808
569 912
569 1047
569 1067
569 1090
569 1390
569 1579
569 1682
569 1762
569 1839
570 848
570 1268
570 1630
570 1991
571 881
571 1073
571 1342
571 1971
572 889
572 1780
573 579
573 1499
573 1521
573 1660
573 1813
573 1949
574 629
574 1726
574 1807
574 1956
575 591
575 708
575 939
575 1033
575 1218
575 1365
575 1521
575 1883
575 1963
576 731
576 1373
576 1439
576 1458
576 1484
576 1648
577 815
577 836
577 1094
577 1405
577 1778
578 830
578 1574
578 1835
579 689
579 841
579 1661
579 1792
580 1603
580 1866
581 1314
581 1355
581 1545
581 1560
581 1620
581 1690
581 1703
582 725
582 887
582 1066
582 1825
582 1851
582 1960
583 758
583 1144
583 1341
583 1800
583 1835
584 680
584 1178
584 1616
585 676
585 925
585 1159
585 1184
585 1450
585 1628
585 1859
586 897
586 902
586 1193
586 1705
586 1737
586 1909
587 1444
587 1863
588 704
588 1054
588 1159
588 1324
588 1416
588 1661
588 1750
588 1862
589 593
589 1477
590 818
590 1138
590 1196
590 1371
590 1432
590 1694
590 1989
591 720
591 769
591 825
591 967
591 1066
591 1199
591 1312
591 1331
591 1439
591 1652
591 1731
591 1749
591 1757
591 1800
592 603
592 1059
592 1725
592 1966
593 1297
593 1584
593 1929
593 1967
594 1515
594 1617
594 1880
594 1932
595 656
595 1362
595 1445
595 1837
596 608
596 842
596 1049
596 1400
596 1419
596 1518
596 1911
596 1924
596 1986
597 675
597 926
597 1414
597 1599
597 1648
597 1921
598 652
598 1006
598 1012
598 1142
598 1380
598 1654
598 1690
598 1761
598 1906
599 625
599 913
599 1046
599 1128
599 1228
599 1301
599 1403
599 1629
600 1139
600 1197
600 1200
600 1265
600 1500
600 1900
601 785
601 822
601 1116
601 1138
602 1006
602 1613
603 803
603 1018
603 1150
603 1213
603 1306
603 1486
603 1717
603 1969
604 1088
604 1297
605 988
605 1158
605 1190
605 1227
605 1857
605 1868
606 991
606 1156
606 1557
606 1560
607 761
607 1215
607 1712
607 1768
607 1778
608 1072
608 1149
608 1432
608 1752
608 1930
608 1958
609 870
609 979
609 1184
609 1305
609 1417
609 1626
609 1755
610 627
610 691
610 941
610 971
610 1048
610 1176
610 1364
610 1736
611 864
611 866
611 1094
611 1486
611 1575
612 653
612 672
612 794
612 1121
612 1141
612 1371
612 1646
612 1671
612 1747
612 1836
613 621
613 848
613 1162
613 1213
613 1253
613 1504
613 1745
613 1769
613 1869
614 671
614 1826
615 933
615 1207
615 1333
615 1390
615 1616
615 1711
615 1718
615 1879
616 634
616 1268
616 1727
617 744
617 1015
617 1194
617 1218
617 1267
617 1593
617 1733
618 665
618 673
618 1003
618 1117
618 1248
618 1349
618 1878
618 1987
619 632
619 1592
619 1970
620 984
620 1009
620 1082
620 1146
620 1257
620 1270
620 1475
620 1627
620 1768
620 1888
621 770
621 1184
621 1596
621 1615
621 1773
621 1861
621 1919
622 945
622 1003
622 1273
622 1392
622 1614
622 1693
623 1591
623 1999
624 832
624 970
624 1159
624 1222
624 1278
624 1669
624 1869
625 656
625 994
625 1553
625 1668
625 1828
625 1853
625 1914
625 1956
626 858
626 1100
626 1110
626 1561
627 676
627 858
627 1087
627 1296
627 1564
627 1888
628 665
628 770
628 1199
628 1428
628 1549
628 1614
628 1948
629 1069
629 1383
629 1589
630 806
630 1540
630 1959
631 696
631 787
631 1269
631 1425
631 1620
631 1814
631 1904
632 755
632 865
632 1292
632 1489
632 1830
633 1026
634 768
634 896
634 1396
634 1849
635 1566
635 1683
635 1786
636 669
636 811
636 812
636 1255
636 1361
636 1463
636 1527
636 1633
637 1124
637 1206
637 1417
637 1466
637 1710
638 672
638 733
638 748
638 936
638 1097
638 1276
638 1418
638 1556
638 1858
638 1962
639 990
639 1054
639 1316
639 1346
639 1662
639 1957
640 1969
641 823
641 827
641 986
641 1026
641 1249
641 1409
641 1421
641 1520
642 675
642 712
642 753
642 929
642 1078
642 1122
642 1452
642 1533
642 1656
642 1801
642 1881
643 723
643 731
643 793
643 843
643 848
643 1068
643 1432
643 1940
644 650
644 722
644 1037
644 1166
644 1459
644 1635
644 1707
644 1747
645 855
645 931
645 1100
645 1540
645 1585
646 677
646 1348
646 1370
646 1851
647 966
647 1039
647 1250
647 1564
647 1936
647 1982
648 713
648 1017
648 1069
648 1127
648 1732
649 729
649 829
649 1158
649 1851
650 1186
650 1242
650 1435
650 1679
651 881
651 1223
651 1243
651 1336
651 1344
651 1420
652 881
652 1371
652 1755
653 774
653 822
653 868
653 1057
653 1535
653 1848
653 1856
654 936
654 954
654 1248
654 1351
654 1379
654 1382
654 1445
654 1459
655 992
655 1215
655 1740
656 1341
656 1501
656 1890
657 990
657 1462
657 1836
658 827
658 1019
659 865
659 1116
659 1181
659 1398
659 1420
659 1585
660 690
660 1069
660 1386
660 1400
660 1473
660 1626
660 1791
660 1836
660 1938
661 954
661 1078
661 1563
661 1824
662 1138
662 1596
662 1757
663 768
663 1004
663 1197
663 1353
663 1691
663 1724
664 978
664 1231
664 1723
664 1971
665 896
665 1047
665 1099
665 1150
665 1206
665 1273
665 1277
665 1569
665 1821
665 1844
666 739
666 798
666 870
666 906
666 911
666 927
666 1596
666 1684
666 1700
667 735
667 1054
668 750
668 832
668 917
668 1406
668 1587
668 1667
668 1919
668 1963
669 751
669 797
669 836
669 934
669 1131
669 1718
669 1809
669 1848
670 936
670 1651
671 1046
671 1420
671 1507
672 814
672 1037
672 1140
672 1283
672 1327
672 1549
672 1668
672 1804
672 1975
673 912
673 1480
673 1535
673 1634
673 1712
673 1940
674 748
674 813
675 952
675 1370
675 1605
675 1610
675 1667
675 1963
676 985
676 1369
676 1706
676 1889
676 1968
677 1656
678 744
678 1180
678 1282
678 1303
678 1366
678 1418
679 771
679 772
679 955
679 1267
679 1516
679 1776
679 1885
680 703
680 775
680 896
680 911
680 1228
680 1536
681 1372
681 1512
681 1583
682 917
682 954
682 1104
682 1237
682 1894
683 735
683 778
683 839
683 1029
683 1832
683 1905
684 834
684 938
684 1125
684 1627
684 1694
684 1777
684 1832
684 1861
685 880
685 1081
685 1112
685 1389
686 789
686 1231
686 1399
687 755
687 1075
687 1229
687 1312
687 1581
687 1616
688 790
688 1042
688 1071
688 1383
688 1597
688 1685
688 1814
689 767
689 1128
689 1360
689 1397
689 1403
689 1618
689 1625
690 1034
690 1156
690 1233
690 1295
690 1536
690 1544
691 702
691 740
691 795
691 1055
691 1575
691 1578
691 1697
691 1855
692 1235
692 1299
693 916
693 1157
693 1344
693 1390
693 1476
694 737
694 961
694 1361
694 1523
694 1937
695 1200
695 1485
695 1572
695 1631
695 1642
695 1838
695 1870
696 1031
696 1168
696 1236
696 1627
696 1923
696 1945
697 898
697 1120
697 1290
697 1461
697 1679
698 1002
698 1157
698 1580
698 1638
698 1704
699 772
699 830
699 1274
699 1796
699 1916
700 774
700 795
700 925
700 1196
700 1281
700 1601
700 1812
700 1871
701 1036
701 1300
703 892
703 1299
703 1491
703 1709
703 1916
704 1267
704 1273
704 1417
704 1644
704 1943
705 867
705 928
705 1220
705 1349
705 1475
705 1540
705 1710
706 724
706 751
706 1259
706 1365
706 1536
706 1892
707 1048
707 1279
708 780
708 1128
708 1553
708 1579
709 976
709 1065
709 1235
709 1757
710 802
710 851
710 1031
710 1073
710 1333
710 1379
710 1472
710 1477
710 1478
710 1513
710 1619
710 1940
710 1963
711 851
711 1211
711 1911
711 1998
712 1248
712 1859
712 1871
713 1074
713 1194
713 1665
713 1713
713 1987
714 1037
714 1514
714 1524
714 1890
714 1965
715 781
715 920
715 1034
715 1094
715 1254
715 1366
715 1624
715 1747
716 808
716 1702
716 1972
717 875
717 1175
717 1366
717 1620
717 1735
717 1892
718 928
718 1331
718 1416
718 1500
718 1907
719 733
719 865
719 1078
719 1327
719 1411
719 1480
719 1923
720 946
720 1115
720 1117
720 1118
720 1947
720 1987
721 826
721 1107
721 1115
721 1223
721 1228
721 1332
721 1418
721 1534
721 1852
722 843
722 1289
722 1334
722 1709
722 1764
722 1999
723 1030
723 1178
723 1309
723 1496
723 1661
723 1867
724 790
724 1207
724 1397
724 1409
724 1485
724 1797
724 1882
725 1159
725 1587
725 1651
725 1785
726 821
726 832
726 940
726 1593
726 1883
727 1139
727 1170
727 1520
727 1603
727 1744
727 1821
728 872
728 1115
728 1458
728 1675
728 1799
728 1902
728 1975
729 825
729 1254
730 1182
730 1187
730 1233
730 1324
730 1633
730 1959
731 832
731 877
731 917
731 1037
731 1463
731 1480
731 1488
732 862
732 1233
732 1264
732 1499
732 1617
732 1726
732 1983
733 1003
733 1139
733 1155
733 1189
733 1390
733 1621
733 1805
733 1835
733 1884
734 833
734 918
734 983
734 1369
734 1880
735 778
735 1048
735 1390
735 1391
735 1463
735 1479
736 1001
736 1646
736 1885
737 979
737 1025
737 1296
737 1394
737 1683
738 826
738 950
738 1007
738 1161
738 1446
738 1468
738 1793
739 803
739 1663
739 1812
739 1918
740 1451
740 1527
740 1824
740 1919
741 981
741 1638
742 830
742 1344
742 1643
742 1694
743 886
743 944
743 1173
743 1976
743 1987
744 750
744 847
744 1226
744 1316
744 1482
744 1712
744 1749
744 1865
744 1927
745 1079
745 1095
745 1927
746 1155
746 1275
746 1311
746 1431
746 1652
746 1716
747 1038
747 1459
747 1579
747 1742
747 1886
748 855
748 1033
748 1156
748 1649
748 1762
749 843
749 1128
749 1216
750 1557
750 1567
751 875
751 945
751 1522
751 1793
752 774
752 1062
752 1520
752 1561
752 1764
753 847
753 1250
753 1255
753 1269
754 1095
754 1109
754 1157
754 1228
754 1686
754 1776
755 890
755 966
755 1049
755 1124
755 1905
756 944
756 1183
756 1463
756 1480
756 1566
756 1759
757 796
757 871
757 963
757 1366
757 1393
757 1622
757 1783
758 1012
758 1160
758 1211
758 1214
758 1239
758 1313
758 1511
758 1649
758 1713
758 1836
758 1987
759 1053
759 1526
759 1965
760 822
760 1067
760 1553
760 1881
760 1960
761 991
761 1198
761 1432
761 1620
761 1627
761 1930
762 1010
762 1050
762 1227
762 1311
762 1940
763 852
763 894
763 1015
763 1079
763 1087
763 1278
763 1557
764 1058
764 1133
764 1238
764 1667
764 1787
765 1123
765 1213
765 1336
765 1584
765 1807
765 1862
766 1144
766 1472
766 1526
766 1758
766 1972
767 1183
767 1248
767 1397
767 1450
768 971
768 976
768 1193
768 1568
768 1579
768 1792
768 1804
769 818
769 831
769 927
769 1244
769 1252
769 1334
769 1548
769 1939
770 1123
770 1363
770 1919
771 1394
771 1463
772 1497
772 1541
772 1569
772 1572
772 1628
772 1896
773 1782
773 1921
773 1993
774 848
774 855
774 987
774 1305
774 1426
774 1568
774 1802
774 1912
775 870
775 1033
775 1147
775 1226
775 1573
775 1920
776 1446
776 1678
777 850
777 1294
778 798
778 1122
778 1270
778 1521
778 1856
778 1872
778 1997
779 847
779 1255
779 1390
779 1903
780 978
780 1016
780 1138
780 1252
780 1380
780 1451
780 1679
780 1731
780 1880
781 1203
781 1883
782 927
782 1057
782 1334
782 1612
783 1199
783 1378
783 1412
783 1481
783 1602
783 1725
783 1743
783 1784
785 819
785 828
785 955
785 957
785 1124
785 1408
785 1644
785 1805
786 803
786 895
786 1269
786 1316
786 1648
787 811
787 973
787 1014
787 1181
787 1559
787 1644
787 1782
788 992
788 1201
788 1224
788 1231
788 1429
788 1440
788 1983
789 869
789 1094
789 1317
789 1992
789 1993
790 1054
790 1162
790 1298
790 1467
790 1534
790 1658
790 1894
790 1907
790 1969
791 973
791 1086
791 1153
791 1447
791 1448
791 1528
792 836
792 979
792 1360
792 1403
793 913
793 1161
793 1310
793 1364
793 1853
794 1589
794 1649
794 1660
794 1782
795 898
795 935
795 1355
795 1409
795 1531
795 1573
796 796
796 1323
796 1607
797 1010
797 1118
797 1450
797 1783
798 1027
798 1335
798 1436
798 1600
799 987
799 1097
799 1200
799 1251
799 1458
800 928
800 950
800 965
800 1220
800 1385
801 1371
801 1942
802 819
802 1127
802 1468
802 1750
802 1817
802 1889
803 1301
803 1560
803 1762
804 1275
804 1458
805 1709
805 1716
805 1725
806 1215
806 1461
807 1036
807 1236
807 1313
807 1502
807 1798
808 1317
808 1732
808 1951
809 1377
809 1436
809 1882
810 1158
810 1429
810 1644
810 1834
810 1928
811 1185
811 1263
811 1755
812 971
812 1171
812 1241
812 1315
812 1446
812 1494
812 1955
813 1216
813 1381
813 1571
813 1617
813 1748
813 1849
814 1064
814 1205
814 1253
814 1456
814 1781
815 1684
815 1819
815 1826
816 862
816 1129
816 1169
816 1566
816 1724
816 1725
816 1846
817 828
817 856
817 896
817 977
817 1070
817 1460
817 1771
818 901
818 916
818 1005
818 1355
818 1941
819 905
819 1212
819 1337
819 1501
819 1887
820 1054
820 1571
820 1679
820 1770
820 1912
821 854
821 978
821 1090
821 1285
821 1739
821 1821
821 1854
821 1937
821 1989
822 1000
822 1449
822 1464
822 1914
823 1097
823 1359
823 1376
823 1809
823 1817
823 1931
824 923
824 1160
824 1426
824 1465
824 1699
824 1797
825 859
825 934
825 1090
825 1300
826 1033
826 1058
826 1121
826 1621
826 1930
827 1075
827 1084
827 1347
827 1396
828 884
828 1140
828 1207
828 1567
828 1651
828 1696
829 1021
829 1870
830 1209
830 1242
830 1930
830 1991
831 1468
831 1591
831 1707
832 856
832 1342
832 1438
832 1655
833 867
833 1177
833 1479
833 1630
833 1779
834 1060
834 1918
835 1607
836 1168
836 1237
837 1105
837 1475
837 1736
838 854
838 861
838 1166
838 1325
838 1350
838 1580
838 1761
838 1877
839 1033
839 1053
839 1086
839 1089
839 1770
839 1954
840 911
840 1058
840 1733
840 1917
841 1747
842 1469
842 1523
842 1541
842 1727
842 1738
843 847
843 852
843 894
843 924
843 1186
843 1263
843 1382
843 1925
844 1459
844 1653
844 1840
845 1124
845 1161
845 1237
845 1256
845 1313
845 1354
845 1735
845 1894
846 1150
846 1190
846 1230
846 1328
846 1498
846 1696
847 1101
847 1574
847 1954
848 863
848 1084
848 1176
848 1330
848 1527
849 884
849 1086
849 1250
849 1472
849 1526
849 1787
849 1835
849 1884
849 1992
850 937
850 1316
850 1421
850 1900
850 1991
851 1230
851 1441
851 1506
851 1822
851 1925
852 1025
852 1395
852 1426
852 1836
852 1949
853 1118
853 1410
853 1614
853 1641
854 989
854 1121
854 1451
854 1516
854 1543
854 1552
854 1938
854 1939
855 928
855 1365
855 1457
855 1727
855 1748
856 889
856 960
856 1223
856 1305
856 1769
856 1855
856 1997
857 1258
857 1643
857 1796
857 1952
857 1974
857 1991
858 935
858 1085
858 1465
859 881
859 1142
859 1718
859 1727
859 1986
860 964
860 1069
860 1117
860 1357
860 1523
860 1613
860 1971
861 1081
861 1341
861 1525
861 1527
861 1742
862 887
862 1011
862 1191
862 1546
862 1618
862 1861
863 1342
863 1472
863 1606
863 1918
863 1966
864 1086
864 1263
864 1552
864 1656
864 1681
865 1122
865 1342
865 1485
865 1585
865 1804
866 1181
866 1576
866 1680
867 938
867 1145
867 1693
868 996
868 1441
868 1548
868 1681
868 1706
869 1082
869 1125
869 1460
869 1467
869 1578
870 1011
870 1058
870 1324
870 1655
870 1828
871 981
871 1613
871 1804
872 1237
872 1257
872 1398
872 1409
872 1690
872 1733
872 1820
872 1910
872 1993
872 1996
873 1416
873 1604
873 1835
874 932
874 945
874 953
874 1138
874 1447
874 1476
874 1779
874 1851
874 1947
875 919
875 1089
875 1126
875 1313
875 1469
875 1776
875 1817
876 903
876 1014
876 1056
876 1104
876 1202
876 1871
876 1949
876 1984
877 1390
877 1510
877 1729
877 1746
877 1762
877 1850
878 1135
878 1381
878 1415
878 1566
878 1804
878 1997
879 919
879 1227
879 1588
880 953
880 1357
880 1425
880 1428
880 1934
881 1278
881 1308
881 1402
882 975
882 1601
882 1774
882 1796
882 1981
883 1412
883 1757
883 1981
884 1127
884 1193
884 1242
884 1392
884 1478
884 1625
884 1725
885 1176
886 958
887 1464
887 1830
889 1824
890 1076
891 1034
891 1086
891 1284
891 1391
891 1426
891 1683
891 1863
891 1981
892 1102
892 1236
892 1437
892 1828
892 1947
893 998
893 1176
893 1259
893 1340
893 1884
894 966
894 1181
894 1336
894 1359
894 1563
894 1596
895 913
895 998
895 1379
895 1698
895 1724
896 1420
896 1449
896 1737
896 1815
896 1964
897 909
897 924
898 1494
898 1679
898 1741
899 1193
899 1265
899 1273
899 1344
899 1467
899 1559
899 1826
899 1936
899 1962
900 1322
900 1328
900 1546
900 1550
900 1571
900 1611
900 1979
901 963
901 1354
901 1383
901 1510
901 1619
901 1647
901 1650
901 1819
902 944
902 1075
902 1723
902 1825
902 1920
902 1992
902 1996
903 1326
903 1338
903 1802
903 1846
903 1916
903 1926
904 989
904 1231
904 1303
905 945
905 1236
905 1522
905 1778
905 1868
906 1384
906 1534
907 951
907 965
907 1135
907 1247
907 1283
907 1719
908 941
908 1285
908 1823
909 939
909 948
909 968
909 971
909 1035
909 1415
910 1446
910 1980
911 1470
911 1633
911 1766
911 1825
911 1875
911 1932
912 1118
913 1319
913 1889
914 1171
914 1420
914 1719
914 1944
915 993
915 1005
915 1023
915 1142
915 1425
915 1642
915 1824
915 1915
915 1938
915 1954
916 1146
916 1510
916 1626
916 1701
916 1733
916 1785
916 1864
917 1038
917 1042
917 1301
917 1489
917 1967
918 951
918 1198
918 1307
918 1493
918 1581
919 1449
919 1584
919 1732
919 1754
920 930
920 1325
920 1614
920 1623
921 1022
921 1035
921 1734
922 1205
922 1346
922 1359
922 1668
923 1089
923 1203
924 1073
924 1122
924 1262
924 1314
924 1327
924 1642
925 1496
925 1671
925 1864
925 1872
925 1906
925 1921
926 1028
926 1034
926 1090
926 1100
926 1370
927 1393
927 1661
927 1924
928 992
928 1389
928 1463
928 1655
929 1522
929 1684
929 1828
929 1981
930 979
930 1273
930 1275
930 1627
930 1629
930 1839
931 1033
931 1499
931 1574
931 1598
931 1714
931 1761
931 1882
931 1998
932 960
932 1004
932 1233
932 1520
933 1161
933 1592
933 1690
933 1843
933 1867
933 1918
934 1207
934 1595
934 1927
934 1979
935 1030
935 1181
936 1185
936 1641
936 1775
936 1900
937 1161
937 1268
938 1061
938 1207
938 1745
938 1932
939 1153
939 1642
939 1829
940 1368
940 1638
940 1845
940 1867
941 1113
941 1114
941 1183
941 1225
941 1397
941 1568
941 1738
941 1823
942 1450
942 1464
942 1717
942 1978
943 1048
943 1110
943 1164
943 1267
943 1395
943 1428
943 1619
943 1765
944 1312
944 1849
944 1959
945 1078
945 1262
945 1346
945 1369
945 1472
945 1816
946 1457
946 1531
946 1663
946 1771
946 1826
946 1878
947 1032
947 1235
947 1689
947 1790
948 1014
948 1373
948 1424
948 1920
949 998
949 1039
949 1109
949 1565
949 1584
949 1595
949 1749
949 1957
950 1724
951 1122
951 1128
951 1355
951 1643
952 1319
952 1433
952 1488
952 1843
953 1240
953 1299
953 1546
953 1754
953 1808
953 1885
953 1978
954 1019
954 1166
954 1205
954 1216
954 1331
955 1193
955 1542
955 1800
955 1915
956 1115
956 1160
956 1729
956 1796
957 982
957 1423
957 1493
957 1705
958 1329
958 1461
958 1475
958 1744
958 1935
959 959
959 1020
959 1355
959 1968
960 1484
960 1564
960 1882
961 961
961 973
961 993
961 1018
961 1069
961 1204
961 1255
961 1478
961 1851
962 1086
962 1516
963 995
963 1022
963 1028
963 1633
963 1777
963 1978
964 995
964 1118
964 1244
964 1354
964 1593
964 1770
964 1831
965 1087
965 1410
965 1473
965 1963
966 1114
966 1177
966 1270
966 1321
966 1762
966 1949
967 1162
967 1710
967 1980
968 1506
968 1776
969 1127
969 1261
969 1331
969 1348
969 1608
969 1957
970 1058
970 1789
971 1003
971 1133
971 1336
971 1775
971 1956
972 1012
972 1021
972 1100
972 1115
972 1311
972 1415
972 1483
972 1814
972 1916
973 1259
973 1411
973 1465
974 1018
974 1262
974 1296
974 1431
974 1615
974 1869
975 1165
975 1596
975 1682
976 1029
976 1409
976 1664
977 1500
977 1642
977 1778
977 1977
978 1020
978 1116
978 1133
978 1169
978 1330
978 1407
978 1460
978 1586
978 1607
978 1690
978 1741
978 1926
979 1196
979 1396
979 1671
979 1690
979 1858
979 1882
980 1071
980 1220
980 1620
981 1616
981 1786
982 1082
982 1242
982 1391
982 1442
982 1884
983 1195
984 1660
985 1666
985 1727
986 1145
986 1756
987 1415
987 1480
987 1774
989 1122
989 1139
989 1341
989 1744
990 1170
990 1388
990 1393
990 1821
991 1631
991 1646
991 1740
991 1922
991 1969
992 1326
992 1911
993 1283
993 1407
993 1509
993 1800
993 1917
994 1387
995 1152
995 1389
995 1630
995 1658
996 1319
996 1495
996 1504
996 1600
996 1816
996 1829
997 1490
997 1831
998 1474
998 1551
998 1996
999 1078
999 1092
999 1623
999 1628
1000 1148
1000 1270
1000 1289
1000 1290
1000 1551
1000 1667
1001 1493
1001 1940
1001 1961
1002 1060
1002 1446
1002 1508
1002 1628
1002 1677
1002 1936
1003 1578
1003 1852
1004 1100
1005 1066
1005 1311
1005 1782
1006 1439
1006 1697
1006 1892
1007 1007
1007 1314
1007 1580
1007 1795
1008 1213
1008 1274
1008 1389
1008 1454
1008 1461
1008 1597
1009 1088
1009 1112
1009 1316
1010 1202
1010 1206
1010 1249
1010 1605
1010 1609
1010 1698
1011 1596
1012 1109
1012 1322
1012 1323
1012 1352
1012 1678
1012 1697
1012 1702
1012 1706
1012 1709
1012 1959
1013 1154
1013 1191
1013 1237
1014 1636
1014 1809
1015 1148
1015 1278
1015 1770
1016 1209
1016 1233
1017 1613
1018 1434
1018 1620
1019 1174
1019 1406
1019 1421
1019 1599
1019 1664
1019 1942
1020 1103
1020 1217
1020 1238
1020 1332
1020 1469
1020 1558
1020 1745
1021 1055
1021 1288
1021 1309
1021 1432
1021 1588
1021 1680
1021 1743
1022 1030
1022 1440
1022 1571
1022 1839
1022 1865
1023 1325
1023 1773
1024 1147
1024 1577
1024 1822
1024 1869
1025 1249
1025 1466
1025 1598
1026 1046
1026 1383
1026 1384
1026 1480
1026 1653
1026 1854
1027 1119
1027 1195
1027 1399
1027 1505
1028 1675
1028 1731
1028 1831
1028 1858
1028 1987
1029 1180
1029 1614
1030 1160
1030 1199
1030 1259
1030 1549
1030 1754
1030 1840
1030 1851
1030 1958
1030 1960
1031 1054
1031 1260
1031 1342
1031 1660
1031 1959
1032 1057
1032 1383
1032 1646
1032 1725
1032 1734
1033 1166
1033 1197
1033 1216
1034 1192
1034 1695
1035 1390
1035 1401
1035 1587
1035 1690
1035 1739
1036 1651
1037 1636
1037 1841
1037 1853
1038 1331
1038 1505
1038 1687
1039 1383
1039 1440
1040 1123
1040 1865
1041 1142
1041 1180
1041 1236
1041 1251
1041 1255
1041 1612
1041 1704
1042 1080
1042 1509
1043 1372
1043 1441
1043 1459
1043 1839
1043 1924
1043 1950
1044 1487
1044 1778
1044 1865
1045 1502
1046 1778
1046 1955
1047 1176
1047 1248
1047 1636
1047 1835
1048 1166
1048 1175
1048 1322
1048 1825
1049 1055
1049 1482
1050 1493
1050 1561
1050 1597
1050 1674
1050 1908
1051 1051
1051 1307
1051 1376
1051 1508
1051 1586
1052 1618
1053 1392
1053 1602
1053 1635
1053 1650
1053 1755
1053 1778
1053 1917
1054 1284
1055 1151
1055 1161
1055 1268
1055 1320
1055 1771
1055 1844
1056 1202
1056 1584
1057 1399
1057 1415
1057 1528
1057 1564
1057 1652
1057 1659
1057 1960
1057 1989
1058 1233
1058 1283
1058 1541
1059 1185
1059 1250
1059 1273
1059 1412
1059 1468
1059 1840
1059 1868
1059 1871
1060 1100
1060 1307
1060 1645
1061 1135
1061 1167
1061 1285
1061 1323
1061 1640
1062 1654
1063 1605
1063 1616
1064 1267
1064 1343
1064 1359
1065 1420
1065 1466
1065 1626
1065 1656
1066 1067
1066 1269
1066 1709
1066 1713
1066 1790
1066 1979
1067 1760
1067 1905
1068 1090
1068 1134
1068 1393
1068 1533
1068 1642
1069 1106
1069 1213
1069 1281
1069 1311
1070 1785
1071 1129
1071 1438
1071 1511
1071 1519
1071 1691
1071 1767
1072 1285
1072 1693
1072 1769
1073 1107
1073 1203
1073 1469
1073 1579
1073 1640
1073 1685
1074 1606
1074 1880
1074 1937
1075 1562
1075 1759
1076 1339
1076 1432
1078 1117
1078 1175
1078 1334
1078 1534
1078 1559
1078 1600
1078 1805
1078 1869
1078 1897
1078 1900
1079 1288
1079 1837
1080 1194
1080 1238
1080 1330
1080 1406
1080 1808
1080 1926
1081 1496
1081 1588
1082 1544
1082 1565
1082 1628
1082 1710
1083 1090
1083 1378
1083 1791
1084 1264
1084 1290
1084 1319
1084 1643
1084 1724
1085 1351
1085 1457
1085 1749
1085 1787
1085 1938
1085 1963
1086 1330
1086 1734
1086 1799
1086 1977
1086 1987
1087 1358
1087 1493
1087 1505
1087 1544
1087 1582
1087 1741
1088 1126
1088 1303
1088 1510
1088 1601
1088 1606
1088 1675
1089 1414
1089 1516
1089 1542
1089 1613
1089 1805
1090 1396
1090 1401
1090 1603
1090 1662
1090 1883
1090 1906
1090 1973
1091 1945
1092 1253
1092 1406
1092 1433
1092 1947
1093 1113
1093 1444
1094 1527
1094 1751
1095 1261
1095 1333
1095 1434
1096 1243
1096 1616
1096 1674
1096 1711
1097 1891
1098 1722
1098 1728
1098 1908
1099 1368
1099 1459
1099 1615
1099 1836
1100 1211
1101 1551
1101 1892
1102 1118
1102 1452
1102 1578
1103 1552
1103 1632
1103 1756
1103 1926
1104 1587
1104 1664
1104 1820
1104 1897
1105 1372
1105 1403
1106 1530
1106 1732
1108 1193
1108 1713
1108 1824
1108 1886
1109 1459
1110 1734
1111 1333
1111 1695
1112 1155
1112 1201
1112 1346
1112 1650
1113 1301
1113 1748
1114 1379
1115 1136
1115 1678
1115 1682
1115 1717
1116 1391
1117 1165
1117 1245
1117 1317
1117 1595
1117 1635
1117 1745
1117 1974
1118 1399
1118 1616
1118 1868
1118 1894
1118 1895
1119 1218
1119 1394
1119 1743
1119 1910
1120 1564
1120 1812
1120 1890
1121 1466
1121 1608
1122 1124
1122 1128
1122 1546
1123 1170
1123 1171
1123 1280
1123 1338
1123 1415
1124 1134
1124 1202
1124 1326
1124 1429
1124 1430
1124 1473
1124 1575
1125 1871
1126 1558
1126 1627
1126 1642
1126 1723
1126 1763
1127 1173
1127 1243
1127 1298
1127 1655
1127 1850
1128 1827
1129 1150
1129 1320
1129 1518
1129 1833
1130 1164
1130 1507
1130 1548
1130 1939
1131 1154
1131 1172
1131 1520
1131 1940
1132 1266
1132 1360
1132 1382
1132 1596
1132 1736
1132 1837
1133 1198
1133 1258
1133 1369
1133 1518
1133 1770
1134 1327
1134 1542
1134 1727
1134 1783
1134 1805
1135 1327
1135 1720
1135 1919
1136 1158
1136 1396
1136 1801
1136 1893
1137 1227
1137 1407
1137 1535
1137 1612
1137 1803
1137 1972
1138 1342
1139 1545
1139 1714
1140 1220
1141 1247
1141 1503
1141 1934
1142 1394
1142 1624
1142 1782
1142 1808
1143 1620
1144 1522
1145 1478
1145 1566
1145 1767
1145 1944
1146 1567
1146 1637
1146 1708
1146 1819
1146 1980
1147 1192
1147 1240
1147 1307
1147 1395
1147 1439
1147 1672
1147 1786
1147 1905
1148 1606
1148 1764
1148 1939
1149 1153
1149 1174
1149 1219
1149 1310
1149 1993
1150 1189
1150 1650
1150 1665
1151 1215
1151 1253
1151 1396
1151 1447
1151 1496
1151 1632
1151 1890
1152 1253
1152 1417
1152 1600
1152 1684
1152 1766
1152 1867
1153 1259
1153 1333
1153 1646
1153 1795
1153 1955
1154 1245
1154 1250
1154 1268
1154 1465
1154 1874
1154 1985
1155 1570
1155 1925
1156 1411
1156 1491
1156 1503
1156 1752
1157 1585
1157 1699
1157 1873
1158 1213
1158 1520
1158 1594
1159 1397
1159 1841
1160 1342
1161 1533
1161 1614
1161 1873
1162 1330
1162 1704
1162 1863
1163 1528
1163 1712
1164 1269
1164 1281
1164 1287
1164 1400
1164 1501
1164 1635
1164 1814
1165 1178
1165 1424
1166 1243
1166 1267
1166 1399
1166 1529
1166 1916
1166 1928
1167 1517
1167 1972
1168 1245
1168 1379
1168 1403
1168 1778
1168 1815
1168 1976
1169 1194
1169 1245
1169 1446
1169 1806
1170 1510
1170 1545
1170 1753
1170 1754
1170 1888
1171 1276
1171 1584
1172 1211
1172 1276
1172 1349
1173 1276
1173 1819
1173 1832
1174 1776
1175 1509
1175 1772
1175 1951
1176 1387
1176 1585
1176 1686
1176 1880
1176 1964
1177 1500
1177 1584
1177 1701
1178 1214
1178 1367
1179 1197
1179 1264
1179 1930
1180 1365
1180 1611
1180 1783
1180 1801
1180 1905
1180 1994
1182 1618
1182 1828
1182 1850
1182 1857
1182 1865
1183 1207
1183 1408
1183 1440
1183 1544
1183 1569
1183 1723
1184 1257
1185 1218
1185 1290
1185 1379
1185 1660
1185 1753
1186 1196
1186 1392
1186 1457
1186 1519
1186 1628
1186 1784
1186 1851
1187 1573
1187 1703
1187 1713
1187 1966
1188 1618
1188 1645
1188 1936
1189 1593
1189 1617
1189 1699
1190 1196
1190 1208
1190 1358
1190 1975
1191 1340
1191 1348
1191 1864
1192 1298
1192 1340
1192 1380
1192 1880
1192 1885
1192 1891
1193 1640
1193 1646
1193 1889
1194 1424
1194 1771
1194 1880
1195 1218
1195 1289
1195 1978
1196 1361
1196 1390
1196 1457
1196 1801
1197 1619
1198 1259
1198 1304
1198 1518
1198 1631
1199 1460
1200 1572
1200 1674
1201 1249
1201 1307
1201 1451
1201 1671
1201 1970
1202 1225
1202 1407
1202 1425
1202 1716
1202 1869
1202 1941
1203 1322
1203 1430
1203 1680
1203 1822
1203 1874
1204 1530
1204 1533
1205 1223
1205 1713
1206 1729
1206 1757
1206 1760
1207 1493
1207 1514
1207 1662
1207 1737
1207 1802
1208 1239
1208 1823
1208 1948
1208 1967
1209 1256
1209 1258
1209 1444
1209 1506
1209 1620
1209 1872
1210 1615
1210 1729
1211 1581
1211 1655
1211 1701
1211 1766
1211 1802
1211 1919
1212 1248
1212 1399
1212 1547
1213 1428
1213 1497
1213 1515
1213 1795
1213 1881
1214 1548
1214 1578
1214 1595
1215 1732
1216 1335
1216 1803
1216 1880
1217 1393
1217 1439
1217 1987
1218 1660
1218 1730
1219 1472
1219 1614
1219 1641
1219 1668
1219 1970
1220 1247
1220 1582
1220 1647
1220 1956
1221 1250
1221 1556
1221 1770
1221 1787
1222 1224
1222 1396
1222 1831
1222 1943
1223 1344
1223 1430
1223 1836
1224 1299
1224 1352
1224 1485
1225 1754
1226 1355
1226 1451
1226 1630
1226 1658
1226 1661
1227 1236
1227 1719
1227 1728
1227 1754
1227 1970
1227 1979
1228 1833
1228 1834
1229 1425
1229 1998
1230 1419
1230 1478
1230 1543
1230 1561
1230 1839
1231 1301
1231 1325
1231 1505
1231 1820
1232 1388
1232 1554
1233 1399
1233 1452
1233 1495
1233 1637
1234 1382
1234 1599
1234 1751
1234 1894
1235 1287
1235 1368
1235 1545
1235 1687
1235 1843
1235 1881
1235 1976
1236 1538
1236 1757
1236 1903
1237 1349
1237 1712
1237 1903
1238 1425
1238 1605
1238 1707
1239 1390
1240 1246
1240 1461
1240 1479
1240 1700
1240 1800
1240 1992
1241 1341
1241 1393
1241 1703
1241 1728
1242 1246
1242 1514
1242 1898
1243 1297
1243 1302
1243 1386
1243 1442
1243 1691
1243 1830
1244 1246
1244 1604
1244 1751
1245 1271
1245 1328
1245 1909
1245 1923
1246 1324
1247 1904
1248 1269
1248 1328
1248 1438
1248 1546
1248 1589
1248 1945
1249 1566
1249 1748
1249 1924
1250 1455
1251 1478
1251 1545
1251 1808
1251 1826
1251 1901
1251 1913
1251 1930
1251 1940
1251 1946
1252 1255
1253 1425
1254 1463
1254 1580
1254 1723
1254 1754
1255 1291
1255 1488
1255 1520
1256 1418
1257 1387
1257 1416
1257 1527
1258 1282
1258 1358
1258 1371
1258 1617
1258 1738
1258 1915
1259 1452
1259 1876
1260 1312
1260 1491
1260 1498
1260 1507
1261 1308
1261 1490
1261 1982
1262 1674
1262 1695
1262 1761
1262 1846
1263 1366
1263 1426
1263 1461
1263 1775
1263 1824
1264 1338
1264 1433
1264 1632
1264 1778
1264 1780
1265 1537
1265 1604
1265 1609
1265 1651
1265 1793
1266 1707
1266 1951
1267 1281
1267 1352
1267 1607
1267 1777
1268 1334
1268 1639
1269 1573
1270 1706
1271 1510
1272 1457
1272 1668
1272 1792
1272 1828
1272 1840
1273 1522
1273 1595
1273 1818
1273 1874
1273 1900
1273 1922
1273 1973
1274 1716
1275 1325
1275 1736
1276 1462
1276 1515
1276 1660
1276 1697
1277 1637
1277 1638
1277 1758
1278 1353
1278 1575
1278 1652
1278 1912
1278 1948
1279 1343
1279 1544
1279 1579
1279 1814
1280 1532
1280 1614
1280 1662
1280 1797
1280 1840
1280 1858
1281 1539
1281 1545
1282 1656
1282 1802
1282 1875
1283 1288
1283 1323
1283 1335
1283 1438
1283 1451
1283 1548
1283 1735
1283 1831
1284 1822
1284 1898
1285 1332
1285 1362
1286 1546
1286 1551
1286 1707
1286 1892
1287 1442
1287 1965
1288 1291
1288 1315
1288 1715
1288 1751
1288 1996
1289 1708
1290 1362
1290 1500
1290 1532
1290 1593
1290 1599
1290 1830
1291 1371
1291 1710
1291 1802
1293 1544
1293 1872
1294 1829
1294 1867
1295 1549
1295 1576
1295 1592
1296 1543
1296 1772
1297 1322
1297 1541
1297 1555
1298 1446
1298 1507
1298 1636
1298 1791
1299 1396
1299 1904
1300 1472
1300 1851
1300 1889
1300 1920
1301 1322
1301 1347
1301 1560
1302 1448
1302 1608
1303 1497
1303 1753
1303 1767
1303 1990
1304 1604
1304 1639
1304 1751
1305 1519
1306 1842
1306 1881
1307 1359
1308 1592
1309 1474
1310 1641
1310 1745
1311 1373
1311 1483
1312 1639
1312 1869
1313 1857
1313 1989
1314 1814
1314 1990
1315 1365
1316 1454
1316 1512
1316 1556
1316 1572
1316 1590
1316 1692
1316 1792
1316 1893
1316 1904
1317 1535
1318 1551
1318 1845
1319 1522
1319 1593
1319 1600
1319 1612
1319 1741
1320 1343
1320 1465
1320 1685
1321 1357
1321 1412
1321 1658
1321 1662
1321 1959
1322 1324
1322 1845
1323 1409
1324 1385
1324 1669
1324 1798
1325 1438
1325 1932
1325 1977
1326 1464
1326 1560
1326 1804
1327 1702
1327 1761
1329 1582
1329 1594
1330 1499
1330 1730
1331 1436
1331 1476
1331 1478
1331 1738
1332 1809
1333 1363
1334 1773
1335 1784
1335 1845
1335 1864
1336 1565
1336 1741
1336 1775
1336 1879
1337 1511
1337 1871
1337 1914
1338 1341
1338 1521
1338 1720
1339 1573
1339 1675
1339 1908
1340 1732
1340 1930
1340 1957
1341 1428
1341 1461
1341 1690
1341 1840
1342 1374
1342 1588
1342 1662
1342 1755
1342 1992
1343 1650
1344 1353
1344 1500
1344 1920
1345 1604
1345 1798
1346 1371
1346 1641
1347 1786
1348 1411
1348 1455
1348 1772
1348 1880
1348 1952
1349 1643
1349 1650
1349 1976
1350 1478
1350 1685
1350 1800
1351 1685
1352 1540
1352 1851
1353 1599
1353 1869
1354 1426
1354 1846
1355 1626
1355 1744
1356 1481
1356 1989
1358 1420
1358 1513
1359 1504
1359 1806
1360 1365
1360 1441
1360 1494
1360 1583
1360 1854
1361 1928
1361 1968
1362 1599
1362 1604
1362 1807
1362 1945
1363 1370
1363 1371
1363 1397
1363 1567
1363 1935
1364 1463
1364 1496
1364 1549
1364 1593
1364 1696
1365 1513
1365 1637
1365 1695
1365 1918
1367 1398
1367 1620
1367 1745
1367 1885
1368 1484
1368 1594
1368 1889
1368 1901
1368 1981
1369 1414
1370 1519
1370 1757
1370 1874
1372 1386
1373 1571
1373 1746
1374 1427
1374 1974
1375 1930
1376 1713
1377 1749
1377 1845
1379 1881
1379 1885
1380 1449
1381 1383
1381 1384
1382 1862
1383 1392
1383 1633
1383 1713
1384 1402
1384 1469
1384 1672
1384 1772
1385 1768
1386 1437
1386 1446
1386 1568
1387 1574
1387 1685
1387 1940
1388 1437
1388 1725
1389 1697
1390 1917
1391 1610
1392 1576
1392 1704
1392 1882
1392 1982
1393 1806
1393 1826
1394 1851
1394 1948
1395 1960
1396 1407
1396 1421
1396 1507
1396 1541
1397 1427
1397 1776
1398 1583
1399 1498
1399 1531
1399 1739
1399 1768
1399 1848
1399 1996
1400 1821
1400 1828
1400 1985
1401 1523
1401 1808
1402 1498
1402 1557
1402 1662
1402 1714
1402 1824
1404 1894
1404 1965
1405 1509
1405 1536
1405 1875
1406 1908
1406 1945
1406 1983
1408 1701
1409 1918
1411 1520
1411 1529
1411 1884
1412 1482
1412 1526
1412 1865
1413 1959
1414 1431
1414 1835
1414 1948
1415 1718
1415 1731
1415 1996
1416 1684
1416 1750
1416 1844
1417 1824
1417 1899
1418 1764
1418 1825
1418 1970
1419 1755
1419 1967
1422 1522
1422 1584
1422 1818
1422 1822
1422 1913
1423 1437
1423 1472
1423 1745
1424 1432
1424 1726
1424 1799
1425 1762
1425 1928
1426 1501
1429 1432
1429 1497
1430 1520
1430 1561
1430 1700
1430 1890
1431 1465
1431 1576
1431 1729
1432 1440
1432 1774
1432 1902
1433 1597
1434 1535
1434 1576
1434 1706
1434 1723
1435 1442
1435 1892
1436 1509
1436 1647
1436 1807
1436 1869
1437 1449
1437 1467
1438 1842
1439 1706
1439 1796
1439 1994
1440 1475
1440 1583
1440 1834
1441 1457
1441 1473
1441 1855
1441 1858
1443 1862
1444 1449
1444 1501
1444 1574
1444 1959
1446 1588
1447 1938
1448 1541
1448 1552
1448 1829
1449 1577
1449 1713
1451 1917
1452 1792
1453 1477
1453 1671
1453 1694
1454 1569
1455 1673
1455 1780
1456 1758
1456 1788
1456 1820
1456 1867
1457 1973
1458 1753
1458 1758
1459 1626
1460 1676
1461 1983
1462 1675
1463 1619
1463 1877
1463 1906
1464 1473
1464 1701
1464 1853
1465 1544
1465 1911
1465 1965
1466 1905
1469 1650
1469 1712
1469 1970
1470 1843
1471 1782
1471 1811
1472 1872
1473 1531
1473 1855
1474 1514
1474 1790
1474 1962
1475 1953
1476 1737
1477 1561
1477 1617
1477 1748
1478 1486
1480 1571
1480 1777
1480 1809
1480 1977
1481 1528
1481 1615
1481 1760
1482 1526
1482 1664
1482 1798
1482 1941
1483 1987
1483 1991
1484 1484
1484 1521
1484 1690
1484 1710
1484 1739
1485 1865
1485 1882
1486 1827
1486 1861
1488 1621
1488 1646
1488 1813
1488 1969
1489 1825
1489 1884
1489 1986
1490 1605
1490 1660
1490 1823
1491 1723
1492 1968
1493 1728
1493 1738
1494 1548
1494 1574
1494 1644
1494 1786
1494 1956
1495 1628
1495 1646
1495 1705
1495 1758
1495 1913
1495 1948
1496 1723
1496 1846
1496 1857
1496 1998
1497 1566
1497 1709
1497 1957
1498 1599
1498 1794
1498 1840
1498 1917
1499 1638
1500 1699
1500 1908
1501 1851
1502 1986
1503 1743
1503 1757
1504 1504
1504 1590
1504 1906
1505 1657
1505 1885
1505 1901
1506 1805
1506 1838
1507 1675
1507 1745
1507 1752
1507 1770
1509 1640
1509 1823
1510 1922
1511 1512
1511 1525
1511 1767
1511 1877
1511 1960
1512 1701
1512 1856
1513 1531
1513 1653
1514 1534
1514 1668
1514 1772
1514 1811
1515 1720
1516 1971
1516 1978
1517 1849
1517 1925
1518 1599
1519 1563
1519 1646
1519 1672
1520 1606
1520 1887
1521 1598
1521 1743
1521 1853
1524 1959
1525 1792
1525 1797
1525 1817
1526 1672
1526 1674
1526 1870
1526 1924
1526 1970
1527 1703
1527 1829
1528 1822
1529 1572
1529 1585
1530 1628
1530 1690
1531 1650
1531 1853
1532 1966
1533 1750
1533 1894
1533 1996
1534 1816
1535 1670
1535 1915
1536 1641
1536 1993
1537 1638
1537 1973
1539 1592
1541 1646
1541 1913
1541 1950
1543 1979
1544 1629
1545 1555
1545 1735
1545 1827
1546 1796
1546 1996
1547 1647
1547 1747
1547 1829
1547 1837
1547 1886
1547 1934
1548 1802
1548 1823
1549 1620
1549 1735
1550 1666
1550 1692
1551 1636
1551 1851
1553 1739
1553 1872
1553 1911
1553 1997
1554 1571
1555 1642
1555 1830
1556 1653
1556 1881
1557 1724
1557 1788
1557 1970
1558 1625
1559 1684
1560 1760
1560 1810
1560 1853
1561 1720
1561 1988
1562 1621
1562 1898
1563 1813
1563 1974
1564 1665
1564 1863
1565 1601
1567 1587
1567 1684
1567 1926
1567 1970
1568 1737
1569 1687
1569 1773
1570 1870
1571 1741
1572 1615
1572 1837
1573 1808
1573 1936
1574 1674
1575 1740
1576 1674
1576 1735
1576 1857
1577 1837
1580 1728
1580 1738
1580 1775
1580 1834
1580 1858
1581 1652
1582 1739
1583 1642
1583 1698
1583 1950
1584 1632
1584 1633
1585 1690
1585 1727
1585 1744
1585 1896
1585 1922
1586 1603
1586 1728
1586 1960
1587 1839
1587 1878
1589 1756
1589 1904
1590 1726
1590 1817
1592 1967
1593 1632
1593 1754
1593 1784
1594 1723
1594 1793
1594 1921
1594 1971
1597 1625
1597 1926
1597 1954
1597 1957
1598 1758
1598 1799
1599 1605
1600 1752
1601 1680
1601 1790
1602 1689
1602 1881
1602 1939
1603 1695
1603 1898
1603 1964
1604 1646
1604 1705
1605 1877
1605 1994
1606 1770
1606 1841
1607 1630
1608 1965
1609 1836
1609 1849
1610 1653
1610 1820
1610 1898
1610 1939
1611 1643
1612 1625
1612 1752
1612 1785
1612 1878
1613 1743
1615 1687
1615 1802
1618 1634
1618 1963
1620 1749
1624 1705
1625 1762
1626 1779
1626 1961
1627 1659
1628 1983
1630 1666
1630 1919
1630 1939
1631 1710
1633 1927
1635 1652
1635 1701
1635 1999
1636 1749
1636 1785
1642 1654
1643 1665
1643 1672
1643 1673
1644 1730
1644 1999
1646 1673
1648 1765
1649 1744
1649 1892
1650 1730
1650 1743
1650 1981
1652 1826
1652 1844
1654 1676
1655 1668
1655 1703
1655 1817
1656 1677
1656 1760
1656 1923
1657 1870
1658 1695
1658 1971
1659 1739
1660 1940
1661 1919
1662 1773
1663 1730
1664 1757
1664 1838
1666 1712
1666 1783
1666 1810
1666 1899
1667 1667
1668 1683
1669 1960
1670 1771
1670 1896
1670 1939
1671 1975
1672 1814
1672 1939
1673 1747
1673 1888
1675 1774
1677 1754
1677 1781
1677 1805
1678 1684
1680 1957
1680 1994
1681 1807
1682 1744
1682 1937
1684 1773
1684 1891
1687 1711
1688 1882
1688 1961
1689 1903
1689 1990
1690 1737
1690 1760
1692 1762
1693 1861
1696 1719
1698 1877
1705 1778
1705 1987
1706 1723
1707 1793
1707 1861
1710 1740
1710 1776
1710 1816
1711 1719
1712 1960
1712 1970
1713 1791
1713 1968
1714 1778
1714 1870
1715 1837
1716 1815
1716 1862
1716 1980
1717 1917
1720 1930
1721 1888
1721 1917
1722 1734
1723 1794
1724 1798
1725 1872
1728 1788
1729 1739
1729 1982
1730 1836
1730 1840
1730 1848
1730 1916
1731 1817
1733 1750
1733 1953
1733 1968
1736 1748
1736 1996
1737 1821
1738 1799
1739 1803
1739 1814
1741 1884
1741 1942
1741 1991
1742 1780
1743 1791
1744 1952
1745 1919
1745 1927
1745 1943
1745 1970
1747 1818
1748 1753
1749 1948
1751 1766
1753 1820
1753 1831
1754 1894
1755 1883
1756 1775
1756 1832
1757 1781
1757 1789
1757 1928
1758 1777
1758 1839
1760 1912
1763 1833
1763 1837
1764 1891
1765 1835
1765 1968
1766 1825
1766 1919
1768 1853
1769 1962
1770 1867
1770 1868
1772 1870
1773 1947
1775 1813
1776 1891
1777 1944
1778 1865
1778 1908
1779 1840
1780 1785
1780 1850
1780 1899
1780 1903
1780 1997
1783 1841
1783 1855
1786 1933
1789 1799
1791 1965
1792 1824
1793 1858
1793 1890
1794 1958
1798 1881
1799 1801
1799 1908
1800 1917
1802 1838
1807 1975
1809 1911
1812 1855
1812 1915
1814 1823
1814 1920
1814 1922
1817 1843
1818 1820
1819 1914
1819 1919
1820 1971
1827 1965
1829 1973
1830 1884
1832 1938
1834 1877
1835 1836
1841 1954
1844 1866
1844 1876
1848 1902
1851 1943
1852 1993
1853 1970
1854 1958
1854 1992
1855 1888
1856 1875
1856 1973
1857 1940
1859 1937
1860 1962
1862 1901
1862 1903
1864 1958
1869 1992
1870 1915
1872 1921
1872 1927
1874 1879
1876 1916
1879 1989
1880 1885
1880 1972
1886 1917
1890 1994
1894 1980
1896 1960
1898 1947
1902 1968
1903 1983
1905 1931
1916 1991
1924 1966
1928 1968
1936 1941
1936 1955
1950 1997
1963 1973
1963 1995
1965 1980
1980 1991
