2000
0 29
0 67
0 374
0 750
0 803
0 1451
0 1538
0 1691
0 1738
1 211
1 532
1 934
1 1403
1 1434
1 1520
1 1685
1 1829
2 331
2 422
2 464
2 466
2 680
2 1135
2 1736
3 156
3 282
3 510
3 587
3 1024
3 1455
4 170
4 232
4 523
4 675
4 760
4 820
4 1144
4 1153
4 1201
4 1343
5 31
5 177
5 231
5 1144
5 1334
6 495
6 571
6 1131
6 1927
6 1933
7 1077
7 1479
7 1510
7 1588
7 1673
7 1909
8 73
8 298
8 469
8 848
8 1113
8 1481
8 1587
8 1829
8 1884
9 78
9 85
9 1103
9 1607
9 1680
9 1962
10 42
10 144
10 180
10 400
10 770
11 606
11 989
11 1638
11 1749
11 1992
12 71
12 165
12 453
12 775
12 844
12 976
12 1118
12 1150
12 1810
12 1948
13 1333
13 1733
14 84
14 134
14 322
14 379
14 432
14 803
14 863
14 1014
14 1287
14 1408
14 1725
15 650
15 819
15 888
15 1059
15 1741
15 1908
15 1964
16 329
16 524
16 821
16 1107
16 1580
16 1592
16 1637
16 1752
16 1831
16 1912
17 884
17 947
17 1242
17 1329
17 1489
17 1550
17 1731
17 1849
18 41
18 136
18 397
18 680
18 806
18 819
18 1660
18 1900
18 1986
19 429
19 893
19 1249
19 1662
19 1771
19 1820
20 170
20 517
20 760
20 953
20 1219
20 1436
21 151
21 194
21 272
21 522
21 612
21 688
21 1400
21 1608
21 1874
21 1984
22 155
22 723
22 919
22 1334
22 1406
23 110
23 560
23 581
23 1617
23 1889
24 84
24 296
24 445
24 765
24 984
24 992
24 1230
24 1248
24 1580
24 1965
25 270
25 465
25 543
25 720
25 930
25 1386
25 1556
25 1672
25 1953
26 540
26 1059
26 1351
26 1455
26 1530
27 73
27 101
27 104
27 290
27 355
27 1133
27 1215
27 1429
27 1523
27 1559
27 1904
28 208
28 320
28 339
28 709
28 827
28 1159
28 1737
28 1818
29 69
29 199
29 323
29 439
29 966
29 1360
30 79
30 389
30 390
30 537
30 1018
30 1277
30 1583
30 1741
30 1901
31 117
31 596
31 1025
31 1423
31 1447
31 1571
31 1737
31 1891
32 139
32 262
32 473
32 584
32 625
32 1343
32 1472
32 1709
33 96
33 234
33 868
33 1200
33 1201
33 1276
33 1327
33 1412
33 1511
33 1685
33 1836
33 1922
33 1926
33 1997
34 174
34 336
34 401
34 650
34 693
34 718
34 969
34 1243
34 1356
34 1425
34 1646
34 1855
35 177
35 628
35 910
35 1107
35 1485
35 1545
35 1779
35 1867
36 56
36 120
36 367
36 832
36 953
36 1297
36 1350
37 51
37 615
37 1205
37 1454
38 102
38 135
38 608
38 683
38 964
38 1484
39 640
39 724
39 869
39 1036
39 1181
39 1722
39 1842
39 1854
39 1996
40 130
40 292
40 428
40 1145
40 1554
40 1645
40 1951
41 935
41 1006
41 1207
41 1445
42 233
42 1063
42 1078
42 1182
42 1193
42 1642
42 1806
43 714
43 1359
44 55
44 81
44 238
44 241
44 444
44 748
44 901
44 952
44 1237
45 423
45 458
45 704
45 961
45 1340
45 1529
45 1535
45 1590
45 1698
45 1788
46 47
46 79
46 138
46 1170
46 1323
47 208
47 477
47 639
47 777
47 1476
47 1577
47 1898
48 144
48 263
48 503
48 551
48 1091
48 1097
48 1525
48 1551
48 1982
49 321
49 668
49 999
49 1162
49 1555
49 1977
50 262
50 619
50 679
50 823
50 1074
50 1643
50 1884
50 1962
51 73
51 925
51 1228
51 1436
51 1671
52 166
52 173
52 298
52 675
52 1141
53 191
53 288
53 696
53 1069
53 1146
53 1337
53 1409
53 1867
54 222
54 264
54 393
54 1474
54 1785
54 1815
54 1958
54 1970
55 558
55 573
55 745
55 949
55 1055
55 1169
55 1345
55 1375
55 1688
56 76
56 112
56 693
56 759
56 1162
56 1262
56 1563
56 1987
57 131
57 929
57 959
57 990
57 1575
57 1687
57 1906
58 69
58 316
58 482
58 680
58 883
58 935
58 1652
58 1747
58 1761
59 673
59 800
59 932
59 1000
59 1405
59 1407
59 1421
59 1640
59 1666
59 1746
59 1798
59 1869
59 1884
60 269
60 355
60 412
60 617
60 684
60 1941
61 197
61 214
61 686
61 787
61 1734
61 1843
61 1987
61 1997
62 201
62 515
62 618
62 721
62 735
62 1326
62 1483
62 1520
62 1729
62 1919
62 1986
63 111
63 186
63 270
63 320
63 1021
63 1067
63 1200
63 1874
63 1889
64 332
64 543
64 886
64 1236
64 1358
64 1412
64 1530
64 1986
65 311
65 390
65 588
65 748
65 979
65 1009
65 1194
65 1553
65 1841
65 1849
66 254
66 345
66 360
66 577
66 589
66 844
66 936
66 1010
66 1347
66 1453
66 1583
66 1680
66 1758
66 1811
66 1961
67 97
67 779
67 869
67 1690
67 1777
68 292
68 476
68 1194
68 1605
68 1750
68 1785
68 1917
68 1970
69 174
69 319
69 373
69 669
69 818
69 1092
69 1412
69 1709
69 1734
70 110
70 332
70 444
70 474
70 617
70 641
70 906
70 1300
70 1817
71 444
71 697
71 1207
71 1227
71 1240
71 1246
71 1256
72 242
72 248
72 343
72 411
72 562
72 606
72 1005
72 1118
72 1167
72 1353
72 1411
72 1528
72 1800
73 98
73 402
73 1473
73 1570
73 1934
74 87
74 141
74 313
74 549
74 665
74 923
74 1235
74 1322
75 360
75 593
75 641
75 1075
75 1158
75 1159
75 1183
75 1219
75 1448
75 1468
75 1675
75 1936
75 1942
76 681
76 714
76 849
76 1052
77 307
77 421
77 426
77 739
77 944
77 1424
77 1668
77 1701
77 1966
78 280
78 909
78 1489
79 108
79 541
79 554
79 582
79 948
79 1479
79 1618
79 1882
80 359
80 542
80 762
80 937
80 1264
80 1369
80 1468
80 1645
81 210
81 265
81 307
81 383
81 765
81 1096
81 1408
81 1414
81 1788
81 1886
82 157
82 394
82 1264
82 1621
82 1739
83 492
83 1172
83 1604
83 1735
83 1753
83 1869
83 1995
83 1999
84 298
84 1698
85 85
85 470
85 1205
85 1649
86 114
86 239
86 268
86 656
86 694
86 813
86 851
86 1116
86 1389
86 1480
87 355
87 836
87 1773
87 1998
88 145
88 884
88 1022
88 1257
88 1515
88 1534
88 1783
89 90
89 148
89 232
89 359
89 445
89 906
89 1044
89 1173
89 1284
89 1904
90 578
90 587
90 663
90 746
90 890
90 907
90 918
90 936
90 953
90 975
90 1167
90 1182
90 1443
90 1789
91 534
91 556
91 715
91 891
91 1120
91 1618
91 1996
92 209
92 311
92 399
92 490
92 499
92 1323
92 1347
92 1367
92 1641
93 95
93 440
93 468
93 471
93 486
93 983
93 1252
93 1388
93 1617
93 1631
93 1970
94 189
94 915
94 1010
94 1215
94 1326
95 307
95 472
95 797
95 1000
95 1988
96 290
96 864
96 1178
96 1593
96 1740
96 1952
97 247
97 265
97 367
97 396
97 491
97 717
97 829
97 1072
97 1103
97 1400
98 115
98 199
98 336
98 384
98 437
98 731
98 879
98 1069
98 1598
99 126
99 185
99 280
99 506
99 789
99 1471
100 153
100 342
100 667
100 773
100 1045
100 1480
100 1992
100 1993
101 313
101 612
101 662
101 721
101 861
101 946
101 1139
101 1271
101 1302
101 1377
101 1503
101 1751
102 302
102 494
102 888
102 1471
102 1630
102 1650
102 1803
103 160
103 983
103 1035
103 1080
103 1460
103 1515
103 1693
103 1938
104 459
104 543
104 545
104 611
104 1271
104 1319
104 1350
104 1505
104 1708
104 1748
104 1969
104 1979
105 768
105 886
105 1000
105 1726
105 1912
105 1923
106 159
106 347
106 445
106 820
106 1168
106 1786
107 913
107 1191
107 1653
107 1987
108 268
108 1303
108 1844
108 1943
109 686
109 783
109 914
109 1619
109 1775
109 1780
110 348
110 650
110 803
110 1055
110 1059
110 1130
110 1368
110 1858
110 1890
111 124
111 697
111 862
111 1258
111 1826
112 296
112 316
112 712
112 808
112 944
112 1551
112 1665
112 1911
113 160
113 208
113 856
113 913
113 969
114 404
114 647
114 805
114 1442
115 301
115 428
115 701
115 725
115 766
115 793
115 1087
115 1577
115 1691
115 1701
115 1976
116 255
116 587
116 628
116 1413
116 1869
117 219
117 241
117 516
117 577
117 607
117 631
117 826
117 856
117 1033
117 1286
117 1336
117 1400
117 1597
117 1836
118 241
118 382
118 416
118 612
118 706
118 1161
118 1340
118 1663
118 1996
119 263
119 264
119 303
119 307
119 544
119 1064
119 1329
119 1561
119 1999
120 192
120 291
120 334
120 467
120 526
120 723
120 1093
120 1765
121 420
121 1007
121 1274
121 1635
121 1736
121 1760
121 1787
121 1799
122 137
122 1047
123 428
123 441
123 460
123 468
123 897
123 1006
123 1270
123 1278
123 1291
123 1506
123 1940
124 159
124 368
124 459
124 548
124 1505
124 1687
125 307
125 327
125 431
125 496
125 567
125 578
125 907
125 970
125 1038
125 1212
125 1445
125 1454
125 1809
126 168
126 170
126 236
126 458
126 572
126 1094
126 1293
126 1557
126 1992
127 351
127 435
127 1811
127 1847
128 238
128 658
128 929
128 1119
128 1120
128 1750
128 1945
129 163
129 219
129 406
129 973
129 1690
130 189
130 364
130 524
130 528
130 570
130 847
130 1714
131 605
131 1745
131 1895
132 232
132 489
132 624
132 792
132 871
132 1120
132 1277
132 1397
132 1601
132 1868
133 825
133 1102
133 1292
133 1364
133 1429
133 1564
134 610
134 741
134 780
134 836
134 1166
134 1410
134 1455
134 1746
134 1896
134 1917
134 1976
134 1988
135 498
135 628
135 651
135 1057
135 1151
135 1429
136 862
136 1515
136 1883
137 513
137 515
137 594
137 771
137 845
137 1352
137 1808
137 1898
138 303
138 778
138 791
138 847
138 979
138 1320
138 1379
138 1626
138 1963
139 144
139 482
139 607
139 1052
140 883
140 917
140 963
140 1214
140 1366
140 1856
141 359
141 765
141 1079
141 1198
141 1858
141 1912
142 237
142 998
142 1125
142 1633
142 1660
142 1674
142 1896
143 198
143 203
143 884
143 1261
143 1344
143 1497
144 398
144 635
144 1373
144 1436
144 1702
145 650
145 1686
145 1928
146 205
146 391
146 427
146 777
146 1446
147 200
147 327
147 764
147 870
147 906
147 1518
147 1655
147 1995
148 645
148 872
148 1239
148 1247
148 1711
148 1738
148 1744
149 249
149 699
149 1055
149 1310
149 1612
150 429
150 510
150 1142
151 370
151 530
151 1064
151 1333
151 1630
151 1913
152 239
152 732
152 1076
152 1091
152 1101
152 1105
152 1539
152 1551
152 1982
153 180
153 265
153 352
153 487
153 606
153 776
153 1118
153 1213
153 1305
153 1416
153 1614
153 1979
154 196
154 350
154 1079
154 1727
154 1743
155 256
155 336
155 379
155 398
155 410
155 582
155 800
155 1103
155 1207
155 1228
155 1323
155 1346
155 1826
155 1844
156 262
156 508
156 516
156 689
156 876
156 1208
156 1638
156 1878
156 1902
157 314
157 329
157 1321
157 1593
157 1625
157 1955
158 311
158 326
158 608
158 1243
158 1458
158 1832
159 187
159 688
159 736
159 918
159 1245
159 1448
160 186
160 440
160 759
160 1908
161 254
161 441
161 444
161 1194
161 1247
161 1628
161 1918
161 1959
162 244
162 464
162 579
162 656
162 931
162 957
162 1535
162 1852
162 1934
163 348
163 719
163 1021
163 1545
163 1666
163 1914
163 1943
164 243
164 649
164 1096
164 1127
164 1352
164 1354
164 1540
164 1557
164 1874
164 1911
165 762
165 969
165 1078
165 1363
165 1553
166 267
166 456
166 473
166 539
166 916
166 1394
166 1604
166 1642
167 424
167 735
167 920
167 1057
167 1175
168 171
168 866
168 1180
168 1312
168 1651
168 1707
168 1794
168 1867
168 1960
169 380
169 437
169 473
169 490
169 518
169 521
169 742
169 1128
169 1162
169 1461
169 1570
169 1629
169 1786
170 286
170 378
170 663
170 1325
170 1380
170 1524
170 1577
170 1864
170 1961
171 364
171 629
171 658
171 908
171 923
171 959
171 1160
171 1421
171 1812
172 172
172 501
172 590
172 595
172 711
172 1023
172 1192
172 1717
172 1898
173 365
173 627
173 786
173 949
173 952
173 1169
173 1180
173 1277
173 1449
173 1829
173 1933
173 1967
173 1995
173 1998
174 283
174 294
174 1267
174 1553
174 1984
175 221
175 652
175 751
175 791
175 999
175 1663
176 915
176 1642
176 1674
176 1949
177 327
177 659
177 811
177 830
177 974
177 1043
177 1088
177 1160
177 1318
177 1473
177 1588
177 1723
177 1820
178 689
178 1066
178 1508
178 1554
178 1887
178 1899
179 260
179 328
179 382
179 592
179 1105
179 1259
180 446
180 547
180 662
180 1070
180 1473
180 1762
180 1873
181 503
181 944
181 1225
181 1378
181 1568
181 1898
181 1917
182 318
182 355
182 1000
182 1219
182 1285
182 1481
182 1534
182 1590
183 344
183 517
183 759
183 859
183 956
183 1093
183 1379
183 1418
183 1449
183 1704
183 1825
183 1846
183 1941
183 1977
184 715
184 885
184 1537
185 210
185 239
185 1157
185 1288
185 1534
185 1853
185 1974
186 1177
186 1407
186 1448
186 1870
186 1945
187 320
187 324
187 442
187 484
187 652
187 738
187 893
187 931
187 1070
187 1257
187 1353
187 1420
187 1763
187 1805
188 332
188 415
188 437
188 1277
188 1345
188 1404
188 1779
188 1905
189 751
189 1246
189 1294
189 1351
189 1434
189 1598
189 1781
190 258
190 472
190 507
190 921
190 1200
190 1650
190 1700
191 413
191 966
191 1210
191 1364
191 1444
191 1446
192 516
192 727
192 756
192 798
192 1390
193 746
193 845
193 1419
193 1639
193 1774
193 1850
194 816
194 907
194 1207
194 1648
194 1666
194 1789
195 429
195 562
195 1124
195 1907
196 472
196 755
196 1859
196 1879
197 282
197 751
197 859
197 1601
197 1747
197 1861
197 1875
198 248
198 317
198 417
198 479
198 995
198 1345
198 1493
198 1780
199 400
199 574
199 733
199 736
199 862
199 987
199 1188
199 1775
200 731
200 864
200 1220
200 1823
200 1900
200 1952
201 496
201 681
201 691
201 731
201 957
202 439
202 715
202 1099
202 1188
202 1211
202 1295
202 1523
202 1717
202 1856
203 383
203 390
203 721
203 813
203 821
203 825
203 1230
203 1558
203 1921
204 614
204 1089
204 1229
204 1314
204 1417
204 1789
204 1923
204 1934
205 209
205 440
205 710
205 856
205 1021
205 1060
205 1105
205 1174
205 1995
206 311
206 513
206 593
206 980
206 1034
206 1172
206 1221
206 1414
206 1736
206 1839
206 1915
207 540
207 563
207 722
207 879
207 1522
207 1527
207 1704
207 1706
207 1801
208 227
208 336
208 716
208 752
208 866
208 1076
208 1121
208 1429
208 1637
209 280
209 602
209 806
209 919
209 1133
209 1334
209 1686
210 273
210 317
210 464
210 517
210 1185
210 1434
210 1525
210 1660
210 1831
210 1858
210 1903
211 361
211 484
211 662
211 933
211 1836
211 1994
212 1172
212 1796
213 485
213 595
213 614
213 965
213 1241
213 1317
213 1371
213 1409
213 1463
214 275
214 610
214 756
214 850
214 974
214 1022
214 1193
214 1381
214 1905
214 1916
214 1938
215 293
215 881
215 1976
216 360
216 434
216 802
216 1332
216 1594
216 1830
216 1952
217 608
217 1093
217 1596
217 1714
217 1975
218 304
218 379
218 453
218 607
218 630
218 647
218 855
218 1095
218 1216
218 1478
218 1606
219 907
219 1108
219 1221
219 1303
219 1330
219 1363
219 1974
219 1978
220 372
220 484
220 946
220 1248
220 1307
220 1937
220 1961
221 366
221 426
221 1437
221 1621
221 1709
221 1959
222 385
222 430
222 441
222 638
222 662
222 825
222 1288
222 1302
222 1640
222 1866
223 1658
223 1703
223 1808
223 1872
224 317
224 370
224 1372
224 1656
224 1673
225 258
225 726
225 931
225 1004
225 1111
225 1265
225 1750
225 1873
225 1917
225 1959
226 370
226 745
226 1647
226 1792
226 1924
227 232
227 372
227 782
227 983
227 1071
227 1321
227 1805
227 1906
228 241
228 340
228 347
228 573
228 837
228 957
228 1578
228 1729
228 1787
228 1913
229 545
229 676
229 778
229 961
229 1177
229 1292
229 1825
230 551
230 671
230 708
230 735
230 742
230 801
230 842
230 1092
230 1425
230 1557
230 1716
230 1803
230 1805
231 1387
231 1699
231 1756
231 1912
232 433
232 911
232 1126
232 1174
232 1752
232 1895
232 1924
233 293
233 347
233 485
233 546
233 558
233 561
233 681
233 709
233 790
233 1052
233 1093
233 1235
233 1289
233 1670
234 715
234 1198
234 1322
234 1390
235 587
235 711
235 981
235 1188
235 1806
236 254
236 365
236 383
236 687
236 776
236 903
236 998
236 1030
236 1080
236 1638
236 1652
237 345
237 833
237 1475
237 1813
237 1955
237 1961
237 1995
238 328
238 484
238 1031
238 1256
238 1409
238 1646
238 1757
239 431
239 827
239 1343
239 1810
239 1868
240 953
240 1109
240 1304
240 1726
240 1803
241 627
241 741
241 1050
241 1716
242 279
242 862
242 1359
242 1693
242 1715
242 1864
243 355
243 589
243 597
243 607
243 1498
243 1727
243 1771
244 288
244 1076
244 1121
244 1324
244 1445
244 1446
244 1451
245 327
245 406
245 423
245 815
245 1068
245 1485
245 1523
246 833
246 1391
246 1584
246 1642
246 1764
246 1803
246 1823
246 1880
246 1961
247 264
247 966
247 1069
247 1086
247 1096
247 1128
247 1145
247 1566
248 284
248 292
248 333
248 1022
248 1244
248 1993
249 584
249 979
249 1111
249 1254
249 1262
249 1268
249 1844
250 371
250 805
250 926
250 989
250 1407
250 1655
250 1802
250 1887
251 730
251 1460
251 1514
251 1799
252 576
252 778
252 893
252 934
252 1100
252 1197
252 1639
252 1998
253 490
253 589
253 793
253 871
253 1016
253 1188
253 1378
253 1479
254 307
254 441
254 525
254 806
254 1025
254 1029
254 1130
254 1632
255 568
255 735
255 1041
255 1261
255 1270
255 1305
255 1576
255 1664
256 304
256 503
256 797
256 1155
256 1184
256 1614
256 1627
256 1643
257 916
257 1173
257 1297
257 1525
257 1844
258 840
258 958
258 1422
258 1491
258 1751
258 1824
259 278
259 297
259 315
259 643
259 673
259 1215
260 833
260 892
260 1074
260 1304
260 1360
260 1586
260 1725
260 1755
261 271
261 765
261 1682
261 1693
262 1267
262 1502
262 1633
262 1654
262 1724
263 267
263 483
263 617
263 637
263 756
263 1472
263 1700
264 272
264 548
264 1477
264 1814
264 1901
265 301
265 540
265 769
265 914
265 1419
265 1421
265 1444
265 1553
265 1754
265 1962
266 316
266 357
266 472
266 638
266 1453
266 1486
266 1835
266 1850
267 267
267 408
267 1951
268 347
268 713
268 961
268 976
268 1022
268 1661
269 1184
269 1273
269 1809
269 1919
270 307
270 513
270 625
270 976
270 1025
270 1189
270 1676
270 1696
270 1944
271 409
271 682
271 726
271 811
271 1229
271 1534
271 1586
272 614
272 701
272 746
272 1107
272 1194
272 1362
272 1370
273 1022
273 1140
273 1191
273 1301
273 1778
274 1196
274 1413
274 1484
274 1789
274 1791
274 1860
274 1987
275 485
275 963
275 1364
275 1569
275 1821
275 1876
276 754
276 1324
276 1825
277 1099
277 1246
277 1320
277 1322
277 1790
278 602
278 681
278 722
278 757
278 1455
278 1480
278 1678
278 1809
279 780
279 907
279 1579
279 1888
279 1996
280 617
280 780
280 887
280 1502
280 1923
281 291
281 390
281 573
281 671
281 1129
281 1194
281 1262
281 1356
281 1941
282 609
282 1483
282 1498
282 1536
282 1738
282 1848
282 1919
283 455
283 475
283 1311
283 1482
283 1638
284 438
284 908
284 1557
285 623
285 848
285 998
285 1018
285 1070
286 489
286 600
286 820
286 1152
286 1477
286 1918
287 543
287 1514
287 1833
288 332
288 1082
288 1109
288 1209
288 1283
288 1868
289 321
289 1872
289 1907
289 1991
290 301
290 341
290 1121
290 1160
290 1436
290 1577
290 1684
291 747
291 965
291 1299
291 1318
291 1386
291 1990
291 1997
292 407
292 418
292 567
292 598
292 811
292 966
292 1017
292 1052
292 1381
292 1497
293 1635
294 552
294 679
294 981
294 1134
294 1239
294 1357
294 1620
294 1727
294 1885
295 371
295 385
295 422
295 752
295 858
295 1500
295 1693
295 1818
295 1831
296 551
296 632
296 1577
296 1620
296 1638
296 1663
296 1779
297 583
297 907
297 951
297 1252
297 1486
297 1542
298 448
298 714
298 801
298 813
298 1405
298 1555
298 1572
299 695
299 699
299 841
299 1420
299 1618
299 1784
299 1867
300 380
300 602
300 1073
300 1309
300 1514
300 1764
301 331
301 358
301 1067
301 1158
301 1179
301 1337
301 1679
301 1685
302 362
302 394
302 520
302 621
302 789
302 1009
302 1481
302 1579
303 728
303 1772
303 1883
304 484
304 934
304 1249
304 1306
304 1390
304 1637
304 1687
305 592
305 1205
305 1790
305 1928
305 1956
305 1959
306 483
306 943
306 1099
306 1119
306 1821
307 633
307 1052
308 364
308 529
308 622
308 807
308 904
308 1042
308 1854
308 1977
309 569
309 613
309 632
309 675
309 830
309 1102
309 1528
309 1687
309 1690
309 1784
309 1913
309 1946
310 436
310 508
310 528
310 913
310 969
310 1238
310 1465
310 1782
310 1988
311 384
311 1043
311 1202
311 1601
311 1616
311 1674
311 1993
312 469
312 487
312 673
312 747
312 1036
312 1060
312 1335
312 1407
312 1584
312 1692
313 549
313 773
313 1034
313 1098
313 1381
313 1530
313 1994
314 498
314 572
314 869
314 962
314 1466
314 1583
315 672
315 899
315 1091
315 1103
315 1151
315 1318
315 1371
315 1487
315 1772
316 499
316 673
316 1466
316 1613
317 629
317 1658
317 1671
317 1776
318 834
318 1076
319 600
319 771
319 944
319 1031
319 1126
319 1207
319 1741
319 1787
319 1978
320 381
320 539
320 572
320 901
320 1217
320 1334
320 1543
320 1668
321 466
321 467
321 1045
321 1091
321 1478
321 1762
321 1767
322 373
322 433
322 509
322 929
322 1118
322 1264
322 1454
322 1524
322 1938
323 440
323 445
323 505
323 702
323 858
323 1322
323 1432
323 1868
323 1881
324 469
324 501
324 656
324 931
324 1343
324 1549
324 1989
325 636
325 937
325 944
325 1046
325 1321
325 1427
325 1465
325 1714
325 1902
325 1903
326 465
326 484
326 712
326 866
326 890
327 347
327 364
327 383
327 461
327 1146
327 1178
327 1251
327 1588
328 445
328 986
328 1309
328 1454
328 1499
328 1798
328 1849
329 342
329 389
329 538
329 1205
329 1356
329 1603
329 1648
329 1901
330 351
330 453
330 486
330 612
330 1339
330 1577
331 386
331 431
331 457
331 584
331 641
331 1062
331 1097
331 1158
331 1248
332 566
332 798
332 1117
332 1185
332 1323
332 1620
333 357
333 364
333 619
333 817
333 1415
334 349
334 430
334 608
334 635
334 903
334 1132
334 1274
334 1312
334 1360
334 1601
334 1747
334 1777
335 419
335 594
335 615
335 707
335 849
335 1047
336 349
336 720
336 821
336 1009
337 503
337 575
337 595
337 741
337 952
337 1082
337 1133
337 1709
337 1819
338 516
338 969
338 1317
338 1427
338 1786
339 513
339 558
339 647
339 763
339 1184
339 1361
339 1457
339 1668
340 370
340 738
340 871
340 1160
340 1264
340 1273
340 1616
340 1628
340 1819
341 946
341 1042
341 1072
341 1107
341 1265
341 1349
342 526
342 1036
342 1801
343 928
343 1159
343 1251
343 1376
343 1746
343 1789
343 1903
343 1921
343 1975
344 354
344 622
344 1022
344 1357
344 1533
344 1718
344 1944
345 371
345 545
345 561
345 611
345 878
345 903
345 990
345 1018
345 1021
345 1528
345 1798
345 1811
345 1894
346 395
346 480
346 548
346 935
346 1147
346 1729
346 1805
346 1892
346 1931
346 1993
347 429
347 1696
347 1948
348 480
348 484
348 872
348 896
348 898
348 991
348 1081
348 1255
348 1360
348 1700
348 1899
349 358
349 624
349 723
349 770
349 869
349 963
349 1144
349 1416
349 1725
349 1992
350 387
350 389
350 480
350 528
350 586
350 921
350 1539
350 1558
350 1713
350 1832
350 1948
351 377
351 1892
352 355
352 1226
352 1405
353 1041
353 1167
353 1278
353 1308
353 1583
353 1673
353 1765
353 1786
354 354
354 1132
354 1526
354 1534
354 1640
355 1095
355 1263
355 1340
355 1381
355 1534
355 1761
355 1786
355 1929
356 807
356 874
356 917
356 1500
356 1585
356 1982
357 514
357 1124
357 1386
357 1521
358 733
358 1115
358 1571
358 1619
359 1276
359 1521
359 1749
360 400
360 434
360 690
360 706
360 718
360 721
360 1010
360 1441
360 1901
361 390
361 938
361 1405
361 1531
361 1766
361 1772
361 1784
361 1812
361 1815
362 590
362 810
362 907
362 1897
362 1945
363 555
363 726
363 775
363 894
363 1016
363 1141
363 1191
364 735
364 1040
364 1188
364 1232
364 1483
364 1508
364 1593
364 1734
365 553
365 652
365 796
365 883
365 1276
365 1311
365 1684
365 1766
366 476
366 491
366 498
366 512
366 949
366 1296
366 1455
366 1827
366 1828
366 1849
367 729
367 1711
368 794
368 1011
368 1193
368 1303
368 1877
368 1987
369 413
369 615
369 947
369 1735
369 1917
369 1984
370 610
370 715
370 860
370 1712
370 1995
371 969
371 1089
371 1337
371 1525
371 1641
371 1738
371 1776
372 411
372 571
372 844
372 873
372 1055
372 1748
372 1800
372 1837
372 1888
373 518
373 733
373 1274
373 1278
374 910
374 1101
374 1153
374 1490
375 448
375 955
375 1832
376 788
376 887
376 1053
376 1381
376 1399
376 1686
376 1733
376 1959
376 1964
377 543
377 1194
377 1383
377 1536
377 1682
377 1814
377 1956
378 960
378 1103
378 1161
378 1379
378 1683
378 1742
378 1853
379 669
379 1542
379 1623
380 813
380 839
380 1342
380 1628
381 396
381 1141
381 1195
381 1750
381 1939
382 904
382 1125
382 1375
382 1449
382 1776
382 1798
383 529
383 1292
383 1465
384 512
384 536
384 933
384 1739
384 1795
385 832
385 1863
385 1933
386 804
386 1366
386 1729
386 1912
386 1995
387 440
387 742
387 967
387 1085
387 1324
387 1387
387 1747
388 446
388 700
388 723
388 958
388 998
388 1108
388 1172
388 1185
388 1950
389 961
389 985
389 1870
389 1992
390 398
390 561
390 1289
390 1585
390 1917
390 1929
391 563
391 735
391 868
391 999
391 1401
391 1903
392 853
392 983
392 991
392 1766
393 434
393 440
393 453
393 509
393 1174
393 1328
393 1332
393 1587
393 1642
393 1969
394 415
394 721
394 767
394 851
394 1160
394 1240
394 1640
394 1830
394 1935
395 1926
396 452
396 670
396 1032
396 1102
396 1134
396 1199
396 1297
396 1425
396 1887
396 1921
397 1066
397 1712
398 614
398 736
398 907
398 1128
398 1200
398 1282
398 1288
399 462
399 687
399 900
399 1028
399 1484
400 814
400 1194
400 1891
401 709
401 975
401 1115
401 1962
402 453
402 863
402 1156
402 1206
402 1360
402 1552
402 1919
403 703
403 798
403 845
403 975
403 1123
403 1362
403 1704
403 1847
403 1935
404 694
404 1286
404 1890
405 473
405 675
405 1119
405 1382
405 1933
406 456
406 1506
407 1156
407 1212
407 1214
407 1405
407 1688
407 1730
407 1912
407 1945
408 577
408 1023
408 1093
408 1135
408 1249
408 1399
408 1791
409 738
409 831
409 1657
409 1721
410 572
410 619
410 780
410 1093
410 1377
410 1769
410 1794
411 417
411 441
411 727
411 1050
411 1528
412 549
412 677
412 815
412 896
412 1465
412 1715
413 876
413 1607
414 457
414 497
414 809
414 1483
414 1610
414 1769
415 630
415 638
415 765
415 1023
415 1173
415 1234
415 1305
415 1480
415 1904
415 1921
416 506
416 520
416 789
416 1125
416 1335
417 553
417 761
417 951
417 986
417 1076
417 1363
417 1511
417 1667
418 586
418 762
418 959
418 1354
418 1401
418 1892
419 449
419 1409
419 1490
419 1586
420 577
420 905
420 1174
420 1297
420 1771
420 1871
420 1924
421 606
421 938
421 1027
421 1098
421 1720
421 1801
421 1880
421 1889
422 637
422 840
422 859
422 1199
422 1652
422 1680
422 1683
422 1744
423 896
423 1040
423 1488
423 1613
423 1747
423 1816
424 805
424 906
424 1036
424 1289
424 1538
424 1551
424 1887
424 1905
425 561
425 771
425 1034
425 1969
426 586
426 772
426 967
426 991
426 1019
426 1022
426 1526
426 1546
426 1676
426 1751
426 1927
427 619
427 1222
427 1743
428 505
428 548
428 929
428 964
428 968
428 1423
428 1540
428 1727
429 447
429 656
429 737
429 1054
429 1237
429 1343
429 1526
430 554
430 1159
430 1207
430 1433
430 1714
430 1784
430 1843
431 473
431 700
431 754
431 1070
431 1261
431 1311
431 1455
431 1895
431 1928
432 570
432 749
432 796
432 932
432 1347
432 1482
432 1498
432 1625
432 1775
433 481
433 723
433 974
433 1084
433 1229
433 1450
434 722
434 750
434 753
434 907
434 1119
435 685
435 813
435 990
435 1044
435 1157
435 1164
435 1366
435 1599
436 523
436 528
436 1047
436 1601
436 1696
437 714
437 866
437 1034
437 1684
437 1811
437 1937
438 472
438 661
438 689
438 692
438 730
438 775
438 888
438 1123
438 1129
438 1221
438 1542
438 1805
438 1822
438 1833
439 470
439 641
439 660
439 821
439 1118
439 1506
439 1699
439 1846
440 679
440 959
440 1485
440 1888
441 497
441 540
441 956
441 1337
441 1395
441 1473
441 1858
442 695
442 736
442 1050
442 1151
442 1184
442 1331
442 1946
443 513
443 528
443 551
443 590
443 954
443 1628
443 1991
444 502
444 537
444 543
444 705
444 1012
444 1044
445 665
445 699
445 834
445 1002
445 1351
445 1478
445 1600
445 1700
445 1720
445 1812
445 1900
446 616
446 954
446 1012
446 1086
446 1301
446 1323
446 1506
446 1701
446 1894
447 1088
447 1103
447 1265
447 1309
447 1967
448 495
448 593
448 686
448 745
448 796
448 1460
448 1849
449 772
449 840
449 890
450 482
450 519
450 724
450 820
450 882
450 1108
450 1241
450 1322
450 1922
451 454
451 564
451 581
451 701
451 918
451 959
451 1132
451 1239
451 1367
451 1386
451 1456
451 1940
452 797
452 1197
452 1226
452 1427
452 1585
452 1944
453 682
453 958
453 1003
453 1457
453 1718
454 1268
454 1465
454 1564
454 1686
454 1902
455 572
455 957
455 1368
455 1488
455 1576
455 1647
455 1999
456 660
456 1503
456 1531
456 1747
456 1973
457 472
457 476
457 522
457 765
457 1102
457 1278
457 1363
457 1558
457 1653
457 1982
457 1984
458 570
458 647
458 1020
458 1311
458 1452
458 1524
458 1663
458 1851
458 1957
459 681
459 1226
459 1463
459 1618
460 481
460 622
460 844
460 960
460 1198
460 1315
460 1479
460 1682
461 577
461 1087
461 1848
461 1990
462 972
462 1077
462 1525
462 1756
462 1782
463 506
463 1289
463 1724
464 946
464 1026
464 1030
464 1111
464 1529
464 1647
465 602
465 791
465 807
465 1124
465 1272
465 1461
465 1522
465 1959
466 607
466 775
466 1331
466 1739
467 1140
467 1427
467 1512
468 626
468 638
468 837
468 970
468 1229
468 1626
468 1742
468 1937
469 515
469 740
469 776
469 1345
469 1417
469 1497
470 484
470 756
470 958
470 1201
470 1275
470 1509
470 1631
470 1878
470 1908
471 495
471 715
471 998
471 1284
471 1296
472 599
472 707
472 763
472 862
472 1075
472 1247
472 1394
472 1621
472 1907
473 669
473 820
473 1254
473 1688
474 601
474 1624
474 1807
474 1930
475 630
475 956
475 1212
475 1344
475 1463
475 1523
475 1571
476 713
476 866
476 968
476 1107
476 1912
477 493
477 668
477 865
477 1874
477 1983
478 942
478 1089
478 1090
478 1644
479 636
479 669
479 770
479 842
479 1125
479 1178
479 1195
479 1981
480 689
480 765
480 1241
480 1772
480 1908
481 903
481 1451
481 1916
482 1072
482 1322
482 1474
482 1573
483 504
483 631
483 663
483 889
483 1168
483 1417
483 1678
483 1748
483 1897
484 561
484 1628
484 1885
484 1906
485 1202
485 1316
485 1383
485 1529
486 567
486 593
486 601
486 757
486 1398
486 1470
486 1496
486 1999
487 783
487 789
487 1565
487 1937
487 1942
488 946
488 1128
488 1198
488 1208
488 1451
488 1518
488 1809
489 586
489 750
489 1013
489 1509
489 1718
489 1719
489 1985
490 1043
490 1293
490 1885
491 825
491 1334
492 692
492 736
492 847
492 984
492 1195
492 1219
492 1986
493 1133
493 1413
493 1712
493 1764
494 509
494 705
494 1064
494 1282
494 1960
495 726
495 819
495 846
495 849
495 991
495 1296
495 1385
495 1413
495 1951
495 1963
496 841
496 964
496 1193
496 1250
496 1612
496 1616
496 1761
496 1862
497 524
497 708
497 796
497 854
497 949
497 1317
497 1595
498 766
498 1004
498 1438
498 1846
499 653
499 683
499 966
499 1281
499 1666
499 1730
499 1964
500 637
500 713
500 773
500 1546
500 1628
500 1890
501 802
501 963
501 988
501 1075
501 1124
501 1546
501 1803
501 1901
502 1093
503 586
503 632
503 905
503 1515
503 1677
503 1845
504 576
504 955
504 969
504 996
504 1087
504 1325
504 1619
504 1990
505 531
505 655
505 1478
506 1013
506 1092
506 1161
506 1231
506 1760
507 712
507 1662
507 1797
508 620
508 1123
508 1800
509 564
509 860
509 1202
509 1858
510 694
510 1191
510 1649
510 1842
511 1369
511 1646
511 1674
511 1677
511 1753
511 1884
512 771
512 833
512 1029
513 794
513 843
513 1268
513 1551
513 1901
514 653
514 781
514 1216
514 1475
514 1794
514 1814
515 639
515 835
515 1249
515 1632
515 1841
516 701
516 773
516 1206
516 1361
516 1546
516 1750
516 1796
516 1946
517 1346
517 1353
517 1779
517 1842
518 605
518 630
518 665
518 811
518 1353
519 849
519 1073
519 1324
519 1354
519 1410
519 1644
519 1705
520 601
520 734
520 1021
520 1356
520 1655
520 1851
521 529
521 537
521 1220
521 1882
522 639
522 1044
522 1159
522 1389
522 1599
522 1770
522 1828
522 1953
523 545
523 857
523 1411
524 684
525 586
525 927
525 1550
525 1643
525 1667
525 1761
526 948
526 1116
526 1454
526 1977
527 562
527 608
527 871
527 1103
527 1373
527 1525
527 1543
527 1697
528 570
528 662
528 677
528 1369
528 1655
529 686
529 812
529 902
529 1011
529 1054
529 1132
529 1184
529 1279
529 1308
529 1347
529 1415
529 1695
529 1769
529 1779
529 1895
530 597
530 809
530 1280
531 637
531 659
531 756
531 1084
531 1117
531 1128
532 533
532 632
532 698
532 1126
532 1191
532 1317
533 841
533 852
533 1160
533 1519
534 1230
534 1363
534 1364
535 781
535 1034
535 1773
536 1095
536 1530
537 757
537 886
537 922
537 981
537 1026
537 1243
537 1424
537 1580
538 1250
538 1599
538 1601
538 1717
539 1111
539 1133
539 1647
539 1902
540 667
540 922
540 1372
541 741
541 835
541 991
541 1081
541 1171
541 1285
541 1747
541 1981
542 636
542 1359
543 581
543 833
543 953
543 1121
543 1436
543 1659
543 1741
544 569
544 913
544 1116
544 1148
544 1683
544 1832
544 1964
545 1016
545 1129
546 1237
546 1600
547 651
547 1063
547 1298
547 1510
547 1879
548 566
548 595
548 1018
548 1146
548 1153
548 1248
548 1303
548 1377
549 585
549 642
549 1186
549 1221
549 1893
550 1012
550 1144
551 1172
551 1582
552 561
552 745
552 978
552 1126
552 1284
552 1660
552 1905
553 597
553 630
553 1063
553 1854
554 642
554 824
554 1632
554 1633
554 1936
555 633
555 635
555 771
555 991
555 1094
556 829
556 1496
556 1574
556 1710
556 1990
557 1026
557 1554
557 1693
557 1696
557 1857
557 1899
558 672
558 937
558 1136
558 1853
559 914
559 1288
560 819
560 865
560 1564
560 1958
561 769
561 924
561 1120
562 582
562 861
562 1227
562 1307
562 1517
563 816
563 854
563 965
563 1082
563 1310
564 612
564 677
564 749
564 751
564 1032
564 1255
564 1467
564 1737
565 964
565 1004
565 1008
565 1622
565 1959
566 1137
566 1766
566 1792
567 718
567 1195
567 1788
567 1859
567 1903
567 1943
568 1262
569 753
569 1071
569 1325
569 1581
569 1819
570 720
570 836
570 1102
570 1391
570 1868
571 894
571 1316
572 634
572 830
572 967
572 1137
572 1573
572 1765
573 660
573 715
573 941
573 1164
573 1281
573 1360
573 1663
573 1871
573 1957
573 1959
574 637
574 774
574 1064
574 1403
574 1798
575 799
575 1058
575 1130
575 1536
575 1633
575 1915
576 612
576 722
576 1116
576 1146
576 1238
576 1470
576 1803
576 1889
577 670
577 1072
577 1314
577 1827
578 1712
578 1723
578 1913
579 629
579 642
579 687
579 862
579 1013
579 1290
579 1513
579 1666
579 1854
580 949
580 1227
580 1436
581 644
581 793
581 1078
582 1050
582 1111
582 1381
582 1788
583 793
583 801
583 882
583 1317
583 1352
583 1505
583 1567
583 1651
583 1805
583 1970
584 647
584 664
584 867
584 1380
585 788
585 1468
585 1609
585 1950
586 1586
586 1727
586 1906
586 1911
587 1246
587 1252
587 1951
587 1958
587 1997
588 660
588 756
588 1136
588 1931
588 1979
589 1107
590 696
590 803
590 1316
590 1596
590 1821
590 1906
591 1392
591 1485
591 1886
592 853
592 1041
592 1503
592 1549
592 1583
592 1924
593 827
593 1331
593 1473
593 1478
593 1559
593 1805
593 1896
594 718
594 801
594 881
594 962
594 1087
594 1640
594 1723
595 1587
596 612
596 800
596 1031
596 1171
596 1527
597 628
597 1137
597 1152
597 1217
597 1604
597 1676
597 1730
597 1779
597 1938
598 609
598 1379
598 1597
599 1078
599 1485
600 1347
600 1475
600 1927
601 733
601 965
601 988
601 1082
601 1102
601 1124
601 1629
601 1896
602 645
602 790
602 1126
602 1770
602 1852
603 1738
604 751
604 764
604 997
604 1028
604 1167
604 1434
604 1728
604 1949
605 1079
605 1282
605 1509
605 1841
606 795
606 939
606 968
606 1494
606 1660
607 622
607 718
607 741
607 1107
607 1244
607 1612
607 1746
608 683
608 1218
608 1438
608 1999
609 662
609 1144
609 1285
609 1387
609 1416
609 1669
609 1712
609 1802
609 1896
610 723
610 787
610 1315
610 1401
610 1803
610 1859
611 710
611 833
611 970
611 1357
611 1479
611 1497
611 1503
612 687
612 1091
612 1102
612 1119
612 1122
612 1430
612 1948
613 697
613 698
613 806
613 844
613 904
613 1220
613 1366
613 1391
613 1412
613 1470
613 1561
613 1603
613 1925
614 735
614 828
614 973
614 1278
614 1384
614 1413
614 1714
615 1287
615 1556
615 1645
615 1647
615 1712
615 1782
615 1798
615 1871
616 616
616 656
616 733
616 1472
616 1725
616 1835
616 1841
616 1848
616 1976
616 1995
617 694
617 952
617 1179
617 1395
617 1782
617 1931
618 795
618 860
618 1242
618 1385
618 1515
618 1650
618 1680
618 1831
619 748
619 808
619 890
619 1015
619 1024
619 1053
619 1236
619 1542
619 1704
620 848
620 1337
620 1434
620 1457
620 1968
621 695
621 1333
621 1352
621 1362
621 1467
621 1999
622 1077
622 1137
622 1350
623 644
623 889
623 959
623 1690
624 954
624 1058
624 1333
624 1449
624 1489
624 1539
624 1671
624 1707
624 1876
625 638
625 851
625 942
626 997
626 1132
627 782
627 820
627 993
627 1001
627 1168
627 1695
627 1948
628 768
628 1025
628 1120
628 1742
628 1749
628 1779
629 641
629 1194
630 772
630 1125
630 1805
631 1636
631 1908
632 775
632 1074
632 1793
632 1875
633 1041
633 1345
633 1432
633 1910
634 833
634 1069
634 1269
634 1658
635 979
635 1448
635 1596
635 1616
635 1736
636 650
636 838
636 961
636 1074
636 1086
636 1520
637 679
637 1231
637 1928
637 1958
638 710
638 1357
638 1693
638 1704
639 852
639 1193
639 1277
639 1793
639 1908
639 1982
640 1017
640 1714
640 1799
640 1804
641 841
641 1330
641 1383
642 681
642 895
642 1253
642 1516
642 1718
643 905
643 1148
643 1741
644 868
644 1571
644 1594
645 794
645 883
645 943
645 1042
645 1062
645 1076
645 1212
646 1007
646 1093
646 1177
646 1656
646 1910
646 1971
647 1132
647 1144
647 1170
647 1213
647 1337
647 1670
647 1893
648 681
648 957
648 1121
648 1191
648 1790
648 1825
648 1863
649 732
649 919
649 1097
649 1341
649 1478
649 1528
649 1603
649 1685
650 900
650 937
650 1051
650 1161
650 1172
650 1437
650 1460
650 1514
651 1282
651 1382
651 1463
651 1609
652 846
652 874
652 877
652 1023
652 1530
652 1668
652 1807
652 1946
653 664
653 707
653 777
653 929
653 957
653 960
653 1083
653 1285
654 701
654 899
654 1018
654 1160
654 1481
654 1526
654 1620
655 1203
655 1278
655 1285
655 1292
655 1545
655 1574
655 1592
655 1882
655 1998
656 1215
656 1254
656 1498
656 1523
656 1536
656 1664
656 1885
657 747
657 899
657 985
657 1624
658 782
658 934
658 1298
658 1369
658 1406
658 1587
658 1818
659 666
659 834
659 1782
660 1051
660 1391
660 1452
660 1591
660 1721
660 1847
660 1933
661 735
661 1431
661 1716
661 1855
661 1986
662 1305
662 1617
662 1631
662 1697
662 1711
662 1768
662 1817
663 926
663 935
663 1148
663 1383
663 1394
663 1447
663 1722
663 1868
663 1933
664 1531
664 1713
665 1318
665 1358
665 1919
666 741
666 929
666 1015
666 1464
666 1660
666 1703
666 1744
666 1775
666 1841
667 1878
668 893
668 1172
668 1225
668 1353
668 1748
668 1946
669 1707
670 849
670 1399
670 1426
670 1495
670 1515
671 763
671 818
671 1025
671 1221
671 1778
671 1837
671 1844
672 729
672 991
672 1035
672 1259
672 1415
672 1756
672 1777
673 1075
673 1203
673 1459
674 992
674 1439
674 1865
675 927
675 1009
675 1148
675 1404
675 1405
675 1453
676 733
676 990
676 1459
676 1857
677 751
677 882
677 1198
677 1341
677 1813
678 1079
678 1113
678 1825
678 1879
678 1986
679 722
679 999
679 1545
680 727
680 1031
680 1141
681 1166
681 1421
681 1697
681 1835
682 811
682 966
682 1063
682 1304
682 1866
682 1884
682 1953
683 1692
683 1824
684 922
684 940
684 1719
684 1723
685 772
685 848
685 1153
685 1336
685 1702
685 1838
686 724
686 1308
686 1347
686 1460
686 1597
686 1746
687 875
687 930
687 1324
687 1846
688 885
688 933
688 1111
688 1300
688 1328
688 1331
688 1407
688 1767
688 1816
688 1947
688 1955
688 1980
688 1994
689 868
689 1086
689 1102
689 1258
689 1374
689 1410
689 1701
690 1025
690 1063
690 1395
690 1584
690 1674
691 1407
691 1436
691 1460
691 1750
691 1988
692 1105
692 1322
692 1520
692 1539
692 1729
693 1392
693 1735
693 1750
693 1847
694 695
694 752
694 1571
694 1582
694 1665
694 1989
695 887
695 891
695 948
695 1024
695 1045
695 1917
696 967
696 1327
696 1518
697 750
697 1382
697 1530
697 1531
697 1759
697 1933
698 848
698 1088
698 1797
698 1990
699 782
699 915
699 1271
699 1538
699 1998
700 783
700 1545
700 1886
700 1946
701 791
701 958
701 1449
701 1592
701 1615
701 1743
702 1018
702 1149
702 1791
702 1846
702 1961
703 1102
703 1122
703 1598
703 1599
703 1706
704 1045
704 1126
704 1740
704 1748
704 1982
705 1299
705 1792
706 1269
707 956
707 1130
707 1410
707 1914
708 858
708 1293
708 1476
708 1726
708 1751
708 1815
709 1130
709 1147
709 1538
710 736
710 790
710 881
710 1128
710 1209
710 1941
710 1948
711 1067
711 1157
711 1478
711 1859
712 864
712 930
712 1362
712 1363
712 1626
712 1681
712 1891
713 734
713 782
713 850
713 1013
713 1246
713 1337
713 1732
714 802
714 864
714 1003
714 1011
714 1025
714 1043
714 1245
715 734
715 903
715 925
715 973
715 1033
715 1190
715 1315
715 1598
715 1711
716 946
717 1075
717 1676
717 1731
718 1118
718 1809
719 852
719 892
719 1196
719 1373
719 1435
719 1888
720 1066
720 1398
720 1414
721 998
721 1362
721 1481
721 1748
721 1765
722 1380
722 1564
723 770
723 836
723 1121
723 1382
723 1383
723 1572
723 1633
723 1910
724 862
724 1341
724 1379
724 1431
724 1610
724 1761
725 890
725 1243
725 1598
725 1769
726 753
726 881
726 1739
727 1185
727 1318
727 1386
728 979
728 1034
728 1049
728 1206
728 1212
728 1333
728 1363
728 1497
729 1452
729 1852
729 1900
730 1068
730 1224
730 1319
730 1463
730 1580
730 1875
730 1926
731 867
731 872
731 953
731 1087
731 1479
731 1703
731 1788
732 1584
733 1103
733 1116
733 1662
733 1829
733 1846
734 1299
734 1970
735 1252
735 1394
735 1526
735 1911
735 1933
736 1219
736 1355
736 1542
736 1588
736 1888
737 771
737 1180
737 1590
737 1776
738 752
738 769
738 1588
738 1702
739 906
739 946
739 1082
739 1266
739 1361
739 1481
739 1818
740 780
740 917
740 999
740 1059
740 1393
741 785
741 999
741 1307
741 1719
741 1729
741 1754
741 1861
742 1196
742 1392
742 1510
742 1636
742 1670
742 1720
742 1898
742 1937
742 1942
742 1988
743 1039
743 1400
743 1700
744 1100
744 1447
744 1632
744 1712
744 1967
745 803
745 1056
745 1713
745 1726
746 830
746 1390
746 1391
746 1431
746 1680
746 1702
746 1906
747 884
747 974
747 1042
747 1347
747 1409
747 1508
747 1583
747 1804
748 1082
748 1146
748 1198
748 1256
748 1790
749 1118
749 1376
749 1386
749 1456
749 1610
750 946
750 988
750 1965
750 1981
751 1338
751 1620
752 968
752 1003
752 1210
752 1219
752 1237
752 1273
752 1281
752 1461
752 1575
753 1241
753 1447
753 1512
753 1585
753 1770
754 946
754 954
754 1355
754 1385
754 1404
754 1520
754 1588
754 1684
754 1878
755 897
755 982
755 1597
755 1822
756 757
756 1016
756 1278
756 1304
756 1352
756 1538
756 1586
756 1668
756 1715
756 1736
756 1819
757 831
757 899
757 1979
758 1246
758 1346
758 1513
758 1647
759 832
759 906
759 967
759 1408
759 1518
759 1593
759 1651
759 1756
759 1771
759 1946
760 829
760 987
760 1229
761 1081
761 1226
761 1307
761 1321
762 958
762 1458
762 1679
762 1719
763 1168
763 1197
763 1405
763 1664
763 1705
763 1964
764 1394
764 1438
764 1746
764 1848
764 1937
765 899
765 1073
765 1396
765 1510
765 1590
766 949
766 1266
766 1368
766 1400
766 1675
766 1711
766 1873
766 1953
767 808
767 1700
767 1762
767 1815
767 1821
768 1016
768 1201
768 1358
768 1927
768 1931
769 1100
769 1296
769 1389
769 1669
769 1671
769 1885
769 1989
770 853
770 872
770 1051
770 1503
770 1534
770 1736
770 1939
771 1388
771 1545
771 1611
771 1784
772 871
772 1075
772 1232
772 1341
772 1585
772 1649
773 1142
773 1965
774 1111
774 1160
774 1627
774 1740
774 1783
774 1989
775 1093
775 1253
775 1570
775 1735
776 964
776 1136
776 1334
776 1556
776 1786
776 1996
777 1109
777 1185
777 1415
777 1967
778 1197
778 1280
778 1314
778 1324
778 1390
778 1540
778 1734
779 990
779 1651
779 1869
779 1961
779 1978
780 844
780 1041
780 1170
780 1193
780 1858
781 1409
781 1725
782 806
782 863
782 1698
783 863
783 1463
783 1692
784 810
784 1011
784 1038
784 1167
784 1302
784 1347
784 1669
784 1856
784 1994
785 788
785 955
785 1252
785 1330
785 1767
785 1800
786 1189
786 1234
786 1380
786 1398
786 1652
786 1880
787 849
787 1077
787 1487
787 1594
787 1692
788 1010
788 1328
788 1637
788 1713
789 1745
790 849
790 1248
790 1296
790 1908
791 972
791 1043
791 1329
791 1404
791 1826
792 813
792 1249
792 1387
792 1592
792 1709
792 1960
793 1031
793 1180
793 1207
793 1891
793 1985
794 874
794 1062
794 1141
794 1195
794 1580
794 1619
794 1818
795 1223
795 1251
795 1254
795 1763
795 1769
795 1800
795 1974
795 1997
796 903
796 1325
796 1385
796 1973
797 939
797 975
797 1076
797 1540
797 1839
797 1953
798 837
798 1213
798 1561
798 1690
798 1850
799 1026
799 1877
800 1235
800 1236
800 1305
800 1385
800 1516
800 1522
800 1950
801 1223
801 1571
801 1686
801 1700
801 1794
801 1910
802 885
802 940
802 1082
802 1311
802 1819
803 1024
803 1096
803 1498
803 1976
804 1299
804 1335
805 1021
805 1307
805 1795
806 1429
806 1529
806 1712
806 1756
806 1777
807 1500
808 1383
808 1419
808 1808
809 1295
809 1504
809 1605
810 1627
811 829
811 988
811 1092
811 1453
811 1974
812 823
812 1274
812 1389
812 1524
812 1783
812 1912
813 926
813 1646
813 1893
813 1962
813 1992
814 904
814 1087
814 1202
814 1699
815 890
815 1282
815 1516
815 1569
816 1288
816 1558
816 1945
817 1371
817 1579
817 1582
818 908
818 1270
818 1310
818 1729
818 1767
818 1840
819 1444
819 1583
819 1590
819 1919
820 1459
821 878
821 908
821 960
821 1022
821 1232
821 1666
822 872
822 1108
822 1405
822 1532
822 1996
823 1091
823 1109
823 1114
823 1377
823 1499
823 1615
824 837
824 1625
824 1640
824 1839
825 1047
825 1072
825 1306
825 1768
825 1879
826 1039
826 1320
826 1329
826 1482
826 1617
827 981
827 1154
827 1916
828 898
828 1217
828 1417
829 1122
829 1160
829 1163
829 1843
830 1013
830 1207
830 1878
831 1157
831 1659
832 841
832 1117
832 1245
832 1526
832 1603
832 1714
832 1746
833 838
833 1829
833 1845
834 1361
834 1924
835 924
835 1167
835 1562
835 1784
835 1827
835 1942
836 1039
836 1149
836 1340
836 1471
836 1635
836 1916
837 884
837 1020
837 1054
837 1167
837 1340
837 1378
837 1554
837 1648
837 1739
838 1070
838 1082
838 1143
838 1190
838 1466
838 1605
838 1978
839 844
839 1063
839 1587
839 1632
840 1616
841 856
841 860
841 1197
841 1608
841 1664
842 856
842 1075
842 1382
842 1732
842 1897
843 1066
843 1295
843 1416
843 1875
844 1291
844 1303
844 1312
844 1353
845 933
845 1586
845 1793
846 990
846 1198
846 1476
846 1500
846 1713
846 1809
846 1829
846 1914
847 854
847 1033
847 1102
847 1718
847 1853
848 998
848 1266
848 1621
849 1126
849 1179
849 1459
849 1962
850 1600
850 1846
850 1858
850 1875
851 1103
851 1211
851 1477
851 1527
851 1538
851 1610
851 1840
851 1904
852 869
852 1321
852 1546
852 1577
853 1042
853 1575
854 976
854 1077
854 1760
854 1870
854 1982
855 925
855 1505
856 1353
857 1347
857 1551
858 1014
858 1342
858 1532
858 1670
858 1833
858 1878
859 1303
859 1974
860 943
860 1206
860 1327
860 1383
860 1463
860 1548
860 1606
860 1690
860 1824
861 1379
861 1728
861 1807
861 1882
861 1919
862 886
862 1001
862 1247
863 1178
863 1356
863 1437
863 1480
863 1929
864 1132
864 1275
865 938
865 1092
865 1435
865 1704
866 919
866 968
866 1733
866 1983
867 1391
867 1839
868 914
868 1651
868 1800
868 1926
869 1234
869 1950
870 936
870 1051
870 1862
871 1033
871 1259
871 1264
871 1600
871 1695
871 1699
871 1906
872 950
872 1118
872 1280
872 1354
872 1415
872 1658
873 1004
873 1305
873 1539
873 1752
873 1796
874 959
874 1669
874 1751
874 1901
874 1994
875 964
875 975
875 1155
875 1675
875 1879
875 1913
875 1923
876 1050
876 1494
876 1508
876 1666
876 1940
876 1997
877 1107
877 1369
877 1440
877 1495
877 1795
877 1932
878 922
878 1247
878 1555
878 1708
878 1763
878 1945
879 904
879 921
879 1151
879 1649
879 1737
879 1972
880 951
880 988
880 1107
880 1516
881 896
881 1486
882 1159
882 1307
882 1485
882 1519
882 1784
882 1831
882 1834
883 1124
883 1324
884 1477
884 1484
884 1595
884 1792
885 945
885 965
885 1332
885 1393
885 1528
886 1485
886 1778
887 946
887 966
887 1415
887 1504
887 1588
887 1800
887 1847
887 1849
888 1088
888 1247
888 1296
888 1428
889 1091
889 1498
889 1662
890 1314
890 1735
890 1779
890 1823
891 970
891 1588
891 1951
892 894
893 1893
894 1791
895 1291
895 1334
895 1345
895 1979
896 1338
896 1376
897 1253
897 1517
897 1810
898 1089
898 1421
898 1837
898 1904
899 987
899 1160
899 1352
899 1574
899 1585
899 1592
899 1909
900 911
900 1282
901 1051
901 1278
901 1299
901 1374
901 1759
901 1851
902 988
902 1148
902 1193
902 1474
902 1999
903 1350
903 1532
904 955
904 963
904 1423
904 1500
904 1605
904 1674
905 1302
905 1560
905 1742
905 1756
905 1837
906 1133
906 1491
906 1539
906 1790
906 1860
907 1006
907 1244
907 1697
907 1717
907 1808
908 960
908 1135
908 1201
908 1273
908 1513
908 1603
908 1789
908 1812
908 1887
909 996
909 1735
909 1969
910 1003
910 1124
910 1326
910 1792
911 1078
911 1377
912 1588
913 1320
913 1789
913 1855
914 994
914 1002
914 1181
914 1601
915 933
915 1052
915 1316
915 1481
915 1504
915 1706
916 924
916 934
916 974
916 1128
916 1391
916 1496
916 1509
916 1935
917 1274
917 1395
917 1448
917 1470
917 1509
917 1697
917 1787
917 1857
918 1526
918 1580
918 1585
919 945
919 1785
920 1161
920 1175
921 1084
921 1257
921 1300
921 1344
921 1519
921 1662
922 1630
922 1905
923 1116
923 1304
923 1359
923 1537
923 1685
923 1742
923 1916
923 1968
924 1369
924 1802
924 1842
925 1220
925 1458
925 1772
926 1178
926 1381
926 1475
926 1625
926 1837
926 1962
927 1248
928 1433
928 1683
928 1907
929 972
929 1051
929 1279
929 1285
929 1315
930 1024
930 1491
930 1789
930 1891
931 1157
931 1684
931 1788
932 1176
932 1560
932 1696
932 1914
933 1421
934 1189
934 1240
934 1333
935 980
935 983
935 1137
935 1170
935 1209
935 1249
936 1957
936 1987
937 1469
937 1606
937 1652
937 1784
937 1964
938 1174
938 1309
938 1351
938 1735
938 1986
939 1326
939 1901
940 1368
940 1604
941 981
941 1244
941 1350
941 1753
941 1944
942 1385
942 1449
943 948
943 977
943 1482
943 1556
943 1761
944 1314
944 1399
945 1190
946 1251
946 1702
946 1815
946 1962
947 969
947 982
947 1185
947 1370
947 1455
947 1587
947 1685
948 1623
949 1085
949 1276
949 1479
949 1577
949 1613
950 1111
950 1153
950 1407
950 1509
951 1220
951 1357
951 1426
952 1307
952 1574
952 1827
953 1617
953 1702
953 1718
953 1785
953 1964
954 1147
954 1215
954 1353
954 1580
954 1665
955 958
955 968
955 1487
955 1553
955 1745
955 1915
956 1210
956 1428
956 1675
957 1652
957 1750
957 1944
958 1792
959 1515
961 1386
961 1415
961 1879
962 1324
962 1800
963 1141
963 1374
963 1419
963 1959
964 1060
964 1064
964 1408
964 1760
964 1766
964 1783
965 974
965 1426
966 1685
967 1117
967 1216
967 1530
967 1920
968 1184
968 1677
968 1760
969 1616
969 1745
969 1908
970 1399
970 1516
970 1942
970 1956
971 1260
971 1406
971 1640
971 1728
971 1922
971 1954
972 1144
972 1799
972 1916
973 1087
973 1494
974 1508
974 1514
974 1575
974 1768
974 1782
974 1801
974 1871
975 1034
975 1376
976 1045
976 1199
976 1632
976 1728
977 1018
977 1161
977 1515
978 1020
978 1220
978 1792
979 1516
980 1390
980 1427
980 1701
980 1937
981 1022
981 1062
981 1111
981 1190
981 1268
981 1448
981 1497
981 1600
981 1744
982 1088
982 1253
982 1642
982 1655
982 1859
983 1210
983 1316
983 1376
983 1454
984 1107
984 1280
984 1416
984 1779
985 1268
985 1419
985 1776
986 1074
986 1347
986 1550
986 1977
987 1079
987 1107
987 1441
987 1481
987 1566
988 997
988 1219
988 1560
988 1589
988 1744
988 1880
988 1934
988 1967
989 1121
989 1675
989 1729
989 1776
990 1014
990 1374
990 1707
990 1787
991 1512
991 1568
991 1792
992 998
992 1232
992 1853
992 1990
993 1443
993 1888
993 1893
994 1955
995 1171
995 1731
995 1774
996 1298
996 1325
997 1052
997 1378
997 1469
997 1894
998 1033
998 1045
998 1081
998 1229
998 1392
998 1725
999 1126
999 1227
999 1437
999 1640
999 1869
999 1883
999 1937
1000 1107
1000 1546
1000 1596
1001 1292
1001 1342
1002 1022
1002 1282
1002 1561
1002 1569
1002 1626
1002 1915
1003 1280
1003 1293
1003 1362
1003 1934
1004 1534
1004 1569
1004 1677
1005 1038
1005 1158
1005 1344
1005 1438
1005 1963
1005 1997
1006 1567
1006 1729
1007 1013
1007 1382
1007 1727
1008 1383
1008 1468
1008 1596
1008 1956
1009 1066
1009 1116
1009 1277
1009 1283
1009 1304
1009 1404
1009 1504
1009 1527
1009 1993
1010 1021
1010 1221
1010 1430
1010 1620
1010 1769
1010 1802
1011 1062
1011 1130
1011 1854
1012 1308
1012 1431
1012 1538
1012 1549
1013 1485
1013 1878
1014 1220
1014 1416
1014 1573
1014 1836
1015 1023
1015 1118
1015 1146
1015 1149
1015 1560
1015 1721
1015 1780
1016 1080
1016 1327
1016 1441
1016 1534
1016 1924
1017 1091
1017 1160
1017 1339
1017 1705
1018 1090
1018 1326
1018 1500
1019 1411
1019 1473
1019 1836
1020 1507
1020 1813
1020 1944
1021 1069
1021 1522
1021 1682
1021 1839
1021 1932
1022 1549
1022 1556
1023 1352
1023 1371
1023 1468
1023 1552
1023 1659
1023 1751
1023 1752
1024 1102
1025 1476
1025 1807
1026 1499
1026 1518
1026 1686
1026 1762
1026 1775
1026 1834
1026 1955
1027 1149
1027 1657
1027 1804
1028 1110
1028 1239
1028 1429
1029 1283
1029 1306
1029 1792
1030 1731
1030 1770
1031 1264
1031 1440
1031 1826
1033 1109
1033 1282
1033 1471
1033 1534
1033 1572
1033 1615
1034 1092
1034 1197
1034 1255
1034 1585
1035 1152
1035 1462
1035 1576
1035 1913
1036 1046
1036 1293
1036 1855
1037 1087
1037 1460
1038 1103
1038 1843
1038 1996
1039 1063
1039 1066
1039 1195
1039 1643
1039 1894
1039 1954
1040 1698
1041 1284
1041 1286
1041 1350
1041 1432
1041 1708
1041 1833
1041 1909
1042 1313
1043 1316
1043 1350
1043 1927
1043 1978
1044 1304
1045 1172
1045 1429
1045 1510
1045 1572
1045 1649
1045 1743
1045 1974
1046 1085
1046 1095
1046 1154
1046 1467
1046 1881
1047 1501
1047 1788
1047 1972
1048 1231
1048 1261
1048 1340
1048 1392
1048 1471
1048 1612
1048 1749
1048 1808
1048 1865
1048 1929
1049 1227
1049 1345
1049 1434
1050 1247
1050 1367
1050 1617
1051 1076
1051 1094
1051 1295
1051 1773
1051 1866
1052 1477
1052 1499
1052 1546
1052 1644
1053 1282
1053 1894
1054 1550
1054 1630
1055 1174
1055 1712
1055 1859
1056 1930
1057 1063
1057 1390
1057 1413
1057 1679
1058 1231
1058 1281
1058 1549
1058 1695
1058 1848
1059 1364
1059 1556
1059 1665
1059 1705
1059 1960
1060 1316
1060 1402
1060 1842
1061 1182
1061 1236
1061 1798
1061 1979
1062 1154
1062 1162
1062 1322
1062 1487
1062 1735
1062 1784
1062 1951
1062 1983
1063 1625
1063 1663
1063 1919
1064 1091
1064 1451
1064 1723
1065 1065
1065 1083
1065 1089
1065 1105
1065 1113
1065 1684
1065 1852
1066 1279
1066 1307
1066 1310
1066 1372
1066 1388
1066 1437
1066 1463
1066 1520
1066 1970
1067 1565
1067 1574
1067 1605
1067 1697
1068 1159
1068 1247
1068 1253
1069 1095
1069 1191
1069 1252
1069 1509
1070 1094
1070 1185
1070 1328
1070 1603
1071 1102
1071 1114
1071 1129
1071 1328
1071 1498
1071 1678
1071 1766
1071 1926
1071 1949
1072 1199
1072 1379
1072 1689
1072 1819
1073 1103
1073 1112
1073 1579
1074 1215
1074 1300
1074 1462
1074 1466
1074 1857
1075 1102
1075 1130
1075 1133
1075 1254
1075 1519
1075 1791
1075 1866
1076 1244
1076 1468
1076 1872
1077 1572
1077 1731
1077 1784
1078 1083
1078 1224
1078 1276
1078 1615
1079 1143
1079 1308
1079 1793
1080 1229
1080 1810
1081 1473
1081 1525
1081 1639
1081 1689
1081 1879
1082 1755
1083 1275
1083 1329
1083 1403
1083 1739
1083 1760
1084 1199
1084 1395
1084 1403
1084 1527
1084 1666
1084 1782
1085 1305
1085 1332
1085 1368
1085 1499
1085 1762
1086 1252
1086 1969
1087 1600
1088 1166
1088 1494
1088 1564
1088 1571
1089 1646
1089 1704
1089 1804
1089 1911
1090 1814
1090 1858
1090 1967
1091 1141
1091 1301
1091 1423
1091 1803
1091 1904
1092 1142
1092 1752
1092 1822
1092 1860
1092 1879
1093 1193
1093 1343
1094 1299
1094 1532
1094 1581
1094 1652
1094 1862
1095 1872
1096 1259
1096 1412
1096 1591
1096 1761
1096 1936
1097 1131
1097 1135
1097 1245
1097 1504
1097 1672
1098 1170
1099 1597
1100 1242
1100 1412
1101 1101
1101 1432
1101 1965
1102 1218
1102 1647
1102 1661
1103 1637
1103 1664
1104 1432
1104 1647
1104 1725
1104 1769
1104 1828
1105 1203
1105 1742
1106 1294
1106 1386
1106 1868
1107 1568
1108 1405
1108 1491
1108 1633
1108 1712
1109 1290
1109 1337
1109 1534
1109 1574
1110 1205
1110 1366
1110 1498
1110 1588
1110 1780
1111 1195
1111 1416
1112 1191
1112 1407
1112 1815
1113 1779
1113 1929
1114 1409
1114 1513
1114 1623
1115 1459
1115 1643
1115 1797
1115 1969
1116 1219
1116 1473
1117 1167
1117 1939
1117 1973
1118 1283
1118 1536
1119 1465
1119 1529
1121 1639
1121 1653
1121 1701
1121 1930
1123 1918
1123 1985
1124 1176
1124 1325
1124 1692
1124 1942
1126 1584
1127 1525
1127 1776
1128 1299
1128 1328
1128 1490
1129 1369
1129 1481
1130 1674
1130 1964
1131 1408
1131 1464
1131 1678
1131 1704
1131 1749
1132 1212
1132 1769
1132 1872
1132 1915
1133 1382
1133 1827
1134 1696
1135 1190
1135 1361
1135 1626
1135 1639
1135 1685
1135 1711
1136 1262
1136 1743
1136 1997
1137 1232
1137 1307
1137 1320
1137 1481
1137 1497
1137 1708
1137 1828
1137 1924
1138 1159
1138 1515
1138 1878
1139 1426
1139 1800
1140 1426
1140 1664
1140 1813
1141 1511
1141 1551
1141 1596
1141 1670
1142 1236
1142 1285
1142 1297
1142 1440
1142 1602
1142 1747
1143 1411
1143 1563
1143 1761
1144 1580
1144 1917
1146 1905
1147 1211
1147 1285
1147 1340
1147 1651
1147 1799
1147 1856
1148 1211
1148 1438
1148 1909
1149 1192
1149 1361
1149 1417
1149 1597
1149 1951
1150 1363
1150 1868
1151 1393
1151 1501
1152 1322
1153 1554
1154 1298
1154 1464
1154 1751
1155 1492
1155 1703
1155 1711
1156 1381
1156 1390
1156 1531
1156 1658
1156 1713
1156 1797
1156 1956
1157 1355
1157 1581
1158 1361
1158 1776
1159 1349
1159 1652
1159 1656
1159 1868
1159 1955
1160 1440
1160 1520
1160 1652
1160 1674
1160 1894
1161 1165
1161 1831
1162 1180
1162 1321
1162 1397
1162 1749
1163 1174
1163 1239
1163 1564
1163 1752
1164 1231
1164 1321
1164 1387
1164 1469
1164 1923
1164 1968
1164 1983
1165 1640
1165 1934
1166 1310
1166 1495
1166 1944
1167 1344
1167 1578
1167 1693
1167 1788
1167 1800
1168 1207
1168 1324
1168 1385
1168 1664
1168 1967
1169 1172
1169 1301
1169 1357
1169 1850
1170 1202
1170 1218
1170 1781
1170 1815
1171 1303
1171 1495
1171 1567
1172 1394
1172 1533
1172 1841
1173 1241
1173 1479
1173 1569
1173 1591
1173 1642
1173 1984
1174 1800
1174 1994
1175 1182
1175 1504
1175 1639
1175 1687
1175 1830
1175 1961
1176 1524
1176 1912
1176 1945
1176 1956
1176 1980
1177 1293
1177 1846
1177 1884
1178 1622
1178 1817
1179 1240
1179 1798
1180 1270
1180 1637
1180 1713
1180 1737
1181 1438
1181 1477
1181 1926
1181 1947
1182 1349
1182 1429
1182 1479
1182 1765
1183 1822
1184 1510
1184 1590
1184 1733
1184 1755
1185 1696
1186 1955
1187 1344
1187 1826
1188 1361
1188 1931
1188 1955
1188 1981
1189 1485
1189 1551
1189 1596
1190 1447
1190 1501
1190 1556
1190 1710
1190 1968
1190 1972
1191 1215
1191 1249
1191 1465
1192 1404
1192 1668
1192 1685
1192 1716
1193 1480
1193 1598
1193 1885
1194 1351
1194 1392
1194 1394
1194 1426
1194 1439
1194 1667
1194 1831
1194 1979
1195 1245
1195 1524
1195 1571
1195 1606
1195 1995
1196 1203
1196 1480
1196 1589
1196 1626
1196 1800
1196 1819
1196 1944
1197 1344
1198 1330
1199 1284
1199 1377
1199 1444
1199 1760
1200 1774
1200 1898
1202 1283
1202 1516
1202 1661
1204 1266
1204 1272
1204 1844
1204 1890
1204 1967
1205 1256
1205 1848
1206 1681
1206 1908
1208 1274
1208 1459
1208 1528
1209 1291
1209 1609
1209 1668
1210 1404
1210 1482
1211 1411
1212 1466
1212 1479
1212 1677
1212 1933
1213 1319
1213 1529
1213 1549
1213 1650
1213 1697
1213 1711
1213 1843
1213 1995
1214 1458
1214 1616
1214 1768
1215 1644
1215 1802
1216 1611
1216 1618
1216 1794
1216 1868
1216 1875
1217 1661
1217 1820
1217 1979
1218 1367
1218 1391
1218 1409
1219 1306
1219 1394
1219 1463
1219 1695
1219 1863
1219 1994
1220 1597
1220 1944
1221 1454
1221 1659
1221 1672
1223 1699
1224 1250
1224 1350
1224 1492
1224 1841
1225 1404
1225 1423
1225 1873
1225 1970
1226 1563
1228 1639
1228 1672
1229 1709
1230 1694
1230 1843
1230 1858
1230 1885
1231 1850
1232 1269
1232 1574
1232 1716
1233 1702
1233 1801
1234 1289
1234 1513
1234 1770
1234 1966
1235 1436
1235 1589
1236 1363
1236 1423
1236 1513
1236 1542
1236 1746
1236 1957
1236 1989
1237 1276
1237 1288
1237 1530
1237 1861
1237 1994
1238 1328
1238 1731
1240 1605
1241 1676
1242 1472
1242 1666
1242 1671
1243 1334
1243 1567
1243 1855
1244 1311
1244 1619
1245 1581
1245 1724
1245 1746
1245 1906
1246 1524
1246 1571
1247 1616
1247 1650
1247 1657
1247 1975
1248 1266
1248 1471
1248 1971
1249 1376
1249 1417
1249 1484
1249 1663
1250 1674
1250 1810
1251 1406
1251 1576
1251 1803
1251 1837
1252 1706
1252 1713
1253 1401
1253 1539
1253 1735
1253 1867
1254 1291
1254 1765
1254 1809
1255 1312
1255 1316
1255 1409
1255 1717
1255 1774
1256 1847
1257 1421
1257 1435
1257 1495
1257 1807
1257 1932
1257 1960
1257 1963
1258 1450
1258 1497
1258 1525
1258 1528
1258 1692
1258 1715
1258 1772
1258 1944
1259 1895
1260 1486
1260 1891
1260 1945
1261 1359
1261 1401
1261 1482
1261 1485
1261 1520
1261 1622
1261 1657
1263 1439
1263 1497
1264 1627
1265 1470
1265 1553
1265 1736
1266 1480
1266 1982
1267 1521
1268 1480
1268 1514
1268 1573
1269 1428
1269 1860
1270 1293
1270 1755
1271 1355
1271 1411
1271 1623
1271 1752
1271 1792
1271 1884
1272 1701
1272 1729
1272 1803
1272 1808
1273 1436
1273 1559
1274 1542
1275 1470
1275 1476
1275 1637
1275 1651
1276 1376
1276 1416
1276 1424
1276 1551
1276 1641
1276 1974
1277 1418
1277 1505
1277 1781
1277 1919
1278 1480
1279 1645
1279 1970
1280 1447
1280 1677
1280 1750
1281 1708
1282 1336
1282 1721
1282 1906
1282 1961
1283 1812
1283 1845
1284 1679
1284 1946
1284 1986
1285 1382
1285 1962
1286 1418
1286 1531
1286 1881
1286 1939
1287 1726
1288 1958
1288 1971
1289 1372
1289 1378
1289 1559
1289 1835
1289 1841
1289 1855
1289 1879
1290 1918
1290 1932
1291 1699
1292 1896
1292 1908
1292 1920
1293 1992
1294 1497
1295 1979
1296 1300
1296 1384
1296 1452
1296 1730
1296 1774
1297 1480
1297 1580
1297 1595
1297 1686
1298 1416
1298 1508
1298 1617
1298 1960
1298 1997
1300 1333
1300 1856
1301 1759
1302 1566
1302 1789
1303 1444
1303 1646
1304 1532
1304 1893
1304 1968
1305 1930
1306 1836
1306 1928
1306 1967
1307 1541
1307 1558
1307 1559
1307 1728
1307 1789
1308 1379
1308 1961
1309 1556
1309 1919
1309 1992
1310 1370
1310 1895
1311 1593
1312 1317
1312 1395
1312 1478
1312 1616
1312 1634
1313 1489
1313 1660
1313 1717
1313 1746
1313 1806
1313 1947
1314 1739
1314 1889
1315 1364
1315 1418
1315 1618
1315 1697
1316 1331
1316 1604
1317 1550
1317 1577
1317 1686
1317 1779
1318 1551
1318 1654
1319 1480
1319 1554
1319 1613
1320 1559
1320 1580
1320 1667
1320 1974
1321 1371
1321 1391
1321 1443
1322 1368
1322 1788
1322 1817
1322 1904
1322 1959
1323 1888
1325 1697
1326 1379
1326 1447
1326 1708
1326 1772
1326 1779
1326 1975
1327 1492
1327 1783
1327 1833
1328 1491
1328 1496
1328 1768
1328 1793
1328 1875
1329 1514
1329 1652
1329 1966
1330 1580
1330 1671
1330 1759
1331 1572
1332 1785
1332 1950
1333 1386
1333 1467
1333 1651
1333 1714
1334 1564
1334 1576
1334 1622
1334 1640
1334 1927
1335 1903
1336 1745
1337 1560
1337 1782
1338 1479
1338 1916
1339 1767
1339 1828
1339 1923
1340 1525
1340 1603
1340 1630
1340 1639
1341 1427
1341 1461
1341 1684
1342 1385
1342 1635
1344 1397
1344 1514
1344 1580
1346 1428
1346 1448
1346 1470
1346 1647
1346 1975
1347 1544
1347 1584
1347 1795
1347 1827
1348 1570
1348 1614
1349 1796
1349 1890
1350 1642
1350 1782
1351 1537
1351 1766
1351 1811
1352 1663
1352 1935
1354 1644
1354 1880
1354 1892
1355 1396
1355 1764
1356 1696
1357 1366
1357 1374
1357 1530
1357 1844
1357 1855
1358 1451
1358 1815
1358 1917
1358 1944
1359 1731
1360 1589
1361 1469
1361 1669
1361 1686
1362 1396
1362 1411
1363 1599
1363 1857
1364 1896
1364 1944
1365 1439
1365 1708
1365 1824
1365 1917
1365 1921
1365 1989
1366 1458
1367 1510
1367 1549
1367 1826
1368 1406
1368 1726
1368 1975
1369 1562
1370 1553
1370 1660
1370 1698
1371 1638
1371 1898
1372 1920
1372 1976
1373 1399
1373 1654
1373 1683
1373 1954
1374 1528
1374 1677
1375 1873
1376 1972
1377 1434
1378 1667
1379 1791
1380 1843
1381 1528
1381 1871
1381 1964
1382 1670
1382 1705
1382 1749
1382 1769
1383 1467
1383 1949
1384 1461
1384 1632
1384 1668
1384 1728
1384 1761
1384 1817
1385 1624
1385 1652
1385 1655
1386 1711
1386 1934
1387 1722
1388 1830
1388 1854
1389 1599
1389 1648
1389 1717
1390 1757
1390 1796
1390 1885
1390 1962
1392 1663
1394 1506
1395 1472
1396 1917
1397 1858
1398 1927
1399 1435
1399 1612
1399 1679
1399 1848
1399 1970
1400 1849
1401 1732
1402 1403
1402 1451
1402 1608
1402 1627
1402 1693
1403 1420
1403 1504
1404 1595
1404 1920
1404 1960
1404 1991
1405 1535
1405 1711
1405 1894
1406 1429
1406 1586
1406 1627
1406 1810
1406 1824
1407 1433
1407 1869
1409 1555
1409 1744
1409 1866
1409 1961
1410 1474
1410 1731
1410 1782
1410 1945
1411 1820
1412 1414
1412 1746
1413 1482
1413 1745
1413 1998
1414 1798
1415 1433
1415 1493
1415 1852
1416 1614
1416 1635
1416 1791
1416 1801
1417 1738
1418 1506
1418 1518
1418 1543
1418 1615
1419 1587
1420 1586
1421 1942
1422 1524
1422 1856
1422 1966
1423 1982
1424 1485
1424 1533
1424 1606
1424 1743
1424 1765
1424 1789
1424 1949
1426 1601
1426 1839
1427 1431
1427 1448
1427 1702
1428 1736
1429 1509
1429 1985
1431 1491
1431 1613
1431 1876
1432 1516
1432 1565
1432 1789
1432 1798
1433 1447
1433 1844
1433 1846
1434 1567
1434 1605
1434 1891
1434 1914
1435 1543
1435 1624
1435 1632
1435 1689
1436 1532
1437 1550
1437 1587
1437 1600
1438 1731
1438 1976
1438 1994
1440 1826
1442 1563
1442 1777
1443 1737
1444 1653
1444 1809
1445 1685
1445 1719
1446 1841
1447 1813
1449 1555
1449 1584
1449 1630
1449 1634
1449 1655
1449 1774
1449 1950
1450 1913
1451 1768
1451 1961
1452 1737
1454 1468
1454 1575
1454 1685
1454 1877
1455 1628
1456 1469
1457 1751
1458 1766
1458 1974
1459 1521
1459 1629
1459 1806
1460 1584
1461 1597
1461 1701
1462 1595
1462 1931
1463 1922
1463 1957
1464 1585
1464 1920
1465 1898
1465 1945
1466 1618
1466 1794
1467 1540
1467 1593
1467 1748
1467 1828
1468 1496
1468 1724
1469 1575
1469 1722
1470 1602
1470 1634
1470 1695
1470 1755
1470 1807
1471 1809
1471 1892
1472 1563
1472 1736
1473 1491
1473 1619
1473 1773
1473 1822
1473 1903
1473 1940
1474 1911
1475 1654
1476 1553
1476 1618
1476 1920
1477 1730
1478 1713
1479 1575
1479 1616
1479 1657
1479 1742
1480 1535
1480 1620
1480 1687
1481 1834
1483 1582
1483 1913
1485 1597
1485 1702
1487 1542
1487 1554
1487 1584
1487 1605
1488 1551
1488 1823
1488 1831
1490 1528
1491 1522
1491 1658
1491 1682
1491 1719
1492 1769
1493 1520
1493 1567
1493 1663
1493 1677
1493 1755
1493 1975
1495 1570
1495 1811
1495 1982
1496 1882
1496 1890
1496 1989
1497 1868
1498 1898
1498 1947
1499 1801
1500 1518
1500 1880
1500 1951
1501 1901
1502 1997
1504 1542
1504 1574
1504 1946
1504 1991
1505 1864
1505 1913
1506 1614
1506 1655
1507 1640
1507 1658
1507 1768
1507 1970
1507 1978
1508 1594
1510 1682
1510 1938
1511 1536
1511 1698
1514 1616
1514 1705
1514 1756
1514 1762
1514 1879
1514 1933
1515 1834
1515 1839
1516 1674
1516 1741
1516 1842
1516 1888
1516 1930
1517 1661
1520 1569
1520 1699
1520 1781
1521 1530
1521 1695
1521 1803
1522 1584
1522 1791
1522 1795
1523 1539
1523 1753
1526 1560
1526 1734
1527 1677
1527 1780
1527 1986
1528 1664
1528 1729
1528 1752
1529 1678
1532 1891
1532 1952
1533 1999
1534 1745
1537 1722
1538 1540
1538 1559
1538 1635
1540 1764
1540 1830
1541 1833
1541 1915
1542 1568
1542 1732
1542 1888
1543 1921
1544 1592
1544 1917
1545 1822
1545 1869
1545 1929
1546 1585
1546 1997
1547 1650
1547 1822
1547 1957
1549 1650
1549 1894
1550 1926
1550 1984
1551 1757
1551 1852
1551 1875
1552 1755
1552 1797
1553 1696
1554 1699
1554 1742
1555 1626
1555 1848
1555 1993
1556 1684
1557 1738
1558 1572
1560 1739
1561 1727
1561 1987
1562 1570
1562 1691
1563 1757
1563 1965
1564 1588
1564 1629
1564 1704
1565 1805
1567 1592
1567 1724
1567 1942
1569 1669
1569 1868
1570 1748
1570 1986
1571 1998
1572 1574
1572 1598
1572 1641
1573 1626
1573 1932
1574 1805
1574 1837
1574 1882
1574 1891
1574 1956
1576 1755
1576 1864
1576 1896
1577 1826
1577 1842
1578 1802
1579 1579
1579 1599
1580 1710
1580 1748
1581 1791
1582 1930
1583 1686
1583 1792
1583 1952
1584 1975
1586 1839
1586 1907
1588 1863
1589 1892
1590 1594
1590 1693
1591 1906
1592 1809
1593 1970
1593 1974
1594 1634
1594 1667
1594 1720
1595 1647
1595 1717
1597 1663
1598 1781
1598 1831
1598 1892
1598 1953
1598 1977
1599 1637
1600 1651
1600 1936
1601 1774
1603 1627
1603 1807
1603 1910
1604 1864
1605 1605
1605 1777
1605 1796
1606 1641
1607 1912
1608 1892
1608 1981
1609 1761
1609 1880
1610 1922
1611 1621
1612 1640
1612 1808
1612 1925
1612 1934
1612 1952
1613 1796
1613 1866
1613 1983
1616 1996
1617 1888
1617 1958
1618 1791
1619 1671
1619 1880
1619 1886
1621 1648
1621 1723
1622 1640
1622 1855
1623 1664
1623 1748
1623 1789
1624 1764
1624 1988
1624 1998
1626 1649
1626 1754
1626 1847
1627 1743
1628 1641
1628 1952
1629 1984
1632 1736
1632 1885
1633 1942
1634 1963
1635 1806
1635 1895
1637 1743
1637 1750
1637 1832
1638 1960
1638 1971
1639 1927
1640 1659
1640 1672
1640 1780
1640 1781
1642 1646
1642 1955
1643 1806
1643 1888
1644 1792
1644 1964
1644 1981
1646 1712
1646 1901
1647 1707
1647 1986
1648 1670
1648 1977
1650 1934
1650 1991
1651 1864
1653 1830
1653 1854
1654 1730
1654 1942
1655 1678
1656 1705
1658 1678
1659 1718
1659 1817
1659 1890
1660 1724
1660 1994
1660 1999
1662 1952
1663 1729
1663 1883
1663 1918
1664 1983
1664 1993
1665 1833
1665 1861
1665 1864
1667 1872
1668 1756
1668 1946
1670 1868
1670 1919
1673 1693
1673 1793
1674 1809
1674 1869
1674 1981
1676 1742
1676 1905
1677 1679
1677 1896
1678 1917
1680 1684
1680 1957
1680 1997
1681 1983
1682 1730
1682 1809
1682 1915
1683 1917
1684 1874
1684 1879
1686 1733
1687 1733
1688 1817
1688 1881
1689 1756
1689 1764
1689 1854
1690 1953
1691 1786
1692 1717
1692 1873
1693 1849
1693 1998
1694 1804
1695 1781
1695 1866
1695 1997
1696 1727
1696 1862
1696 1934
1696 1991
1698 1722
1699 1968
1700 1978
1701 1716
1701 1963
1703 1751
1703 1916
1704 1864
1705 1761
1708 1819
1709 1890
1710 1821
1710 1884
1711 1816
1711 1833
1711 1937
1714 1730
1715 1855
1716 1767
1716 1826
1717 1887
1717 1919
1719 1783
1720 1908
1720 1939
1722 1759
1723 1989
1724 1825
1724 1862
1725 1764
1725 1790
1727 1793
1727 1828
1728 1974
1730 1739
1733 1978
1735 1864
1735 1877
1735 1942
1736 1996
1737 1915
1742 1761
1742 1785
1743 1787
1743 1919
1746 1947
1748 1875
1748 1885
1751 1774
1752 1816
1752 1905
1755 1845
1756 1808
1756 1928
1757 1916
1758 1759
1758 1769
1758 1927
1758 1957
1759 1770
1759 1786
1760 1769
1761 1994
1762 1847
1762 1871
1765 1827
1766 1991
1768 1880
1769 1776
1771 1851
1773 1899
1774 1985
1775 1974
1776 1980
1777 1873
1778 1799
1778 1997
1780 1812
1780 1936
1780 1972
1791 1818
1791 1945
1792 1864
1792 1875
1794 1839
1794 1949
1795 1854
1796 1927
1799 1920
1799 1922
1800 1998
1801 1850
1801 1859
1801 1892
1802 1845
1802 1995
1804 1821
1804 1946
1804 1974
1806 1947
1809 1819
1809 1871
1809 1912
1810 1912
1811 1986
1812 1910
1813 1852
1815 1877
1816 1841
1816 1932
1817 1827
1820 1897
1820 1908
1821 1904
1822 1936
1823 1958
1823 1978
1826 1964
1829 1845
1829 1883
1832 1836
1834 1972
1834 1992
1835 1993
1837 1877
1839 1999
1841 1954
1842 1878
1843 1970
1844 1992
1847 1905
1847 1963
1847 1990
1849 1923
1850 1863
1850 1966
1852 1966
1853 1890
1857 1896
1857 1941
1858 1914
1861 1991
1863 1961
1866 1872
1866 1925
1866 1970
1866 1989
1866 1991
1869 1983
1884 1889
1885 1924
1886 1983
1887 1918
1889 1892
1889 1897
1889 1994
1892 1936
1896 1940
1897 1899
1900 1937
1902 1934
1905 1986
1906 1942
1906 1953
1907 1934
1910 1958
1913 1925
1914 1947
1921 1988
1923 1935
1927 1988
1938 1940
1944 1951
1948 1985
1953 1961
1956 1974
1959 1974
1960 1982
1961 1986
1964 1994
1987 1993
