2000
0 8
0 185
0 228
0 275
0 720
0 1225
0 1257
0 1935
0 1999
1 617
1 1110
1 1378
1 1502
1 1834
1 1986
2 11
2 186
2 262
2 647
2 975
2 1052
2 1373
2 1918
2 1920
2 1939
3 10
3 119
3 151
3 266
3 291
3 425
3 639
3 1256
3 1582
3 1737
4 294
4 598
4 625
4 1196
4 1324
4 1335
4 1578
4 1750
4 1831
5 23
5 435
5 446
5 551
5 585
5 701
5 1218
5 1342
5 1901
6 20
6 60
6 81
6 452
6 579
6 682
6 827
6 850
6 1120
6 1264
7 368
7 827
7 1215
7 1313
7 1380
7 1514
7 1710
7 1774
7 1972
8 148
8 189
8 265
8 269
8 331
8 683
8 732
8 825
8 944
8 1040
8 1256
8 1432
9 694
9 730
9 842
9 1152
9 1237
9 1392
9 1719
9 1730
9 1838
10 64
10 502
10 642
10 955
10 1233
10 1423
11 42
11 620
11 634
11 1146
11 1237
11 1298
11 1774
11 1783
12 361
12 493
12 520
12 720
12 746
12 990
12 1461
12 1776
13 224
13 464
13 537
13 632
13 721
13 1197
13 1370
13 1401
13 1512
13 1523
14 444
14 673
14 717
14 1176
14 1309
14 1545
14 1650
15 152
15 198
15 451
15 1384
15 1398
15 1769
16 141
16 215
16 304
16 306
16 420
16 1265
16 1310
16 1362
16 1536
16 1779
17 362
17 482
17 542
17 913
17 1519
17 1680
17 1729
17 1833
18 410
18 1258
18 1419
18 1861
18 1961
19 381
19 522
19 1251
19 1312
19 1697
19 1808
20 29
20 305
20 801
20 834
20 1526
20 1620
20 1755
20 1773
20 1838
20 1978
21 346
21 378
21 414
21 507
21 720
21 1510
21 1638
21 1802
21 1887
21 1888
22 689
22 1098
22 1266
22 1743
23 494
23 741
23 929
23 974
23 1078
23 1436
23 1570
23 1774
23 1884
23 1926
23 1945
24 388
24 560
24 679
24 745
24 768
24 911
24 1051
24 1101
24 1172
24 1256
24 1600
24 1625
24 1682
25 36
25 197
25 240
25 390
25 679
25 886
25 1132
25 1149
25 1423
26 61
26 543
26 635
26 1040
26 1120
26 1139
26 1165
26 1586
26 1848
27 232
27 603
27 778
27 1042
27 1334
27 1386
27 1470
27 1513
28 403
28 547
28 673
28 740
29 65
29 185
29 484
29 598
29 617
29 755
29 968
29 1024
29 1727
29 1880
29 1906
30 35
30 275
30 431
30 523
30 634
30 747
30 793
30 812
30 1080
30 1261
30 1308
30 1469
31 192
31 298
31 641
31 1101
31 1223
31 1433
31 1731
32 165
32 258
32 294
32 1088
32 1171
32 1262
32 1422
32 1434
32 1638
32 1650
32 1703
33 73
33 544
33 631
33 1032
33 1044
33 1141
33 1496
33 1507
33 1880
34 243
34 333
34 449
34 471
34 493
34 619
34 707
34 785
34 1159
34 1446
34 1705
34 1738
34 1868
35 70
35 330
35 826
35 851
35 1219
35 1499
35 1500
35 1632
35 1658
35 1675
35 1811
36 186
36 234
36 548
36 561
36 707
36 994
36 1067
36 1098
36 1151
36 1156
36 1230
37 570
37 962
37 1001
37 1080
37 1281
37 1503
37 1822
37 1893
37 1916
37 1998
38 254
38 309
38 449
38 528
38 547
38 548
38 706
38 824
38 881
38 892
38 1006
38 1643
38 1752
39 281
39 336
39 946
39 1210
39 1249
39 1551
39 1857
40 296
40 589
40 780
40 848
40 903
40 1002
40 1471
40 1774
40 1916
40 1953
41 184
41 255
41 496
41 520
41 709
41 770
41 1060
41 1072
41 1301
41 1343
41 1889
42 105
42 135
42 843
42 1006
42 1167
42 1217
42 1269
42 1473
42 1514
42 1646
42 1770
42 1830
42 1836
43 127
43 187
43 710
43 817
43 864
43 1213
43 1402
44 144
44 272
44 326
44 388
44 404
44 525
44 530
44 652
44 721
44 1228
44 1439
44 1627
44 1656
44 1739
44 1746
44 1962
45 754
45 949
45 1001
45 1871
45 1895
45 1945
45 1955
45 1961
46 80
46 127
46 140
46 298
46 332
46 846
46 1198
46 1267
46 1492
46 1672
46 1804
46 1852
46 1907
47 168
47 408
47 805
47 1059
47 1436
47 1678
47 1757
48 99
48 114
48 186
48 300
48 469
48 1305
48 1755
48 1974
49 100
49 188
49 262
49 322
49 411
49 484
49 670
49 683
49 1091
49 1495
49 1751
49 1988
50 415
50 966
50 1732
51 678
51 930
51 1242
51 1522
51 1577
51 1662
51 1761
51 1780
51 1803
51 1832
52 292
52 356
52 378
52 441
52 694
52 706
52 1055
52 1067
52 1352
52 1708
52 1825
53 134
53 235
53 510
53 520
53 879
53 989
53 1338
53 1420
53 1715
53 1838
54 68
54 347
54 573
54 700
54 747
54 846
54 891
54 1280
54 1327
54 1461
54 1773
55 271
55 1151
55 1170
55 1224
55 1380
55 1965
56 380
56 479
56 697
56 1157
56 1310
56 1988
57 292
57 599
57 844
57 865
57 1358
57 1532
58 70
58 251
58 486
58 634
58 684
58 1130
58 1380
59 140
59 175
59 182
59 520
59 693
59 754
59 1008
59 1561
60 72
60 857
60 1056
60 1281
60 1407
60 1798
60 1927
61 77
61 727
61 892
61 1225
61 1263
61 1330
61 1390
61 1487
61 1511
61 1817
61 1846
61 1972
62 176
62 254
62 428
62 475
62 841
62 1172
62 1233
62 1245
62 1319
62 1995
63 733
63 1096
63 1272
63 1319
63 1349
63 1587
63 1695
64 370
64 526
64 648
64 1363
64 1499
64 1741
65 207
65 527
65 703
65 895
65 924
65 1031
65 1136
65 1215
65 1526
65 1577
65 1939
66 339
66 446
66 814
66 957
66 1340
66 1485
66 1534
66 1551
66 1591
66 1632
66 1754
67 88
67 324
67 408
67 1290
67 1545
67 1707
67 1919
68 75
68 82
68 231
68 646
68 875
68 1294
68 1321
68 1664
68 1740
68 1959
68 1969
69 495
69 840
69 1150
69 1398
69 1400
69 1485
69 1513
69 1516
69 1772
69 1797
69 1888
70 536
70 938
70 1095
70 1260
70 1857
71 209
71 384
71 488
71 930
71 1036
71 1183
71 1398
71 1547
71 1807
71 1906
72 872
72 904
72 924
72 990
72 1182
72 1391
72 1571
72 1694
73 264
73 905
73 1256
73 1475
74 767
74 921
74 985
74 1111
74 1361
74 1541
74 1564
75 1471
76 131
76 168
76 754
76 764
76 872
76 1013
76 1120
76 1489
76 1535
76 1562
76 1601
77 405
77 1052
77 1136
77 1239
77 1348
77 1360
77 1444
77 1739
77 1973
78 190
78 245
78 923
78 1049
78 1140
78 1581
78 1846
78 1949
79 102
79 225
79 389
79 614
79 700
79 745
79 1176
79 1606
79 1646
79 1648
79 1826
80 82
80 157
80 206
80 337
80 563
80 934
80 1012
80 1464
80 1576
80 1736
81 148
81 389
81 465
81 1116
81 1200
81 1351
81 1551
81 1846
81 1911
82 140
82 285
82 358
82 489
82 716
82 938
82 1082
82 1147
82 1481
83 216
83 245
83 554
83 816
83 1271
83 1372
84 597
84 674
84 782
84 1413
84 1489
84 1536
84 1623
85 495
85 532
85 544
85 626
85 1590
85 1947
86 304
86 443
86 456
86 534
86 792
86 1012
86 1383
86 1447
86 1564
87 164
87 365
87 413
87 1111
87 1252
87 1261
87 1593
87 1740
87 1809
88 472
88 628
88 831
88 950
88 1303
88 1943
88 1968
89 284
89 720
89 774
89 818
89 851
89 1070
89 1129
89 1472
89 1565
90 171
90 179
90 233
90 273
90 620
90 747
90 967
90 1356
90 1512
90 1719
90 1736
90 1907
91 233
91 582
91 904
91 1035
91 1945
92 699
92 832
92 1408
92 1525
92 1679
92 1708
92 1809
92 1849
92 1963
93 252
93 268
93 285
93 346
93 1559
93 1706
94 217
94 349
94 571
94 587
94 645
94 712
94 925
94 1101
94 1284
94 1332
94 1736
94 1809
94 1830
94 1838
94 1963
95 373
95 578
95 751
95 1356
95 1385
95 1584
95 1637
95 1685
96 325
96 681
96 1146
96 1472
97 458
97 861
97 1301
97 1561
97 1580
97 1673
97 1736
97 1867
97 1931
98 392
98 484
98 744
98 859
98 923
98 1180
98 1416
98 1745
98 1811
98 1865
98 1921
99 220
99 595
99 653
99 831
99 860
99 1091
99 1400
99 1533
99 1803
100 367
100 368
100 568
100 716
100 976
100 1126
100 1698
101 707
101 780
101 980
101 1023
101 1031
101 1198
101 1246
101 1445
101 1622
101 1741
102 464
102 908
102 1648
102 1656
102 1735
103 352
103 376
103 885
103 1218
103 1244
103 1321
103 1333
103 1410
103 1809
104 285
104 444
104 515
104 897
104 1328
104 1343
105 356
105 380
105 459
105 481
105 871
105 1245
105 1542
105 1676
105 1678
105 1823
105 1958
106 118
106 428
106 1134
106 1600
106 1706
106 1778
106 1953
107 164
107 289
107 593
107 760
107 973
107 1697
108 269
108 408
108 444
108 1146
108 1235
108 1543
108 1671
108 1710
109 209
109 432
109 616
109 959
109 1043
109 1333
109 1537
109 1582
109 1639
109 1791
109 1854
110 238
110 297
110 405
110 685
110 714
111 250
111 420
111 491
111 553
111 1047
111 1385
111 1450
111 1538
111 1818
112 380
112 563
112 632
112 815
112 964
112 1586
112 1878
113 354
113 490
113 492
113 627
113 637
113 681
113 694
113 817
113 1362
113 1598
113 1684
113 1930
114 165
114 458
114 576
114 660
114 720
114 980
114 1057
114 1168
114 1219
114 1242
114 1526
114 1800
115 695
115 1292
115 1662
115 1818
115 1931
116 223
116 451
116 622
116 1209
116 1309
116 1467
116 1704
116 1756
116 1771
117 1012
117 1071
117 1556
117 1788
117 1840
117 1976
118 131
118 316
118 1228
118 1455
118 1921
119 241
119 287
119 644
119 819
120 388
120 475
120 541
120 722
120 874
120 1151
120 1713
120 1804
121 164
121 290
121 732
121 738
121 791
121 930
121 1000
121 1019
121 1047
121 1121
121 1233
121 1318
121 1347
121 1398
121 1516
121 1836
122 268
122 408
122 696
122 704
122 831
122 1497
122 1642
122 1646
122 1772
123 316
123 636
123 745
123 1116
123 1144
123 1274
123 1550
123 1822
123 1902
124 881
124 950
124 976
124 1082
124 1097
124 1352
124 1435
124 1505
124 1549
124 1586
124 1603
125 156
125 182
125 645
125 653
125 1392
125 1396
125 1674
125 1692
125 1747
125 1871
126 861
126 946
127 316
127 341
127 611
127 779
127 1046
127 1100
127 1344
127 1375
127 1526
127 1599
127 1667
127 1979
128 407
128 501
128 506
128 929
128 1598
128 1760
129 208
129 645
129 655
129 729
129 828
129 1062
129 1240
130 195
130 549
130 663
130 1141
130 1444
130 1734
130 1864
131 383
131 512
131 810
131 890
131 1520
131 1740
131 1897
131 1905
131 1992
132 144
132 936
132 1095
132 1220
132 1265
132 1307
132 1528
132 1574
132 1640
132 1783
133 250
133 619
133 814
133 868
133 1208
133 1230
133 1337
133 1358
133 1539
133 1939
134 233
134 550
134 622
134 958
134 1291
134 1617
135 382
135 478
135 572
135 806
135 1329
135 1334
136 644
136 817
136 900
136 1081
136 1284
136 1418
136 1424
136 1609
136 1845
136 1847
137 251
137 1535
137 1976
138 332
138 415
138 449
138 631
138 794
138 802
138 857
138 1362
138 1438
138 1510
138 1820
139 150
139 484
139 596
139 1157
139 1164
139 1190
139 1270
139 1796
139 1943
140 230
140 433
140 456
140 638
140 774
140 779
140 852
140 991
140 1066
140 1315
140 1350
140 1444
140 1453
140 1851
140 1914
140 1925
141 167
141 194
141 288
141 332
141 410
141 611
141 671
141 761
141 1227
141 1368
141 1381
141 1748
141 1786
142 315
142 443
142 928
142 1031
142 1378
142 1458
142 1577
142 1806
143 348
143 480
143 959
143 1239
143 1516
143 1830
143 1896
143 1964
144 468
144 571
144 575
144 746
144 1137
144 1174
144 1377
144 1853
144 1938
144 1993
144 1998
145 212
145 294
145 844
145 869
145 972
145 1021
145 1073
145 1349
145 1549
145 1830
146 540
146 614
146 825
146 917
146 944
146 965
146 1120
146 1262
146 1337
146 1824
147 341
147 590
147 659
147 705
147 1449
147 1873
148 936
148 1378
148 1460
148 1476
149 208
149 378
149 558
149 745
149 1151
149 1281
149 1454
149 1482
149 1485
149 1722
149 1776
150 567
150 607
150 842
150 1278
150 1412
150 1510
150 1857
151 155
151 265
151 443
151 473
151 586
151 891
151 1302
151 1476
151 1560
151 1571
151 1601
151 1720
151 1772
152 175
152 225
152 503
152 1068
152 1379
152 1495
152 1666
152 1782
152 1830
152 1835
152 1842
153 776
153 995
153 1513
153 1600
154 372
154 466
154 683
154 697
154 795
154 968
154 1363
154 1563
154 1716
154 1755
154 1844
155 402
155 654
155 743
155 919
155 1585
156 629
156 832
156 911
156 1086
156 1108
156 1132
156 1227
156 1325
156 1351
156 1495
156 1826
156 1865
156 1935
157 313
157 748
157 764
157 955
157 1547
157 1891
157 1974
158 252
158 536
158 725
158 1164
158 1335
158 1344
158 1594
158 1648
158 1822
159 511
159 661
159 726
159 739
159 874
159 909
159 1322
159 1343
159 1757
160 356
160 424
160 618
160 853
160 862
160 874
160 1150
160 1212
160 1821
161 320
161 393
161 708
161 1093
161 1183
161 1632
162 175
162 293
162 375
162 494
162 708
162 856
162 875
162 1189
162 1222
162 1967
163 180
163 220
163 284
163 435
163 664
163 910
163 1043
163 1199
163 1253
163 1335
163 1489
163 1628
164 299
164 717
164 737
164 868
164 917
164 960
164 1366
164 1396
164 1675
164 1811
164 1819
164 1945
165 173
165 373
165 508
165 510
165 772
165 823
165 974
165 1322
165 1410
165 1530
165 1591
165 1875
165 1922
165 1997
166 420
166 855
166 1244
166 1304
166 1907
167 207
167 360
167 587
167 623
167 715
167 1094
167 1160
167 1162
167 1218
167 1327
167 1507
167 1937
168 419
168 474
168 492
168 837
168 843
168 1106
168 1313
168 1315
168 1700
168 1894
168 1902
169 253
169 322
169 465
169 566
169 631
169 676
169 681
169 939
169 1088
169 1492
170 355
170 406
170 1123
170 1444
170 1719
171 428
171 486
171 583
171 662
171 1034
171 1465
171 1944
171 1995
172 795
172 920
172 1361
172 1581
172 1587
172 1727
172 1933
173 327
173 344
173 609
173 1134
173 1265
173 1455
173 1604
173 1861
173 1968
174 305
174 396
174 406
174 547
174 642
174 861
174 1365
174 1716
174 1797
174 1854
175 739
175 1338
175 1741
175 1792
175 1811
175 1947
175 1949
176 421
176 495
176 521
176 573
176 851
176 1193
176 1283
176 1508
176 1538
176 1548
176 1632
177 662
177 800
177 1025
177 1105
177 1202
177 1639
178 520
178 731
178 931
178 1377
178 1469
178 1583
179 573
179 1051
179 1377
179 1605
179 1879
180 686
180 895
180 1408
180 1489
180 1594
180 1634
180 1708
180 1710
180 1849
181 278
181 726
181 820
181 1455
181 1991
182 285
182 592
182 1011
182 1173
182 1468
182 1978
183 186
183 804
183 851
183 972
183 1339
183 1479
183 1994
184 464
184 568
184 804
184 939
184 1091
184 1312
184 1391
184 1428
184 1444
184 1463
184 1575
184 1803
184 1888
185 226
185 533
185 563
185 740
185 1306
185 1383
185 1525
185 1665
186 220
186 387
186 429
186 1199
186 1246
186 1678
186 1953
187 290
187 504
187 611
187 659
187 696
187 1159
187 1464
187 1558
188 247
188 481
188 661
188 674
188 762
188 861
188 1034
188 1770
189 196
189 356
189 390
189 1408
189 1533
189 1972
190 289
190 323
190 759
190 1259
190 1821
190 1921
191 282
191 529
191 713
191 1172
191 1856
191 1868
192 503
192 1147
192 1221
192 1515
192 1688
193 360
193 373
193 496
193 1683
193 1845
193 1858
194 534
194 720
194 741
194 954
194 1108
194 1413
194 1609
194 1811
194 1812
194 1982
195 213
195 387
195 492
195 546
195 842
195 871
195 1294
195 1387
195 1700
195 1768
195 1945
196 214
196 216
196 470
196 612
196 888
196 1030
196 1103
196 1470
196 1497
196 1582
196 1695
196 1842
196 1884
196 1974
197 290
197 1700
197 1969
198 259
198 435
198 441
198 1346
198 1372
198 1401
198 1402
198 1445
198 1729
198 1807
199 326
199 435
199 594
199 1058
199 1147
199 1640
199 1645
199 1883
200 340
200 1247
200 1377
200 1454
200 1633
200 1653
200 1903
201 208
201 303
201 628
201 794
201 1367
201 1867
201 1876
201 1881
201 1891
202 1048
202 1064
202 1223
202 1236
202 1307
202 1612
203 529
203 564
203 668
203 1006
203 1266
203 1423
203 1513
204 226
204 276
204 513
204 808
204 926
204 1502
205 244
205 432
205 535
205 682
205 712
205 768
205 843
205 895
205 1226
205 1420
205 1760
205 1817
206 238
206 320
206 593
206 690
206 775
206 914
206 951
206 1185
206 1262
206 1272
206 1439
207 213
207 309
207 620
207 846
207 853
207 1011
207 1068
207 1115
207 1269
207 1356
207 1615
207 1804
207 1883
207 1947
208 864
208 991
208 1332
208 1426
208 1510
208 1531
208 1766
209 443
209 496
209 553
209 985
209 1192
209 1276
209 1592
210 232
210 434
210 595
210 1495
210 1730
210 1735
210 1763
210 1815
210 1826
210 1830
210 1832
210 1836
211 1301
211 1391
211 1576
211 1727
211 1739
212 283
212 752
212 760
212 1397
212 1691
212 1770
212 1870
212 1936
213 625
213 883
213 1011
213 1160
213 1472
213 1755
214 365
214 710
214 1088
214 1224
214 1277
214 1504
214 1798
214 1836
214 1905
215 465
215 562
215 857
215 1041
215 1093
215 1360
215 1411
215 1458
215 1691
216 254
216 307
216 317
216 858
216 987
216 1095
216 1233
216 1644
216 1969
217 277
217 382
217 693
217 697
217 760
217 835
217 884
217 1205
217 1286
217 1481
217 1985
218 420
218 794
218 809
218 1170
218 1857
218 1868
218 1929
219 329
219 829
219 1019
219 1130
219 1741
219 1795
219 1846
219 1984
220 343
220 558
220 637
220 808
220 1035
220 1184
220 1216
220 1225
220 1248
220 1309
220 1474
220 1511
220 1859
220 1881
220 1909
220 1912
221 615
221 635
221 1222
221 1314
221 1895
222 488
222 516
222 519
222 936
222 1008
222 1296
222 1311
222 1365
222 1503
222 1519
222 1617
222 1628
223 370
223 431
223 498
224 401
224 409
224 419
224 452
224 501
224 551
224 737
224 1013
224 1269
224 1389
225 231
225 671
225 711
225 1357
225 1612
226 522
226 557
226 600
226 1216
226 1260
226 1960
227 230
227 500
227 635
227 657
227 926
227 962
227 1447
227 1629
228 326
228 334
228 356
228 1004
228 1292
228 1302
228 1712
228 1720
228 1978
229 293
229 326
229 542
229 856
229 966
229 1080
229 1303
229 1642
229 1707
229 1791
229 1855
229 1949
230 269
230 320
230 609
230 1053
230 1091
230 1472
230 1605
230 1809
231 378
231 478
231 571
231 880
231 886
231 1329
232 252
232 258
232 461
232 579
232 1578
233 1039
233 1378
233 1458
233 1498
233 1554
233 1871
234 466
234 892
234 1065
234 1579
235 254
235 971
235 1042
235 1510
235 1530
235 1619
235 1733
235 1851
236 513
236 580
236 609
236 949
236 1244
236 1268
236 1426
236 1443
236 1450
236 1565
236 1612
236 1802
237 912
237 1216
237 1282
237 1488
237 1508
237 1640
237 1828
238 263
238 514
238 626
238 899
238 1050
238 1703
238 1941
239 706
239 1100
239 1182
239 1239
239 1525
239 1625
240 376
240 488
240 593
240 681
240 758
240 892
240 952
240 1191
240 1226
240 1378
240 1439
240 1482
240 1500
240 1518
240 1531
240 1851
241 658
241 958
241 1031
241 1471
241 1523
241 1599
241 1673
241 1863
241 1879
242 391
242 442
242 571
242 585
242 1176
242 1282
242 1410
242 1584
242 1585
242 1885
243 756
243 914
243 1109
243 1120
243 1472
243 1627
243 1928
243 1935
244 517
244 593
244 797
244 928
244 1203
244 1257
244 1505
244 1917
244 1964
245 364
245 392
245 395
245 468
245 1663
245 1728
245 1803
245 1889
245 1948
245 1968
246 465
246 550
246 934
246 1137
246 1217
246 1547
246 1858
247 514
247 753
247 833
247 913
247 1387
247 1653
247 1719
247 1769
247 1887
247 1932
248 343
248 375
248 993
248 1014
248 1051
248 1128
248 1338
248 1903
249 299
249 1142
249 1269
249 1468
249 1615
250 935
250 1376
250 1616
250 1634
250 1857
251 477
251 647
251 706
251 786
251 1023
251 1487
251 1623
251 1633
251 1674
252 783
252 899
252 924
252 1302
252 1506
252 1811
253 301
253 399
253 452
253 593
253 618
253 983
253 989
253 1903
253 1996
254 297
254 481
254 1238
254 1241
254 1322
254 1394
254 1593
255 276
255 511
255 654
255 660
255 667
255 706
255 884
255 1122
255 1621
255 1909
256 264
256 596
256 611
256 883
256 1221
256 1825
256 1965
257 433
257 538
257 907
257 1138
257 1448
258 805
259 298
259 457
259 780
259 1332
259 1805
259 1920
260 658
260 790
260 1197
260 1206
260 1364
260 1662
260 1758
260 1776
260 1883
261 440
261 634
261 788
261 1285
261 1610
261 1695
261 1762
261 1889
262 441
262 671
262 967
262 1455
262 1542
262 1691
262 1807
263 291
263 445
263 492
263 663
263 1212
263 1411
263 1428
263 1518
263 1647
263 1712
263 1927
264 380
264 639
264 1108
264 1114
264 1606
264 1696
265 634
265 777
265 1009
265 1225
265 1345
265 1444
265 1485
265 1864
265 1900
266 339
266 920
266 1024
266 1195
266 1709
266 1910
267 364
267 515
267 828
267 1099
267 1243
267 1440
268 643
268 965
268 995
268 1411
268 1546
268 1818
268 1894
269 913
269 1078
269 1248
269 1386
269 1534
269 1621
269 1893
269 1919
269 1996
270 405
270 453
270 507
270 769
270 1009
270 1130
270 1375
270 1657
270 1684
271 947
271 1428
271 1761
272 1333
272 1394
272 1762
273 603
273 661
273 1223
273 1638
273 1717
273 1798
273 1827
273 1895
273 1910
274 548
274 657
274 1120
274 1338
274 1399
274 1469
275 284
275 359
275 476
275 600
275 1039
275 1193
275 1262
275 1354
276 754
276 1106
276 1261
276 1443
276 1956
276 1968
276 1984
277 296
277 405
277 660
277 812
277 903
277 999
277 1163
277 1348
277 1366
277 1632
277 1878
278 524
278 534
278 912
278 1202
278 1679
278 1699
279 636
279 1485
280 378
280 397
280 1051
280 1399
280 1526
280 1621
280 1713
280 1801
281 1122
281 1430
281 1762
282 349
282 838
282 883
282 931
282 1057
282 1295
282 1481
282 1559
283 490
283 571
283 586
283 817
283 966
283 1103
283 1530
283 1548
284 287
284 495
284 528
284 762
284 1016
284 1170
284 1420
284 1429
284 1579
284 1769
285 969
285 984
285 1021
285 1250
285 1685
285 1727
285 1856
285 1933
286 298
286 440
286 635
286 1070
286 1393
286 1864
286 1923
286 1947
287 425
287 1036
287 1298
287 1890
287 1906
288 447
288 771
288 1292
288 1640
289 481
289 772
289 1210
289 1399
289 1559
289 1621
289 1945
290 360
290 384
290 485
290 547
290 1026
290 1266
290 1389
290 1683
290 1852
290 1906
291 750
291 902
291 1176
291 1186
291 1291
291 1598
292 1028
292 1203
292 1244
292 1376
292 1519
292 1921
293 343
293 753
293 1418
293 1501
293 1545
294 581
294 592
294 713
294 975
294 1123
294 1147
294 1247
294 1315
294 1436
294 1585
294 1778
294 1845
295 324
295 497
295 651
295 970
295 1296
295 1542
295 1938
296 353
296 778
296 861
296 993
296 1189
296 1277
296 1412
296 1652
297 446
297 544
297 813
297 1065
297 1300
297 1771
297 1824
298 429
298 462
298 728
298 879
298 915
298 1657
298 1922
299 478
299 685
299 739
299 1153
299 1191
299 1271
299 1286
299 1395
300 306
300 651
300 1286
300 1977
301 546
301 585
301 694
301 902
301 1011
301 1194
301 1768
301 1946
302 1190
302 1809
302 1895
303 475
303 530
303 593
303 645
303 675
303 712
303 841
303 943
303 945
303 1301
303 1328
303 1346
303 1741
303 1833
304 394
304 431
304 604
304 646
304 770
304 792
304 1038
304 1332
304 1425
304 1518
304 1618
304 1796
304 1990
305 596
305 698
305 1082
305 1153
305 1188
305 1287
305 1347
305 1800
305 1849
305 1865
305 1917
305 1984
306 497
306 769
306 923
306 1098
306 1171
306 1752
306 1830
306 1928
307 678
307 1030
307 1508
307 1726
307 1807
307 1996
308 1443
308 1653
308 1668
308 1934
309 322
309 616
309 858
309 915
309 1102
309 1850
309 1856
310 344
310 435
310 831
310 878
310 888
310 898
310 1025
310 1671
311 453
311 490
311 529
311 1333
311 1389
311 1672
311 1731
311 1767
311 1860
312 1062
312 1440
312 1483
312 1732
313 339
313 872
313 924
313 966
313 1108
313 1187
313 1307
313 1467
313 1955
313 1971
314 480
314 638
314 706
314 742
314 928
314 961
314 1212
314 1264
314 1429
314 1443
314 1508
314 1552
314 1719
314 1741
314 1799
314 1805
315 361
315 586
315 842
315 1153
315 1935
316 583
316 757
316 1060
316 1178
316 1557
316 1612
316 1759
317 341
317 445
317 683
317 873
317 917
317 1043
317 1235
317 1321
317 1393
318 653
318 990
318 1058
318 1368
318 1654
318 1942
319 357
319 432
319 696
319 852
319 1277
319 1299
319 1665
319 1773
319 1830
320 395
320 825
320 1081
320 1214
320 1509
320 1616
320 1668
321 527
321 591
321 593
321 602
321 707
321 899
321 1112
321 1143
321 1216
321 1497
321 1742
321 1998
322 584
322 784
322 1028
322 1122
322 1776
322 1977
323 510
323 540
323 679
323 743
323 1514
324 341
324 1749
324 1887
324 1939
325 559
325 1779
326 402
326 562
326 1335
326 1537
326 1889
327 527
327 589
327 691
327 855
327 961
327 977
327 1006
327 1056
327 1238
327 1511
327 1959
328 493
328 1165
328 1265
328 1564
328 1725
328 1740
328 1751
328 1806
329 418
329 467
329 944
329 953
329 1021
329 1070
329 1553
329 1662
329 1835
330 427
330 550
330 692
330 784
330 811
330 1070
330 1463
330 1832
331 806
331 893
331 1251
331 1910
332 372
332 454
332 590
332 821
332 893
332 972
333 757
333 1017
333 1468
333 1734
334 621
334 991
334 1151
334 1280
334 1316
335 501
335 526
335 809
335 928
335 982
335 1231
335 1237
335 1286
335 1381
335 1401
335 1517
335 1911
336 693
336 1089
336 1252
336 1637
336 1673
336 1691
336 1869
336 1915
337 1086
337 1268
337 1333
337 1609
337 1737
337 1785
338 744
338 954
338 1012
338 1563
338 1787
338 1834
339 1330
339 1350
340 386
340 742
340 763
340 1300
340 1348
340 1608
340 1727
340 1806
340 1851
340 1936
340 1942
341 643
341 978
341 1101
341 1169
341 1190
341 1291
341 1829
341 1906
342 445
342 610
342 819
342 1357
342 1509
342 1610
342 1770
342 1895
343 960
343 1242
343 1430
343 1733
343 1998
344 435
344 597
344 894
344 983
344 1084
344 1109
344 1123
344 1324
344 1333
344 1680
345 613
345 1224
345 1393
345 1439
345 1489
345 1559
345 1577
345 1884
345 1895
346 672
346 886
346 1578
346 1650
346 1747
346 1803
347 438
347 784
347 1635
348 419
348 772
348 923
348 927
348 1010
348 1126
348 1270
348 1375
348 1672
348 1815
348 1970
349 567
349 569
349 734
349 1038
349 1176
349 1248
349 1556
349 1663
349 1701
349 1794
350 389
350 408
350 516
350 876
350 1018
350 1085
350 1464
351 422
351 1544
351 1684
351 1831
352 456
352 826
352 915
352 993
352 1355
352 1493
352 1788
353 768
353 850
353 1745
354 469
354 1713
355 378
355 593
355 802
355 941
355 1292
355 1365
355 1428
355 1639
355 1841
356 663
356 755
356 823
356 959
356 1160
356 1310
356 1465
356 1545
356 1648
357 415
357 452
357 490
357 542
357 806
357 876
357 923
357 969
357 1282
357 1757
357 1817
357 1951
357 1994
358 953
358 985
358 1726
359 469
359 1368
359 1433
359 1648
359 1925
360 740
360 914
360 986
360 1153
360 1235
360 1241
360 1288
360 1364
360 1686
360 1860
360 1934
360 1948
361 444
361 1239
361 1410
361 1549
362 733
362 1119
362 1179
362 1383
362 1535
363 489
363 938
363 1267
363 1294
363 1343
363 1622
363 1861
363 1872
364 413
364 761
364 798
364 854
364 1414
364 1436
364 1807
365 478
365 504
365 619
365 1056
365 1209
365 1215
365 1468
365 1488
366 415
366 533
366 605
366 1063
366 1145
366 1224
366 1466
366 1711
367 466
367 513
367 547
367 673
367 693
367 742
367 1018
367 1290
367 1562
367 1579
367 1738
367 1810
368 485
368 576
368 922
368 1147
368 1495
368 1522
368 1812
368 1833
369 370
369 552
369 877
369 1196
369 1349
369 1351
369 1606
369 1614
370 561
370 793
370 836
370 1152
370 1160
370 1403
370 1439
370 1714
370 1743
370 1820
370 1878
370 1990
371 436
371 625
371 631
371 889
371 1158
371 1229
371 1412
371 1439
371 1545
371 1951
372 407
372 503
372 525
372 845
372 911
372 1568
372 1802
373 449
373 532
373 665
373 735
373 754
373 979
373 1068
373 1193
373 1315
373 1325
373 1924
374 490
374 972
374 1014
374 1046
374 1098
374 1718
375 414
375 513
375 992
375 1085
375 1660
376 1430
376 1562
376 1686
377 392
377 473
377 1210
377 1234
377 1784
377 1848
378 482
378 878
378 1595
378 1883
379 431
379 537
379 599
379 663
379 1155
379 1259
379 1301
379 1822
379 1866
380 437
380 444
380 570
380 733
380 1050
380 1952
381 855
381 1382
381 1419
381 1565
381 1625
381 1744
381 1766
381 1780
382 641
382 720
382 1292
382 1350
382 1406
382 1722
382 1905
383 614
383 643
383 730
383 1201
383 1308
383 1386
383 1489
383 1498
383 1550
384 460
384 1378
384 1428
384 1573
385 884
385 1055
385 1407
385 1722
385 1737
385 1895
385 1910
385 1982
386 824
386 915
386 1683
386 1843
387 396
387 491
387 502
387 712
387 758
387 843
387 858
387 913
387 1070
387 1169
387 1406
387 1453
387 1639
387 1691
388 490
388 497
388 526
388 732
388 863
388 916
388 972
388 1032
388 1372
388 1385
389 455
389 571
389 756
389 1257
389 1450
389 1512
389 1782
390 556
390 590
390 930
390 1002
390 1186
390 1403
390 1612
390 1630
391 581
391 777
391 1005
391 1172
391 1250
391 1812
392 505
392 521
392 760
392 1120
392 1220
392 1261
392 1404
392 1441
392 1684
392 1725
392 1807
393 1030
393 1058
393 1378
393 1415
394 395
394 1250
394 1319
394 1531
394 1676
394 1913
395 407
395 690
395 742
395 1184
395 1745
396 418
396 483
396 1010
396 1077
396 1132
396 1228
396 1711
396 1764
397 684
397 1036
397 1112
397 1608
397 1734
397 1744
398 551
398 813
398 1199
398 1237
398 1370
398 1807
399 403
399 506
399 591
399 1197
399 1243
399 1362
399 1463
399 1579
400 431
400 782
400 923
400 1297
400 1445
401 606
401 847
401 962
401 1452
401 1481
401 1665
401 1818
401 1905
402 537
402 684
402 755
402 813
402 1426
402 1479
402 1725
402 1758
402 1786
402 1789
402 1860
403 481
403 852
403 1230
403 1262
403 1485
404 967
404 1032
404 1098
404 1651
405 506
405 610
405 686
405 738
405 759
405 1160
405 1441
405 1502
405 1588
406 484
406 666
406 744
406 912
406 926
406 930
406 1156
406 1177
406 1279
406 1337
406 1407
406 1747
407 469
407 535
407 630
407 953
407 1498
407 1648
407 1820
408 1017
408 1280
408 1972
409 419
409 550
409 565
409 570
409 711
409 792
409 1100
409 1271
409 1446
409 1560
409 1562
410 443
410 451
410 831
410 1017
410 1316
410 1331
410 1452
410 1713
411 761
411 824
411 1423
411 1765
411 1804
412 829
412 1666
412 1802
412 1857
413 413
413 429
413 1107
413 1289
413 1479
413 1793
413 1848
413 1911
414 797
414 1018
414 1520
414 1667
415 477
415 484
415 524
415 1969
415 1988
416 456
416 722
416 1140
416 1311
416 1456
416 1755
416 1800
416 1916
416 1969
416 1975
417 466
417 505
417 507
417 879
417 1093
417 1544
417 1807
417 1950
418 448
418 519
418 1373
418 1498
418 1615
418 1702
418 1797
419 983
419 1537
419 1552
419 1771
419 1893
419 1900
420 1736
421 511
421 729
421 786
421 1050
421 1199
421 1296
421 1786
421 1797
421 1902
421 1993
422 490
422 848
422 1005
422 1338
422 1343
422 1395
423 442
423 674
423 990
423 1136
423 1202
423 1438
423 1481
423 1895
423 1918
424 814
424 1376
424 1537
425 476
425 942
425 1234
425 1450
426 552
426 708
426 769
426 793
426 992
426 1695
427 464
427 1005
427 1082
427 1700
427 1819
428 585
428 631
428 656
428 689
428 1014
428 1233
428 1269
428 1394
428 1397
428 1579
428 1802
429 657
429 819
429 896
429 1011
429 1145
429 1627
429 1700
429 1738
429 1818
429 1942
429 1993
430 493
430 632
430 728
430 910
430 1067
430 1257
430 1387
430 1567
430 1911
431 590
431 888
431 1622
431 1641
432 485
432 605
432 620
432 936
432 1589
432 1867
432 1945
433 593
433 1282
433 1804
433 1870
434 606
434 892
434 932
434 949
435 463
435 675
435 1018
435 1057
435 1092
435 1396
435 1762
435 1878
436 728
436 1264
436 1724
436 1729
436 1941
437 437
437 668
437 1015
437 1144
437 1495
437 1615
437 1661
437 1909
438 585
438 759
438 1082
438 1106
438 1160
438 1272
438 1360
438 1867
439 826
439 1021
439 1053
439 1405
440 618
440 1087
440 1210
441 657
441 824
441 951
441 955
441 1059
441 1324
441 1457
441 1718
441 1750
441 1869
442 458
442 1075
442 1101
442 1938
442 1979
443 865
443 1260
443 1284
443 1425
443 1486
443 1752
444 617
444 670
444 684
444 1011
444 1585
444 1591
444 1737
444 1754
445 1138
445 1325
445 1457
445 1676
445 1888
446 481
446 580
446 609
446 630
446 1195
446 1511
446 1603
446 1763
447 630
447 1289
447 1663
447 1925
448 552
448 607
448 833
448 1005
448 1071
448 1314
448 1424
448 1785
449 877
449 993
449 1273
449 1340
449 1494
449 1680
449 1789
449 1799
449 1898
449 1911
450 621
450 676
450 745
450 1044
450 1205
450 1502
450 1699
450 1909
451 607
451 887
451 1053
451 1214
451 1430
451 1516
451 1589
451 1693
451 1900
452 484
452 741
452 835
452 996
452 1327
453 634
453 1093
453 1263
453 1274
453 1365
453 1585
453 1772
454 830
454 1149
454 1230
454 1346
454 1717
455 536
455 592
455 809
455 888
455 968
455 1532
455 1855
456 700
456 848
456 857
456 883
456 933
456 1262
456 1386
456 1446
456 1480
456 1817
457 1004
457 1114
457 1530
458 819
458 1014
458 1247
458 1482
458 1489
458 1741
458 1819
459 605
459 880
459 910
459 1264
459 1293
459 1338
460 473
460 589
460 668
460 678
460 698
460 922
460 1209
460 1399
460 1926
461 1815
461 1874
461 1956
462 480
462 1166
462 1871
463 467
463 613
463 926
463 1017
463 1130
463 1154
463 1220
463 1348
463 1667
463 1763
463 1958
464 909
464 1439
464 1522
464 1805
465 494
465 668
465 714
465 1671
466 1153
466 1342
466 1415
466 1427
466 1715
466 1766
466 1791
467 495
467 590
467 751
467 774
467 1670
467 1694
467 1945
468 483
468 497
468 807
468 1173
468 1667
469 568
469 1312
470 504
470 1061
470 1643
470 1693
470 1845
470 1973
471 648
471 701
471 1060
471 1211
471 1353
471 1480
471 1570
471 1656
471 1690
471 1937
472 484
472 1139
472 1478
472 1490
472 1626
473 509
473 573
473 770
473 1615
473 1809
473 1868
474 1471
474 1553
474 1683
474 1703
475 768
475 1004
475 1028
475 1175
476 594
476 643
476 699
476 987
476 1046
476 1412
476 1454
476 1944
477 497
477 795
477 1009
477 1169
477 1183
477 1435
477 1445
477 1671
477 1830
477 1959
478 833
478 1342
478 1364
478 1733
478 1769
478 1982
479 1141
479 1368
479 1376
479 1692
479 1721
479 1938
479 1957
480 596
480 708
480 1203
480 1871
481 498
481 683
481 1163
481 1211
481 1321
481 1485
481 1490
481 1532
482 505
482 971
482 1175
482 1294
482 1553
483 1210
483 1362
483 1692
483 1701
483 1995
484 607
484 848
484 1528
484 1609
484 1671
484 1676
485 913
485 1112
485 1407
485 1577
486 642
486 730
486 771
486 866
486 907
486 1074
486 1184
486 1206
486 1323
486 1597
486 1696
486 1811
487 937
487 1057
487 1212
487 1497
487 1573
487 1677
487 1808
487 1922
487 1963
488 509
488 1044
488 1167
489 1068
489 1244
489 1599
489 1837
489 1872
490 1497
490 1600
490 1672
491 687
491 967
491 1019
491 1981
491 1983
492 508
492 799
492 873
492 1009
492 1301
493 666
493 698
493 806
493 1293
493 1444
493 1954
494 627
494 759
494 978
494 1164
494 1430
494 1469
494 1660
494 1725
494 1769
495 699
495 809
495 820
495 1238
495 1441
496 575
496 1665
497 843
497 1378
497 1397
497 1561
498 521
498 656
498 861
498 900
498 1362
498 1472
498 1869
499 649
499 662
499 743
499 1089
499 1466
499 1611
499 1904
500 787
500 1273
500 1342
500 1701
501 672
501 1107
501 1352
501 1852
502 532
502 695
502 757
502 973
502 1412
502 1447
502 1483
502 1602
502 1713
503 1250
503 1280
503 1341
503 1782
504 626
504 826
504 1378
504 1712
504 1960
505 858
505 880
505 1261
505 1284
505 1302
505 1486
506 766
506 995
506 1055
506 1198
506 1296
506 1454
507 943
507 967
507 1095
507 1113
507 1258
507 1456
508 1109
508 1218
508 1636
509 1393
509 1443
509 1503
509 1517
509 1539
509 1546
510 1169
510 1225
510 1297
510 1349
510 1378
510 1488
510 1712
510 1730
510 1796
511 1129
511 1971
512 538
512 688
512 965
512 1181
512 1776
513 985
513 1072
513 1469
513 1617
513 1907
514 554
514 693
514 868
514 1353
514 1612
514 1956
515 605
515 845
515 933
515 1126
515 1350
515 1545
515 1878
515 1918
516 722
516 751
516 916
516 1066
516 1163
516 1377
516 1402
516 1566
516 1633
517 614
517 659
517 780
517 1630
517 1884
517 1937
517 1994
518 558
518 1093
518 1239
518 1730
519 590
519 1056
519 1302
519 1355
519 1378
519 1564
519 1860
520 579
520 708
520 1233
520 1318
520 1340
520 1369
520 1377
520 1755
521 631
521 743
521 783
521 784
521 1129
521 1344
521 1497
521 1663
522 543
522 647
522 809
522 1554
522 1848
523 887
523 890
523 1507
523 1818
523 1906
523 1996
524 655
524 658
524 793
524 1442
524 1534
524 1762
525 1269
525 1878
526 574
526 934
526 1650
527 567
527 611
527 913
527 1639
527 1825
528 581
528 638
528 848
528 1019
528 1365
528 1562
528 1669
529 629
529 780
529 815
529 1083
529 1181
529 1414
529 1454
529 1669
530 717
530 1395
530 1499
531 697
531 934
531 1738
531 1814
532 582
532 938
532 1235
532 1421
532 1482
533 664
533 867
533 1046
533 1260
533 1436
533 1561
533 1707
534 587
534 722
534 1135
534 1261
535 1031
535 1441
536 848
536 953
536 1278
536 1286
536 1545
536 1824
537 856
537 1344
537 1450
537 1907
538 671
538 880
538 1043
538 1510
538 1528
538 1803
538 1879
539 681
539 897
539 988
539 1045
539 1102
539 1277
539 1292
539 1432
539 1535
539 1537
539 1621
539 1654
539 1670
540 775
540 876
540 1013
540 1057
540 1080
540 1272
540 1366
540 1603
540 1705
541 562
541 646
541 989
541 1489
541 1583
541 1605
542 1097
542 1112
542 1888
542 1905
543 571
543 621
543 847
543 1003
543 1004
543 1852
543 1872
544 678
544 1162
544 1247
544 1290
544 1301
544 1680
544 1721
544 1792
544 1877
545 579
545 597
545 642
545 869
545 1056
545 1394
545 1434
546 1570
546 1685
546 1705
547 1004
547 1408
547 1591
547 1948
548 755
548 875
548 983
548 1107
548 1286
548 1318
548 1864
549 739
549 1127
549 1175
549 1960
550 761
550 796
550 944
550 1600
551 616
551 729
551 733
551 754
551 1031
551 1092
551 1095
551 1110
551 1111
551 1208
551 1719
552 707
552 708
552 947
552 1074
552 1157
553 824
553 1078
553 1283
553 1328
553 1523
553 1849
553 1893
553 1969
554 611
554 1218
554 1858
555 588
555 653
555 654
555 903
555 1009
555 1167
555 1516
556 599
556 621
556 883
556 910
556 977
556 1055
556 1091
556 1144
556 1248
556 1263
556 1523
557 771
557 1246
557 1774
557 1872
557 1905
558 626
558 1042
558 1331
558 1431
558 1433
559 578
559 785
559 799
559 830
559 843
559 934
559 1166
559 1211
559 1398
559 1500
559 1614
559 1691
559 1693
559 1914
560 1022
560 1132
560 1889
560 1911
561 681
561 1216
561 1459
561 1536
561 1612
561 1669
562 601
562 665
562 1239
562 1503
562 1785
562 1936
562 1996
563 608
563 616
563 983
563 1403
563 1518
563 1819
563 1899
564 803
564 869
564 899
564 1156
564 1440
564 1460
564 1726
565 691
565 707
565 1124
565 1129
565 1176
565 1223
565 1969
565 1978
566 694
566 847
566 863
566 905
566 1414
566 1863
567 849
567 942
567 1214
567 1521
567 1781
567 1829
568 666
568 1006
568 1126
568 1412
568 1506
568 1852
569 783
569 959
569 1774
569 1918
570 692
570 697
570 770
570 811
570 873
570 978
570 1634
571 1397
571 1688
571 1830
571 1864
572 710
572 953
572 971
572 1186
572 1322
572 1427
572 1497
573 730
573 818
573 1363
573 1374
573 1522
573 1656
573 1681
574 625
574 880
574 1040
574 1363
575 797
575 825
575 828
575 878
575 919
575 1401
575 1482
575 1590
575 1738
575 1953
576 752
576 802
576 1011
576 1030
576 1320
576 1341
577 756
577 792
577 1062
577 1148
577 1219
577 1493
577 1523
577 1537
577 1741
577 1765
578 585
578 711
578 951
578 1021
578 1474
578 1476
578 1514
578 1553
578 1658
578 1713
578 1767
579 592
579 656
579 920
579 1287
579 1381
579 1887
579 1897
580 814
580 1429
580 1489
580 1632
580 1656
580 1783
580 1981
581 926
582 708
582 800
582 1129
582 1337
582 1349
582 1580
583 586
583 1131
583 1264
583 1304
583 1937
583 1971
584 956
584 1263
584 1543
585 947
585 1165
585 1253
585 1436
585 1659
585 1725
586 879
586 1271
586 1408
586 1455
586 1463
586 1680
586 1725
587 1090
587 1482
587 1977
588 912
588 997
588 1167
588 1252
588 1487
588 1512
588 1719
588 1827
589 766
589 1305
589 1491
589 1942
590 1623
590 1710
590 1792
590 1994
591 633
591 1343
591 1482
591 1519
591 1864
592 942
592 1323
592 1370
592 1386
592 1509
592 1697
592 1907
592 1945
593 939
593 1017
593 1091
593 1285
593 1290
593 1810
594 870
594 943
594 1342
594 1357
594 1663
594 1846
595 780
595 1189
595 1320
595 1606
595 1744
595 1870
595 1966
596 836
596 994
596 1143
596 1803
596 1839
597 645
597 697
597 1286
597 1554
597 1749
598 955
598 1002
598 1090
598 1105
598 1214
598 1218
598 1495
598 1525
598 1566
598 1571
598 1645
598 1825
599 760
599 982
599 1444
600 1130
600 1227
600 1308
601 643
601 815
601 909
601 971
601 1102
601 1156
601 1267
601 1989
602 609
602 650
602 725
602 1286
602 1455
602 1541
603 694
603 980
603 1036
603 1170
603 1354
603 1392
603 1432
603 1442
603 1495
603 1545
603 1555
603 1591
603 1644
604 717
604 802
604 1184
604 1283
604 1492
604 1554
604 1749
604 1799
605 828
605 1557
605 1561
605 1575
605 1597
605 1662
605 1701
605 1983
606 1373
607 651
607 728
607 734
607 1323
607 1346
607 1603
608 753
608 1327
608 1366
608 1685
608 1723
608 1728
608 1778
608 1915
609 853
609 1326
610 672
610 740
610 1860
610 1938
610 1964
610 1994
611 612
611 677
611 769
611 1512
611 1694
611 1809
612 672
612 679
612 875
612 882
612 1155
612 1181
612 1645
612 1868
613 644
613 647
613 942
613 1217
613 1315
613 1692
614 1069
614 1359
614 1394
614 1705
615 811
615 935
615 1142
615 1352
615 1436
615 1931
616 847
616 848
616 988
616 1147
616 1926
616 1935
616 1958
617 1024
617 1108
617 1301
617 1531
617 1766
617 1813
617 1868
618 808
618 814
618 951
618 956
618 1326
618 1612
618 1776
619 753
619 1408
619 1806
619 1908
620 749
620 1007
620 1011
620 1059
620 1124
620 1376
620 1741
620 1779
620 1873
621 671
621 848
621 1194
622 761
622 773
622 1020
622 1197
622 1219
622 1585
622 1625
622 1971
623 1117
623 1204
623 1276
623 1567
623 1604
623 1820
623 1877
624 673
624 823
624 910
624 1029
624 1272
624 1493
624 1517
624 1541
624 1567
624 1765
624 1861
624 1955
625 673
625 854
625 1204
625 1652
625 1844
625 1961
626 647
626 794
626 944
626 1393
626 1408
626 1781
626 1830
627 752
627 1211
627 1622
627 1627
628 942
628 1843
629 1132
629 1224
629 1276
629 1694
629 1720
629 1914
629 1939
630 758
630 1023
630 1098
630 1105
630 1189
630 1214
630 1319
630 1521
630 1736
630 1961
631 652
631 762
631 1379
631 1962
632 727
632 803
632 929
632 1077
632 1339
632 1400
633 1098
633 1099
633 1448
633 1754
633 1828
633 1924
634 635
634 650
634 655
634 789
634 1230
634 1507
634 1556
634 1768
635 653
635 837
635 1127
635 1458
635 1878
636 730
636 1215
636 1864
636 1994
637 1193
637 1287
637 1359
637 1416
637 1642
637 1709
637 1781
638 683
638 822
638 959
638 1249
638 1348
639 808
639 924
639 1302
639 1404
639 1447
639 1474
639 1803
639 1819
640 1066
640 1404
640 1468
640 1639
640 1763
641 661
641 1573
641 1711
641 1743
641 1793
641 1984
642 658
642 741
642 1008
642 1018
642 1085
642 1226
642 1260
642 1371
642 1501
642 1533
642 1580
642 1617
642 1828
642 1963
643 977
643 1345
643 1567
643 1645
644 1213
644 1770
644 1863
644 1881
645 790
645 862
646 672
646 745
646 850
646 961
646 1096
646 1428
646 1439
646 1627
646 1774
646 1833
647 1001
647 1367
647 1604
647 1663
647 1772
647 1831
647 1967
648 870
648 1081
648 1402
648 1628
648 1798
648 1977
649 704
649 985
649 1131
649 1320
649 1330
649 1445
649 1478
649 1635
649 1744
650 1398
650 1747
651 1580
651 1672
651 1709
651 1758
651 1946
652 935
652 1394
652 1503
652 1586
652 1621
652 1637
652 1732
653 774
653 964
653 1047
653 1380
653 1666
653 1747
653 1901
654 742
654 751
654 962
654 1117
654 1783
655 869
656 657
656 972
656 1130
656 1445
656 1555
657 1122
657 1600
658 1817
659 722
659 852
659 1241
659 1428
659 1503
659 1755
659 1787
659 1900
660 1225
660 1625
660 1702
660 1708
660 1851
660 1968
661 918
661 1302
661 1324
661 1346
661 1500
661 1501
661 1816
662 1402
662 1659
662 1749
662 1761
663 670
663 822
663 839
663 1264
663 1740
664 831
664 1244
664 1278
664 1495
665 1049
665 1143
665 1346
665 1517
665 1651
665 1854
666 1717
666 1879
667 967
667 1026
667 1224
667 1570
667 1865
668 798
668 827
668 1070
668 1226
668 1891
668 1905
669 918
669 965
669 1444
669 1504
669 1518
669 1648
669 1679
670 1286
670 1867
671 726
671 1136
671 1357
671 1489
671 1760
671 1864
671 1990
672 1096
672 1197
672 1282
672 1368
672 1433
672 1817
673 865
673 1222
673 1255
673 1260
673 1603
673 1793
673 1953
674 789
674 1506
674 1691
674 1791
675 1829
676 859
676 1042
676 1117
676 1131
676 1368
676 1410
676 1809
677 705
677 867
677 889
677 1053
677 1289
677 1313
677 1328
677 1398
677 1502
678 985
678 1218
678 1702
678 1771
678 1786
678 1823
679 1206
679 1372
679 1380
679 1807
679 1953
680 755
680 759
680 862
680 1032
680 1288
680 1342
680 1801
681 811
681 1370
681 1917
682 781
682 1006
682 1136
682 1318
682 1472
682 1662
682 1806
683 841
683 875
684 965
684 993
684 1265
684 1416
684 1480
684 1655
684 1769
684 1782
684 1870
685 782
685 859
685 1350
685 1789
685 1849
685 1934
686 714
686 943
686 1941
687 841
687 1033
687 1457
687 1523
688 1531
688 1539
688 1670
688 1699
688 1913
688 1921
688 1947
689 788
689 789
689 1053
689 1372
689 1538
689 1683
690 1154
690 1187
690 1656
690 1706
690 1714
690 1869
690 1973
691 994
691 1750
692 1564
692 1818
693 765
693 846
693 901
693 1044
693 1646
693 1717
693 1952
693 1968
694 1087
694 1122
694 1480
694 1553
694 1592
694 1801
694 1816
695 716
695 1043
695 1090
695 1256
695 1342
695 1406
695 1446
695 1503
695 1991
696 1885
696 1963
696 1968
697 756
697 1596
697 1802
697 1903
698 733
698 744
698 873
698 1089
698 1345
698 1762
698 1855
698 1885
698 1899
699 774
699 1338
699 1381
699 1414
699 1659
700 1083
700 1253
700 1571
700 1980
701 961
701 1167
701 1572
701 1787
701 1825
701 1984
702 845
702 968
703 853
703 1160
703 1440
703 1572
703 1986
704 1541
704 1679
705 911
705 1077
705 1147
705 1534
705 1612
705 1990
706 757
706 1013
706 1175
706 1514
706 1568
706 1574
706 1796
706 1838
706 1846
707 1140
707 1185
707 1262
707 1282
707 1308
707 1379
707 1452
707 1533
707 1998
708 848
708 920
708 1054
708 1278
708 1401
709 752
709 779
709 1094
709 1185
709 1728
710 758
710 973
710 1182
710 1241
710 1469
710 1705
710 1787
711 711
711 932
711 1026
711 1283
711 1342
711 1788
712 803
712 1593
712 1604
712 1913
713 787
713 948
713 1389
713 1480
713 1783
713 1938
713 1964
714 721
714 1177
714 1328
714 1692
714 1940
715 876
715 997
715 1020
715 1623
715 1894
715 1901
716 1410
716 1565
716 1933
717 1085
717 1402
717 1619
717 1733
718 956
718 1021
718 1155
718 1243
718 1430
718 1491
718 1614
718 1881
718 1887
718 1980
719 934
719 1016
719 1885
719 1897
719 1915
720 830
720 1262
720 1310
720 1866
721 1002
721 1535
721 1620
721 1630
721 1684
721 1777
721 1919
721 1957
722 898
722 1164
722 1312
722 1324
722 1455
722 1471
722 1553
722 1566
723 860
723 972
723 1039
723 1225
723 1351
724 974
724 976
724 1266
724 1375
724 1394
724 1551
724 1589
724 1741
725 1107
725 1286
725 1325
725 1954
726 1044
726 1498
727 727
727 778
727 1380
727 1477
727 1638
727 1788
727 1878
728 786
728 880
728 1211
728 1254
728 1306
728 1583
729 1150
729 1313
729 1571
729 1597
729 1730
729 1786
729 1923
729 1940
730 1036
730 1078
730 1174
730 1202
730 1205
730 1416
730 1629
731 961
731 997
731 1524
731 1849
731 1865
732 979
732 1272
732 1507
732 1556
732 1709
733 777
733 954
733 1519
733 1560
733 1960
733 1965
734 871
734 1319
734 1362
734 1952
735 1119
735 1330
735 1554
735 1799
735 1995
736 757
736 870
736 1116
736 1349
736 1379
736 1850
736 1991
737 1125
737 1429
737 1521
738 1346
738 1833
738 1836
739 850
739 1416
739 1807
740 857
740 1447
741 1089
741 1150
741 1171
741 1204
742 957
742 1263
742 1404
742 1442
742 1938
743 1230
743 1346
743 1660
744 1103
744 1419
744 1469
744 1489
745 900
745 960
745 1108
745 1356
745 1658
745 1794
746 789
746 1152
746 1484
747 825
747 877
747 1019
748 1235
748 1559
748 1569
748 1683
748 1823
748 1945
749 983
749 1143
749 1450
749 1721
749 1962
750 769
750 848
750 926
750 968
750 1006
750 1038
750 1234
750 1290
750 1609
750 1638
750 1884
751 978
751 986
751 1073
751 1492
751 1571
751 1850
751 1930
752 1326
752 1535
752 1776
753 840
753 845
753 1356
753 1836
753 1929
753 1930
754 987
754 1050
754 1114
754 1494
754 1677
755 799
755 818
755 993
755 1178
755 1261
755 1580
755 1663
756 764
756 960
756 1290
756 1347
756 1487
756 1753
757 1018
757 1144
757 1707
757 1896
757 1948
757 1973
758 864
758 1098
758 1540
758 1962
759 1140
759 1213
760 766
760 861
760 965
760 977
760 1179
760 1222
760 1463
760 1663
760 1854
761 761
761 862
761 963
761 987
761 1021
761 1085
761 1158
761 1838
762 795
762 815
762 930
762 1508
762 1521
762 1610
762 1658
763 936
763 996
763 1009
763 1040
763 1140
763 1278
763 1834
764 1020
764 1092
764 1103
764 1120
764 1964
765 1162
765 1391
765 1857
765 1868
765 1909
766 875
766 1135
766 1164
766 1331
766 1532
766 1554
766 1645
766 1968
767 879
767 1066
767 1137
767 1161
767 1418
767 1573
767 1764
767 1773
767 1865
768 822
768 894
768 1049
768 1202
768 1755
769 943
769 1059
769 1313
769 1567
769 1711
769 1874
769 1875
769 1900
770 1054
770 1100
770 1425
770 1478
771 1020
771 1176
771 1241
771 1429
771 1571
771 1763
771 1783
772 946
772 987
772 1005
772 1171
772 1268
772 1398
772 1579
772 1636
772 1855
773 914
773 1090
773 1250
773 1325
773 1652
774 1330
774 1917
774 1964
775 1526
775 1808
776 901
776 1181
776 1420
776 1588
776 1915
776 1967
777 986
777 1010
777 1259
777 1606
777 1933
778 1191
778 1256
778 1262
779 834
779 902
779 919
779 1016
779 1158
779 1203
779 1420
779 1469
779 1745
780 1071
780 1101
780 1215
780 1658
780 1739
781 1020
781 1089
781 1126
781 1484
781 1592
781 1819
781 1911
781 1954
782 839
782 1040
782 1201
782 1501
783 985
783 1241
783 1662
783 1685
783 1887
784 1335
784 1694
784 1889
784 1954
784 1975
784 1993
785 1129
785 1187
785 1194
785 1486
785 1895
785 1932
786 891
786 1030
786 1412
786 1439
786 1616
786 1658
786 1696
786 1791
787 929
787 1202
787 1214
787 1454
787 1491
787 1759
787 1857
788 1093
788 1207
788 1729
788 1899
789 834
789 1018
789 1454
789 1566
789 1709
789 1752
789 1931
790 957
790 994
790 1515
790 1631
790 1985
791 1196
791 1236
791 1299
791 1321
791 1344
791 1636
791 1773
791 1797
791 1848
792 837
792 1045
792 1140
792 1504
792 1691
793 1106
793 1324
793 1953
794 829
794 1351
794 1730
794 1790
794 1847
794 1912
794 1916
795 889
795 928
795 1117
795 1360
795 1437
795 1793
796 1039
796 1300
796 1310
796 1991
797 922
797 999
797 1307
797 1740
797 1847
798 974
798 975
798 1091
798 1092
798 1280
798 1331
798 1332
798 1367
798 1532
798 1672
798 1685
799 826
799 974
799 1212
800 1942
800 1953
801 805
801 1015
801 1047
801 1304
801 1462
801 1566
801 1937
803 808
803 963
803 983
803 1858
804 1368
804 1930
805 1026
805 1030
805 1100
805 1339
805 1432
805 1644
806 1048
806 1868
807 910
807 1045
807 1160
807 1319
807 1744
807 1797
808 976
808 1057
808 1362
808 1889
809 1131
809 1609
809 1888
809 1931
810 1135
810 1414
810 1469
810 1811
811 1340
811 1354
811 1377
811 1947
812 1312
812 1344
812 1377
812 1393
812 1797
813 898
813 902
813 1353
813 1492
813 1652
813 1793
814 855
814 1046
814 1288
814 1376
814 1451
814 1500
815 912
815 1001
815 1190
815 1270
815 1417
815 1692
816 922
816 1174
816 1256
816 1335
816 1388
816 1462
816 1818
817 1025
817 1062
817 1262
817 1325
817 1382
817 1486
817 1513
817 1564
817 1631
817 1792
818 1391
818 1405
818 1479
819 836
819 931
819 1201
819 1315
819 1498
819 1594
819 1627
819 1651
819 1934
819 1967
820 821
820 1165
820 1252
820 1403
820 1479
820 1899
821 1056
821 1173
821 1259
821 1311
821 1378
821 1446
821 1565
821 1659
821 1884
822 1175
822 1315
822 1381
823 976
823 1168
823 1334
823 1431
823 1463
823 1800
823 1949
824 1130
824 1460
824 1664
824 1881
824 1976
825 1504
825 1592
825 1594
826 1020
826 1135
826 1666
826 1918
827 843
827 1678
827 1784
827 1794
827 1923
827 1924
827 1952
828 943
828 1235
828 1287
828 1637
828 1909
829 1603
829 1819
829 1848
829 1945
830 885
830 1020
830 1431
830 1785
830 1865
830 1897
831 883
831 959
831 979
831 1039
831 1050
831 1774
831 1913
832 899
832 1034
832 1092
832 1379
832 1833
832 1879
832 1909
832 1979
833 1279
833 1405
833 1479
833 1555
833 1615
833 1872
834 1001
834 1088
834 1279
834 1513
835 1135
835 1431
835 1568
835 1963
835 1983
836 847
836 850
836 1188
836 1882
836 1921
836 1937
836 1939
837 1124
837 1235
837 1321
837 1471
837 1821
838 908
838 941
838 957
838 1271
838 1297
838 1369
838 1651
838 1956
839 1573
839 1769
839 1953
840 1113
840 1433
840 1756
840 1978
841 1038
841 1341
841 1399
841 1576
841 1773
842 1174
842 1298
842 1679
842 1753
842 1893
843 892
843 1166
843 1475
843 1531
843 1959
844 846
844 920
844 945
844 1323
844 1541
844 1629
845 944
845 988
845 1051
845 1250
845 1577
846 1021
846 1453
846 1686
846 1732
847 892
847 897
847 1094
847 1218
848 1009
848 1316
848 1459
849 985
849 1079
849 1084
849 1102
849 1427
849 1449
849 1523
850 899
850 962
850 1103
850 1136
850 1470
850 1680
850 1708
850 1882
850 1897
851 1610
851 1734
852 933
852 1424
852 1535
853 874
853 1040
853 1088
853 1108
853 1439
854 1041
854 1215
854 1833
854 1866
854 1978
854 1987
855 889
855 913
855 991
855 1042
855 1206
855 1445
855 1465
855 1612
855 1824
855 1833
856 977
856 1296
856 1364
856 1890
857 1006
857 1251
857 1303
857 1495
857 1520
857 1522
857 1660
857 1776
857 1840
858 1063
858 1233
859 955
859 1247
859 1599
859 1636
859 1980
860 1499
860 1550
860 1730
861 922
861 1205
861 1237
861 1295
861 1747
862 1183
862 1865
862 1919
862 1933
863 1040
863 1060
863 1754
863 1797
864 1585
864 1744
864 1799
865 923
865 1076
865 1222
865 1263
865 1439
865 1560
865 1669
865 1729
866 1259
866 1440
866 1765
866 1985
867 923
867 1018
867 1057
867 1089
867 1101
867 1174
867 1638
867 1837
867 1964
868 1286
868 1464
868 1621
868 1678
868 1814
869 1498
869 1811
870 891
870 979
870 998
870 1175
870 1956
870 1958
871 1251
871 1326
871 1547
871 1912
871 1974
871 1993
872 1144
872 1226
872 1308
872 1387
873 896
873 1111
873 1172
873 1449
873 1800
873 1845
873 1937
874 1124
874 1266
874 1723
875 920
875 1007
875 1236
875 1349
875 1838
876 1033
876 1101
876 1429
876 1512
876 1812
877 918
877 1132
877 1351
877 1371
877 1530
877 1577
877 1623
878 902
878 1388
878 1443
878 1849
878 1993
879 981
879 1213
879 1241
879 1244
879 1256
879 1560
880 904
880 947
880 1082
880 1088
880 1631
880 1874
880 1951
881 1720
881 1852
881 1909
882 1008
882 1419
882 1649
883 1139
883 1449
883 1823
883 1980
884 914
884 937
884 1000
884 1087
884 1220
884 1622
884 1731
885 1067
885 1294
885 1328
885 1330
885 1346
885 1576
886 918
886 1238
886 1927
886 1986
887 1157
887 1262
887 1322
887 1743
887 1978
888 1185
888 1305
888 1537
888 1632
888 1849
889 953
889 976
889 1914
890 1052
890 1193
890 1403
890 1606
890 1629
891 1073
891 1112
891 1160
891 1197
891 1247
891 1325
891 1797
891 1985
892 946
892 1189
892 1401
892 1547
892 1772
892 1932
893 1054
893 1789
893 1910
893 1922
893 1947
894 1387
894 1492
894 1613
894 1902
895 1481
895 1787
895 1905
896 1189
896 1510
897 1712
897 1763
898 1105
898 1529
899 1110
899 1279
899 1404
899 1436
899 1530
899 1691
900 1272
900 1351
900 1501
900 1576
901 1014
901 1059
901 1570
901 1891
902 1032
902 1683
902 1689
903 1065
903 1126
903 1209
903 1301
903 1885
903 1912
903 1957
903 1995
904 1258
904 1293
904 1488
904 1556
904 1674
905 1046
905 1196
905 1302
905 1344
905 1509
905 1611
905 1817
906 931
907 1399
907 1580
907 1751
907 1912
908 991
908 1321
908 1470
908 1565
908 1737
908 1907
909 1277
909 1330
909 1779
910 1381
910 1542
910 1614
910 1848
911 1379
911 1741
911 1752
911 1810
911 1933
911 1947
912 1040
912 1526
912 1570
912 1585
912 1614
912 1715
913 927
913 1007
913 1457
913 1549
913 1952
914 1140
914 1502
914 1812
915 1043
915 1528
915 1730
916 961
916 1159
916 1588
916 1607
916 1777
917 1532
918 961
918 1051
918 1139
918 1627
918 1991
919 952
919 1058
919 1584
919 1668
919 1705
919 1794
919 1816
920 1247
920 1351
920 1552
920 1563
920 1636
921 1073
921 1429
922 939
922 1133
922 1169
922 1335
922 1653
922 1838
923 1573
924 1832
924 1853
924 1891
924 1955
925 971
925 1353
925 1465
925 1505
926 1205
926 1305
926 1902
926 1911
927 1232
927 1238
927 1290
927 1393
927 1639
927 1787
927 1884
927 1927
928 991
928 1011
928 1324
928 1889
928 1983
929 982
929 1234
929 1491
929 1686
929 1895
930 1929
931 937
931 1425
931 1551
932 1307
932 1469
932 1838
932 1970
932 1974
933 959
933 1280
933 1547
933 1621
933 1746
933 1965
934 1284
934 1304
934 1686
934 1765
934 1822
934 1997
935 1884
936 960
936 1004
936 1087
936 1333
936 1427
936 1524
936 1660
936 1740
936 1889
937 1141
937 1295
937 1595
937 1636
937 1938
937 1974
938 950
938 1659
938 1739
938 1787
938 1968
939 1347
939 1419
939 1813
940 1429
940 1593
940 1811
941 1673
941 1840
941 1933
942 1193
942 1209
942 1352
942 1439
942 1536
942 1599
942 1824
942 1863
942 1883
943 1141
943 1307
943 1762
944 1033
944 1552
945 1002
945 1424
945 1847
945 1967
946 1232
946 1416
946 1584
946 1987
947 989
947 1267
947 1397
947 1692
947 1852
948 1029
948 1058
948 1206
948 1657
949 1598
950 1072
950 1120
950 1282
950 1419
950 1449
950 1521
951 974
951 1275
951 1370
951 1527
951 1637
951 1843
951 1975
952 1001
952 1063
952 1286
952 1345
952 1715
952 1830
953 1511
953 1648
953 1671
953 1791
953 1944
953 1996
954 1378
954 1423
954 1791
954 1847
955 960
955 1019
955 1026
955 1075
955 1202
955 1528
955 1767
955 1787
956 1587
957 1354
957 1429
957 1571
958 1137
958 1442
958 1654
959 1085
959 1169
959 1929
959 1948
960 1235
960 1430
960 1614
961 1249
961 1289
961 1522
961 1544
961 1922
961 1948
962 1288
962 1347
962 1506
962 1514
962 1536
962 1592
962 1816
962 1837
962 1906
963 1090
963 1097
963 1281
963 1516
963 1767
964 1362
964 1517
964 1603
964 1640
964 1773
964 1838
965 1037
965 1111
965 1659
965 1708
965 1902
965 1934
966 1237
966 1260
966 1356
966 1929
967 1214
967 1422
967 1935
968 1029
968 1105
968 1127
968 1288
968 1442
968 1902
969 1009
969 1175
969 1176
969 1322
969 1488
969 1704
970 1032
970 1232
970 1318
970 1568
971 1354
971 1421
972 1077
972 1554
972 1957
973 1056
973 1106
973 1521
973 1787
974 1125
974 1164
974 1222
974 1252
974 1256
974 1503
975 1109
975 1858
976 1339
976 1406
976 1626
976 1681
977 1001
977 1152
977 1733
978 1178
978 1379
978 1533
978 1622
978 1699
978 1924
979 1421
979 1770
979 1858
980 1092
980 1358
980 1642
980 1729
981 1383
981 1619
981 1639
981 1927
982 1353
982 1544
982 1623
982 1874
982 1892
983 988
983 1131
983 1153
983 1333
983 1449
983 1677
984 986
984 1139
984 1229
984 1291
984 1375
984 1740
984 1851
985 1110
985 1127
985 1444
985 1541
985 1643
985 1678
985 1742
986 1118
986 1168
986 1269
986 1314
986 1453
986 1477
986 1516
986 1595
987 1324
987 1468
987 1567
988 1025
988 1583
989 1210
989 1275
989 1693
991 1179
991 1259
991 1446
991 1506
991 1516
991 1530
991 1698
992 1141
992 1448
992 1515
993 1190
993 1260
993 1320
993 1589
993 1734
994 1303
994 1438
994 1507
994 1583
994 1842
994 1973
995 1287
995 1555
995 1645
995 1870
996 1253
996 1586
997 1022
997 1081
997 1138
997 1195
997 1325
997 1567
998 1502
998 1649
998 1811
998 1905
999 1235
999 1513
999 1920
1000 1159
1000 1217
1000 1449
1000 1486
1000 1520
1000 1559
1001 1089
1001 1120
1001 1135
1001 1432
1001 1494
1001 1666
1001 1917
1001 1946
1002 1394
1003 1013
1003 1042
1003 1409
1003 1591
1003 1924
1004 1778
1004 1963
1005 1237
1005 1708
1005 1719
1006 1025
1006 1027
1006 1234
1006 1387
1006 1511
1007 1726
1008 1267
1008 1918
1009 1010
1009 1153
1009 1154
1009 1408
1009 1863
1009 1957
1010 1066
1010 1197
1010 1301
1010 1306
1010 1368
1010 1420
1010 1533
1010 1575
1010 1624
1010 1735
1011 1020
1011 1354
1011 1456
1011 1788
1011 1935
1011 1941
1012 1167
1012 1391
1012 1776
1012 1786
1013 1266
1013 1354
1013 1441
1014 1055
1014 1493
1014 1575
1014 1578
1014 1635
1015 1417
1015 1564
1015 1614
1015 1756
1015 1766
1015 1888
1016 1129
1016 1360
1016 1511
1016 1813
1016 1878
1017 1035
1017 1344
1017 1492
1017 1670
1018 1179
1018 1662
1019 1175
1019 1362
1019 1777
1019 1880
1020 1228
1020 1244
1020 1317
1020 1368
1020 1403
1020 1616
1020 1621
1021 1158
1021 1602
1021 1617
1021 1795
1021 1844
1022 1156
1022 1479
1022 1620
1022 1986
1022 1995
1023 1648
1023 1706
1024 1178
1024 1346
1024 1523
1024 1558
1024 1670
1024 1823
1025 1757
1025 1780
1025 1864
1025 1962
1026 1367
1026 1906
1027 1118
1027 1618
1027 1923
1028 1044
1028 1142
1028 1317
1028 1787
1029 1317
1029 1367
1029 1571
1030 1209
1030 1241
1030 1599
1030 1741
1030 1796
1031 1502
1031 1567
1031 1623
1031 1692
1031 1888
1032 1094
1032 1339
1032 1476
1032 1618
1032 1792
1032 1834
1033 1145
1033 1368
1033 1713
1034 1047
1035 1053
1035 1136
1035 1493
1036 1218
1036 1449
1036 1531
1037 1115
1037 1342
1037 1472
1037 1790
1037 1929
1038 1250
1038 1332
1038 1428
1038 1433
1038 1436
1039 1058
1039 1324
1039 1343
1039 1423
1039 1647
1040 1389
1040 1399
1040 1653
1040 1702
1040 1796
1040 1911
1041 1233
1041 1253
1041 1623
1041 1743
1041 1823
1041 1833
1041 1880
1041 1963
1041 1985
1042 1046
1042 1132
1042 1165
1042 1386
1042 1466
1042 1695
1042 1762
1042 1909
1043 1238
1043 1417
1043 1470
1043 1568
1043 1783
1044 1072
1044 1497
1044 1598
1044 1779
1044 1811
1045 1343
1045 1560
1045 1995
1046 1101
1046 1137
1046 1253
1046 1497
1046 1566
1046 1916
1047 1205
1047 1242
1047 1258
1047 1533
1047 1744
1048 1076
1048 1150
1048 1156
1048 1268
1048 1738
1048 1751
1048 1905
1049 1154
1049 1155
1049 1192
1049 1227
1049 1425
1049 1630
1049 1751
1050 1251
1050 1259
1050 1330
1050 1344
1050 1432
1050 1664
1050 1766
1050 1864
1051 1052
1051 1377
1051 1843
1052 1436
1052 1474
1052 1613
1052 1741
1052 1756
1052 1781
1052 1872
1053 1184
1053 1422
1053 1452
1053 1640
1053 1950
1054 1103
1054 1509
1054 1583
1054 1977
1055 1135
1055 1348
1055 1904
1056 1190
1056 1252
1056 1482
1056 1885
1057 1204
1057 1582
1057 1723
1057 1743
1058 1239
1058 1425
1058 1533
1058 1598
1058 1629
1058 1654
1058 1657
1058 1671
1059 1262
1059 1807
1059 1867
1059 1872
1060 1104
1060 1336
1060 1576
1060 1766
1060 1970
1061 1134
1061 1301
1061 1637
1061 1818
1061 1967
1062 1363
1062 1365
1062 1781
1063 1103
1063 1145
1063 1969
1064 1151
1064 1209
1064 1331
1064 1541
1064 1549
1064 1620
1065 1095
1065 1219
1065 1433
1065 1921
1065 1988
1066 1127
1066 1168
1066 1396
1066 1612
1066 1618
1066 1840
1066 1863
1066 1897
1066 1901
1066 1935
1067 1276
1067 1490
1067 1492
1067 1529
1067 1749
1067 1847
1068 1841
1069 1124
1069 1355
1069 1564
1069 1805
1069 1907
1069 1995
1070 1449
1070 1608
1071 1080
1071 1164
1071 1355
1071 1647
1071 1876
1072 1337
1072 1780
1072 1803
1072 1918
1072 1993
1073 1202
1073 1330
1073 1478
1073 1552
1073 1854
1074 1411
1074 1412
1074 1898
1074 1906
1074 1941
1075 1403
1075 1480
1075 1576
1075 1868
1075 1967
1076 1081
1076 1261
1076 1522
1076 1533
1076 1750
1076 1873
1077 1417
1077 1771
1078 1334
1078 1458
1078 1622
1078 1874
1079 1130
1079 1148
1080 1114
1080 1369
1080 1388
1080 1497
1081 1100
1081 1198
1081 1265
1081 1314
1081 1335
1081 1381
1081 1456
1081 1582
1081 1613
1081 1881
1082 1113
1082 1181
1082 1184
1082 1243
1082 1320
1082 1341
1082 1526
1082 1823
1082 1914
1083 1199
1083 1301
1084 1224
1084 1580
1084 1715
1085 1099
1085 1168
1085 1464
1086 1120
1086 1123
1086 1390
1087 1142
1087 1158
1087 1350
1087 1478
1088 1352
1088 1368
1088 1795
1088 1961
1089 1292
1089 1528
1089 1803
1089 1939
1090 1586
1090 1774
1091 1239
1091 1603
1091 1608
1091 1683
1091 1892
1092 1099
1092 1317
1092 1593
1092 1679
1093 1251
1093 1973
1094 1520
1094 1604
1094 1659
1095 1339
1095 1638
1095 1960
1096 1214
1096 1363
1096 1560
1096 1610
1096 1821
1097 1153
1097 1342
1097 1629
1097 1640
1098 1131
1098 1232
1098 1442
1098 1512
1099 1441
1099 1490
1099 1855
1099 1863
1099 1932
1100 1140
1100 1177
1100 1766
1101 1134
1101 1286
1101 1624
1102 1186
1102 1304
1102 1878
1103 1211
1103 1535
1104 1594
1104 1658
1104 1918
1105 1191
1105 1269
1105 1364
1105 1499
1105 1580
1105 1811
1105 1853
1105 1879
1106 1266
1106 1307
1106 1574
1106 1637
1107 1115
1107 1504
1107 1628
1107 1774
1108 1509
1108 1535
1108 1666
1108 1978
1109 1229
1109 1303
1109 1590
1109 1603
1109 1791
1110 1186
1110 1414
1110 1530
1110 1594
1110 1907
1110 1913
1110 1996
1111 1271
1112 1128
1112 1198
1112 1693
1112 1936
1113 1392
1113 1474
1113 1517
1114 1289
1114 1298
1114 1451
1114 1507
1114 1594
1114 1815
1115 1565
1115 1625
1115 1941
1115 1997
1116 1171
1116 1339
1116 1431
1116 1442
1116 1735
1118 1262
1118 1276
1118 1350
1118 1563
1118 1591
1118 1698
1119 1375
1119 1427
1119 1741
1120 1632
1120 1641
1121 1491
1121 1559
1121 1683
1121 1758
1122 1391
1122 1541
1122 1838
1123 1461
1123 1515
1123 1831
1123 1846
1123 1979
1124 1281
1124 1411
1124 1418
1124 1872
1124 1994
1125 1154
1125 1712
1125 1752
1125 1842
1125 1897
1126 1360
1126 1526
1126 1572
1126 1872
1126 1907
1127 1148
1127 1502
1128 1757
1128 1985
1129 1397
1129 1460
1129 1621
1129 1981
1130 1210
1130 1520
1130 1922
1131 1173
1131 1911
1132 1230
1132 1257
1132 1406
1132 1450
1132 1533
1132 1763
1134 1178
1134 1420
1134 1460
1134 1638
1134 1724
1134 1883
1134 1898
1134 1957
1135 1250
1135 1358
1135 1618
1135 1965
1136 1147
1136 1487
1136 1845
1137 1323
1137 1729
1138 1180
1138 1955
1139 1288
1140 1314
1140 1332
1140 1370
1140 1404
1140 1568
1140 1724
1140 1930
1141 1812
1141 1918
1142 1692
1142 1714
1142 1751
1143 1205
1143 1375
1143 1432
1143 1682
1143 1737
1143 1819
1143 1904
1143 1991
1144 1487
1144 1702
1145 1232
1145 1354
1145 1502
1145 1794
1145 1960
1146 1333
1147 1357
1147 1390
1147 1775
1147 1910
1148 1624
1148 1702
1148 1962
1149 1448
1149 1552
1149 1624
1149 1904
1150 1789
1151 1229
1151 1793
1151 1821
1152 1224
1152 1646
1153 1218
1153 1375
1153 1481
1153 1557
1154 1198
1154 1306
1154 1499
1155 1258
1155 1416
1155 1526
1155 1528
1155 1583
1155 1657
1155 1803
1155 1850
1156 1310
1156 1419
1156 1455
1156 1556
1156 1697
1156 1874
1156 1935
1157 1227
1157 1581
1157 1839
1158 1340
1158 1589
1158 1937
1159 1220
1159 1521
1159 1687
1160 1752
1160 1806
1160 1972
1161 1816
1161 1836
1162 1410
1162 1412
1163 1916
1164 1268
1164 1508
1164 1571
1164 1619
1165 1267
1165 1301
1165 1376
1165 1479
1166 1192
1166 1316
1166 1317
1167 1809
1167 1934
1168 1575
1169 1495
1169 1548
1170 1905
1171 1369
1171 1376
1171 1873
1171 1965
1172 1180
1172 1318
1172 1373
1172 1463
1172 1592
1173 1484
1173 1643
1173 1769
1174 1177
1174 1219
1174 1313
1174 1339
1175 1454
1175 1480
1175 1733
1176 1354
1176 1458
1176 1497
1177 1694
1178 1244
1178 1665
1178 1699
1178 1787
1178 1972
1179 1886
1180 1228
1180 1302
1180 1528
1180 1778
1180 1863
1181 1275
1181 1440
1181 1547
1181 1571
1181 1909
1182 1377
1182 1536
1183 1522
1183 1653
1183 1841
1184 1415
1184 1449
1184 1529
1185 1337
1185 1833
1185 1924
1186 1384
1186 1569
1186 1768
1186 1792
1187 1290
1187 1481
1187 1527
1188 1550
1188 1844
1189 1950
1189 1967
1190 1211
1191 1661
1191 1754
1191 1833
1191 1931
1192 1212
1192 1347
1193 1371
1193 1453
1193 1560
1193 1613
1193 1642
1193 1759
1193 1923
1195 1795
1196 1433
1196 1576
1196 1586
1196 1756
1197 1402
1197 1462
1197 1526
1198 1373
1198 1970
1199 1673
1199 1830
1200 1212
1200 1295
1200 1586
1200 1897
1202 1756
1202 1776
1202 1925
1203 1302
1203 1363
1203 1470
1203 1556
1203 1595
1203 1666
1203 1914
1203 1929
1204 1246
1204 1486
1205 1207
1205 1286
1205 1371
1205 1732
1205 1801
1205 1836
1206 1316
1206 1324
1206 1597
1207 1377
1207 1742
1208 1319
1208 1398
1208 1738
1209 1663
1209 1762
1209 1863
1209 1913
1209 1961
1210 1287
1210 1633
1210 1733
1210 1750
1210 1936
1211 1419
1211 1447
1211 1795
1212 1415
1212 1697
1212 1786
1212 1898
1212 1900
1213 1546
1213 1815
1214 1227
1214 1738
1214 1963
1216 1245
1216 1345
1217 1463
1217 1500
1218 1744
1218 1891
1219 1975
1220 1429
1221 1598
1221 1760
1222 1274
1222 1380
1222 1469
1224 1255
1224 1407
1224 1483
1224 1511
1224 1611
1224 1692
1225 1528
1225 1849
1226 1409
1226 1543
1226 1607
1226 1643
1226 1649
1226 1922
1227 1714
1227 1908
1228 1440
1228 1503
1228 1585
1229 1291
1229 1317
1230 1875
1231 1235
1231 1381
1231 1942
1232 1356
1232 1573
1232 1586
1232 1780
1232 1900
1233 1349
1233 1357
1233 1420
1233 1594
1233 1610
1233 1660
1233 1789
1233 1918
1234 1274
1234 1699
1235 1364
1235 1423
1235 1439
1235 1618
1235 1690
1235 1760
1235 1926
1236 1424
1236 1622
1236 1762
1236 1928
1236 1949
1236 1956
1236 1959
1237 1769
1238 1319
1238 1507
1238 1572
1239 1401
1239 1404
1239 1639
1239 1968
1240 1449
1240 1518
1240 1846
1240 1944
1241 1298
1241 1355
1241 1920
1242 1288
1242 1980
1243 1600
1243 1618
1243 1784
1245 1320
1245 1641
1245 1681
1245 1689
1246 1705
1247 1289
1247 1454
1248 1374
1248 1455
1248 1602
1248 1820
1249 1289
1249 1298
1249 1302
1250 1311
1251 1508
1251 1697
1252 1486
1252 1776
1253 1581
1253 1664
1253 1948
1254 1365
1254 1799
1255 1588
1255 1641
1255 1643
1255 1802
1255 1951
1256 1627
1256 1671
1256 1731
1257 1976
1258 1546
1258 1812
1259 1633
1259 1720
1260 1688
1260 1700
1261 1300
1261 1714
1261 1738
1262 1349
1262 1552
1262 1887
1263 1548
1263 1660
1263 1731
1263 1750
1264 1564
1265 1354
1265 1539
1265 1564
1265 1662
1265 1744
1266 1378
1266 1933
1267 1372
1268 1541
1268 1630
1268 1736
1268 1834
1268 1914
1268 1970
1269 1539
1269 1601
1269 1907
1270 1486
1270 1767
1270 1875
1271 1486
1271 1535
1271 1969
1273 1498
1273 1931
1274 1359
1274 1372
1274 1444
1275 1306
1275 1383
1275 1587
1275 1604
1275 1952
1276 1514
1276 1683
1277 1297
1277 1341
1277 1790
1278 1341
1278 1437
1278 1684
1278 1693
1279 1416
1279 1469
1279 1493
1279 1739
1279 1755
1280 1373
1280 1453
1280 1533
1280 1750
1280 1909
1281 1296
1281 1345
1281 1555
1281 1572
1281 1820
1281 1899
1282 1434
1282 1533
1282 1892
1283 1878
1284 1591
1284 1670
1285 1321
1285 1755
1285 1813
1286 1330
1286 1500
1286 1623
1286 1771
1286 1930
1287 1319
1287 1358
1287 1376
1287 1467
1287 1475
1287 1476
1287 1576
1287 1728
1287 1750
1287 1893
1288 1857
1289 1403
1289 1445
1289 1460
1289 1888
1290 1375
1290 1410
1290 1453
1291 1294
1291 1549
1291 1738
1292 1489
1292 1703
1292 1717
1292 1906
1294 1540
1294 1616
1294 1736
1295 1392
1295 1451
1295 1468
1295 1646
1295 1761
1295 1781
1295 1948
1295 1964
1296 1336
1296 1540
1296 1593
1296 1639
1296 1753
1296 1850
1297 1319
1298 1370
1298 1538
1299 1314
1299 1440
1299 1911
1300 1322
1300 1662
1300 1669
1300 1691
1302 1518
1302 1557
1302 1884
1303 1316
1303 1732
1303 1898
1303 1941
1304 1368
1304 1812
1305 1493
1305 1556
1306 1479
1306 1595
1306 1708
1307 1321
1307 1461
1307 1811
1307 1818
1307 1892
1308 1448
1308 1559
1308 1843
1310 1430
1311 1814
1311 1890
1312 1552
1312 1682
1312 1706
1312 1815
1312 1934
1313 1416
1313 1702
1313 1763
1314 1629
1314 1631
1315 1603
1315 1940
1315 1955
1316 1637
1316 1826
1316 1915
1317 1411
1317 1791
1317 1851
1317 1951
1318 1506
1318 1623
1318 1688
1319 1421
1319 1759
1320 1410
1320 1527
1320 1541
1321 1459
1321 1479
1321 1575
1321 1815
1322 1568
1322 1701
1323 1422
1323 1436
1323 1634
1323 1676
1323 1700
1324 1327
1324 1359
1324 1507
1324 1882
1325 1388
1325 1838
1326 1382
1326 1432
1326 1638
1327 1371
1328 1406
1328 1481
1328 1582
1328 1634
1329 1526
1329 1696
1329 1817
1329 1967
1330 1493
1330 1533
1330 1635
1330 1811
1330 1903
1331 1675
1331 1825
1332 1418
1332 1437
1333 1343
1333 1466
1333 1472
1333 1547
1333 1671
1333 1739
1333 1881
1335 1343
1335 1357
1335 1746
1335 1750
1335 1881
1335 1883
1336 1337
1336 1393
1336 1405
1336 1446
1336 1493
1336 1507
1336 1930
1336 1955
1337 1574
1337 1913
1338 1705
1338 1794
1338 1878
1338 1985
1339 1343
1339 1760
1339 1868
1340 1463
1341 1891
1341 1998
1342 1444
1342 1583
1342 1640
1343 1384
1343 1842
1343 1890
1343 1892
1344 1560
1344 1776
1344 1809
1344 1932
1345 1353
1345 1370
1345 1661
1345 1748
1345 1914
1345 1944
1346 1626
1346 1827
1347 1663
1348 1561
1348 1707
1348 1776
1349 1509
1350 1459
1350 1812
1350 1992
1351 1354
1352 1356
1352 1360
1352 1746
1352 1788
1352 1918
1353 1406
1353 1438
1353 1469
1353 1701
1353 1890
1353 1972
1354 1426
1354 1461
1354 1652
1354 1835
1354 1893
1355 1460
1355 1937
1355 1974
1356 1380
1356 1550
1356 1702
1356 1741
1357 1386
1357 1535
1357 1648
1358 1627
1358 1706
1358 1920
1359 1636
1359 1876
1360 1601
1360 1725
1360 1770
1360 1821
1361 1381
1361 1846
1362 1808
1362 1878
1363 1461
1363 1749
1364 1426
1364 1569
1364 1752
1365 1376
1365 1907
1365 1977
1366 1954
1367 1521
1367 1532
1367 1620
1368 1815
1368 1832
1368 1852
1368 1945
1369 1370
1369 1517
1369 1709
1370 1454
1370 1614
1370 1739
1370 1782
1370 1843
1371 1410
1371 1688
1373 1493
1373 1640
1373 1672
1373 1684
1373 1729
1373 1958
1374 1437
1374 1517
1374 1670
1374 1724
1375 1435
1375 1469
1376 1377
1376 1449
1376 1614
1376 1685
1376 1743
1377 1591
1378 1834
1378 1951
1379 1798
1380 1410
1381 1416
1382 1394
1383 1402
1383 1723
1383 1780
1383 1790
1384 1574
1384 1756
1384 1809
1386 1416
1386 1763
1386 1829
1386 1924
1387 1520
1387 1671
1388 1479
1388 1750
1388 1844
1389 1682
1389 1966
1390 1469
1390 1620
1390 1917
1390 1939
1391 1795
1392 1429
1392 1459
1393 1691
1393 1770
1394 1483
1394 1506
1394 1558
1394 1580
1394 1750
1394 1775
1394 1853
1394 1890
1395 1415
1395 1614
1395 1783
1395 1828
1395 1881
1397 1752
1398 1464
1399 1497
1399 1546
1399 1590
1399 1955
1400 1529
1401 1512
1401 1564
1402 1408
1402 1442
1402 1701
1403 1728
1404 1536
1404 1678
1405 1432
1405 1540
1405 1744
1405 1830
1405 1846
1406 1814
1407 1591
1407 1635
1407 1752
1407 1811
1407 1843
1407 1998
1408 1946
1409 1601
1409 1692
1409 1761
1409 1859
1409 1929
1410 1495
1410 1882
1411 1491
1411 1631
1412 1529
1412 1842
1413 1519
1413 1542
1413 1560
1414 1659
1414 1692
1415 1735
1416 1583
1416 1824
1417 1473
1417 1535
1417 1677
1418 1581
1418 1652
1418 1778
1419 1619
1419 1857
1420 1605
1420 1902
1421 1437
1421 1573
1421 1639
1421 1683
1421 1860
1422 1451
1422 1691
1422 1901
1422 1921
1422 1951
1423 1432
1423 1765
1424 1534
1424 1552
1424 1702
1424 1931
1424 1968
1425 1639
1425 1808
1426 1675
1426 1700
1426 1712
1427 1474
1427 1660
1427 1837
1427 1899
1428 1879
1428 1978
1429 1694
1430 1666
1431 1628
1432 1515
1432 1672
1432 1699
1433 1581
1433 1616
1433 1713
1434 1697
1434 1880
1435 1462
1436 1526
1436 1666
1436 1924
1437 1517
1437 1894
1437 1904
1437 1927
1438 1565
1439 1465
1439 1591
1439 1598
1439 1733
1439 1747
1440 1571
1440 1791
1440 1847
1440 1861
1440 1888
1440 1916
1440 1919
1442 1587
1442 1952
1442 1998
1443 1849
1443 1887
1443 1947
1444 1500
1445 1566
1445 1799
1445 1863
1445 1871
1445 1982
1446 1543
1446 1826
1447 1565
1447 1760
1448 1587
1448 1775
1448 1966
1449 1746
1449 1781
1449 1943
1450 1587
1450 1595
1450 1668
1450 1688
1450 1883
1451 1484
1451 1566
1451 1845
1451 1992
1452 1615
1452 1757
1452 1805
1453 1735
1453 1784
1454 1794
1454 1876
1455 1982
1456 1765
1456 1991
1457 1622
1457 1862
1457 1923
1458 1522
1458 1794
1458 1873
1458 1937
1459 1528
1459 1951
1459 1964
1460 1699
1460 1796
1460 1889
1460 1965
1460 1981
1461 1693
1462 1962
1463 1828
1463 1984
1467 1564
1467 1661
1467 1671
1467 1893
1467 1912
1467 1965
1468 1471
1468 1632
1468 1840
1469 1495
1469 1545
1469 1653
1469 1685
1469 1750
1469 1852
1469 1999
1470 1542
1471 1681
1471 1783
1472 1949
1473 1494
1473 1697
1473 1814
1474 1531
1474 1720
1474 1763
1474 1767
1474 1993
1475 1549
1475 1723
1476 1681
1477 1549
1477 1880
1478 1479
1478 1577
1480 1803
1481 1679
1481 1785
1481 1800
1482 1863
1483 1494
1483 1843
1483 1911
1484 1754
1484 1882
1485 1557
1485 1946
1486 1675
1486 1696
1486 1705
1486 1839
1486 1935
1487 1497
1488 1542
1488 1635
1488 1795
1489 1861
1490 1678
1490 1706
1490 1734
1490 1956
1490 1985
1491 1544
1491 1829
1492 1948
1492 1986
1493 1643
1493 1672
1493 1731
1493 1814
1493 1981
1494 1508
1494 1635
1494 1828
1494 1887
1495 1802
1495 1944
1496 1626
1496 1628
1497 1497
1498 1588
1498 1627
1498 1707
1498 1921
1498 1922
1499 1764
1500 1562
1501 1552
1501 1594
1501 1731
1501 1868
1502 1713
1502 1971
1503 1685
1503 1857
1504 1554
1504 1683
1505 1612
1505 1998
1506 1533
1506 1757
1507 1917
1508 1513
1508 1775
1509 1510
1509 1844
1509 1929
1510 1699
1510 1709
1510 1910
1511 1579
1511 1613
1511 1900
1511 1944
1512 1617
1512 1917
1513 1649
1514 1555
1514 1605
1515 1632
1515 1644
1515 1880
1516 1704
1516 1945
1517 1874
1518 1598
1518 1798
1518 1926
1518 1977
1519 1608
1519 1622
1521 1541
1522 1567
1522 1574
1522 1607
1523 1558
1523 1642
1524 1840
1524 1889
1525 1738
1525 1759
1525 1852
1526 1586
1526 1760
1526 1793
1526 1889
1526 1933
1526 1997
1527 1991
1528 1647
1528 1942
1529 1958
1530 1784
1530 1965
1531 1920
1533 1894
1533 1930
1534 1591
1534 1614
1534 1682
1535 1552
1535 1744
1536 1662
1537 1594
1538 1965
1539 1834
1540 1574
1540 1955
1542 1656
1542 1804
1542 1932
1543 1847
1543 1935
1543 1951
1544 1745
1544 1937
1545 1670
1546 1568
1547 1719
1547 1801
1547 1882
1547 1960
1548 1593
1548 1826
1548 1886
1549 1680
1550 1740
1550 1756
1551 1761
1552 1807
1553 1838
1554 1756
1556 1578
1556 1699
1556 1727
1556 1730
1556 1886
1556 1920
1557 1581
1557 1669
1557 1688
1557 1905
1558 1703
1558 1735
1558 1902
1559 1652
1560 1732
1560 1783
1560 1823
1560 1969
1561 1624
1561 1682
1561 1793
1561 1834
1562 1717
1562 1725
1562 1950
1562 1991
1563 1820
1563 1841
1564 1584
1564 1640
1564 1862
1565 1727
1565 1781
1566 1628
1566 1642
1566 1665
1566 1673
1566 1785
1566 1930
1569 1725
1570 1580
1570 1776
1570 1920
1571 1952
1572 1750
1572 1813
1572 1875
1574 1619
1574 1634
1575 1598
1576 1755
1576 1835
1576 1927
1577 1653
1577 1673
1577 1720
1577 1974
1578 1889
1579 1670
1580 1646
1580 1738
1580 1792
1580 1902
1581 1866
1581 1871
1582 1631
1582 1694
1582 1726
1584 1697
1584 1793
1585 1712
1585 1798
1585 1864
1585 1880
1586 1948
1587 1685
1587 1709
1587 1827
1588 1934
1588 1966
1588 1980
1589 1704
1589 1987
1590 1823
1591 1627
1591 1737
1591 1942
1592 1737
1592 1842
1593 1715
1593 1778
1593 1934
1594 1975
1595 1669
1595 1986
1596 1706
1596 1775
1596 1956
1597 1911
1598 1706
1598 1708
1598 1805
1598 1812
1598 1848
1599 1797
1600 1929
1600 1955
1601 1604
1601 1938
1602 1651
1602 1669
1602 1690
1602 1754
1602 1908
1602 1999
1603 1793
1603 1864
1603 1993
1604 1936
1605 1805
1606 1782
1606 1856
1606 1896
1607 1627
1607 1763
1609 1691
1609 1782
1609 1863
1609 1925
1610 1634
1610 1645
1610 1671
1610 1748
1610 1766
1611 1735
1611 1817
1614 1638
1614 1716
1614 1817
1614 1884
1615 1777
1616 1626
1617 1722
1617 1804
1617 1949
1618 1718
1620 1718
1621 1797
1621 1806
1621 1950
1622 1752
1622 1971
1623 1651
1623 1793
1623 1806
1623 1817
1623 1966
1624 1649
1624 1710
1624 1778
1625 1761
1625 1779
1625 1816
1626 1790
1627 1727
1627 1974
1627 1988
1629 1681
1631 1666
1631 1675
1631 1941
1632 1964
1632 1980
1633 1709
1633 1710
1633 1715
1634 1928
1634 1936
1636 1734
1636 1736
1636 1931
1637 1944
1638 1876
1639 1986
1641 1718
1641 1805
1643 1662
1643 1848
1644 1716
1645 1830
1645 1851
1646 1779
1646 1812
1647 1690
1649 1705
1651 1668
1652 1848
1652 1941
1653 1753
1653 1793
1655 1766
1656 1832
1657 1795
1657 1800
1657 1954
1658 1952
1660 1870
1660 1970
1661 1928
1662 1677
1663 1741
1663 1746
1663 1982
1664 1808
1664 1995
1665 1786
1665 1850
1666 1666
1666 1746
1666 1844
1666 1977
1667 1777
1667 1793
1667 1841
1667 1911
1668 1693
1668 1868
1669 1740
1670 1873
1670 1893
1670 1929
1671 1813
1672 1917
1673 1712
1675 1858
1676 1841
1676 1878
1676 1958
1677 1759
1678 1714
1679 1701
1679 1784
1679 1825
1680 1863
1681 1863
1681 1907
1682 1768
1683 1973
1684 1751
1684 1867
1685 1717
1685 1744
1685 1869
1686 1732
1686 1924
1687 1874
1687 1954
1688 1764
1688 1812
1688 1930
1688 1942
1689 1726
1689 1835
1690 1702
1690 1772
1690 1795
1691 1902
1692 1963
1693 1832
1697 1819
1699 1846
1699 1944
1700 1790
1700 1988
1701 1714
1701 1740
1703 1721
1703 1790
1703 1933
1704 1714
1704 1735
1704 1922
1706 1765
1708 1714
1708 1842
1709 1765
1709 1780
1709 1838
1711 1749
1711 1827
1712 1784
1713 1737
1713 1819
1713 1997
1714 1925
1716 1969
1717 1895
1718 1784
1718 1846
1718 1907
1718 1952
1719 1744
1719 1807
1719 1943
1720 1729
1720 1861
1723 1848
1724 1828
1725 1771
1727 1893
1729 1850
1730 1888
1731 1836
1731 1909
1734 1740
1737 1748
1737 1832
1737 1885
1742 1974
1743 1842
1744 1811
1744 1888
1744 1956
1746 1896
1746 1901
1747 1866
1747 1939
1748 1767
1748 1769
1748 1786
1748 1958
1749 1765
1751 1768
1751 1834
1751 1990
1757 1871
1757 1885
1758 1885
1758 1902
1758 1949
1759 1975
1760 1810
1760 1834
1760 1840
1760 1997
1761 1983
1765 1783
1767 1809
1767 1834
1767 1873
1768 1801
1769 1860
1770 1920
1771 1928
1773 1809
1781 1876
1781 1919
1782 1807
1782 1831
1783 1982
1787 1828
1787 1935
1788 1899
1788 1937
1793 1926
1794 1846
1794 1958
1794 1985
1795 1814
1795 1935
1796 1842
1796 1949
1797 1937
1799 1873
1801 1957
1802 1895
1804 1843
1804 1902
1804 1953
1807 1898
1808 1811
1810 1866
1811 1921
1813 1982
1814 1883
1815 1878
1815 1952
1818 1890
1818 1915
1819 1928
1820 1854
1820 1885
1820 1971
1821 1961
1822 1870
1822 1952
1823 1983
1825 1912
1826 1961
1829 1937
1830 1977
1831 1885
1832 1982
1834 1835
1836 1868
1836 1875
1843 1994
1845 1959
1846 1903
1847 1860
1847 1987
1852 1917
1852 1969
1853 1941
1854 1907
1855 1855
1855 1998
1856 1888
1859 1977
1859 1989
1866 1968
1868 1868
1868 1923
1869 1907
1872 1937
1876 1896
1877 1906
1877 1907
1877 1924
1880 1997
1883 1915
1885 1899
1886 1971
1887 1937
1888 1967
1896 1975
1897 1915
1900 1993
1903 1924
1903 1958
1912 1921
1912 1988
1916 1991
1919 1951
1921 1961
1924 1962
1927 1961
1928 1976
1930 1978
1931 1954
1935 1982
1936 1952
1937 1953
1945 1959
1947 1952
1952 1992
1968 1994
1984 1991
1989 1992
