2000
0 710
0 1101
0 1114
0 1559
0 1731
0 1927
1 1923
2 329
2 887
2 897
2 1020
2 1087
2 1330
2 1681
3 119
3 547
3 1482
4 265
4 1726
5 23
5 606
6 17
6 439
6 1358
7 1411
7 1582
7 1607
8 713
8 1015
9 422
9 484
9 1186
9 1331
9 1357
9 1395
9 1514
10 805
10 1015
10 1381
10 1504
10 1976
11 526
11 679
11 836
11 1062
11 1516
11 1732
11 1981
12 347
12 518
12 682
12 1085
12 1097
12 1499
12 1613
13 237
13 586
13 1884
13 1891
14 1396
14 1405
14 1987
15 112
15 1068
15 1501
15 1695
16 445
16 955
16 1302
16 1707
17 58
17 787
17 1291
18 748
18 1133
18 1286
18 1423
19 156
19 953
19 975
19 1134
19 1275
19 1444
20 1056
20 1366
20 1668
21 128
21 509
22 156
22 621
22 1034
22 1059
22 1828
23 43
23 492
24 1439
24 1617
25 1344
25 1682
25 1969
26 48
26 354
26 370
26 420
26 1399
27 140
27 314
27 324
27 445
27 647
28 1111
28 1308
28 1405
28 1881
29 1359
29 1623
30 296
30 480
30 834
30 992
30 1002
30 1116
31 58
31 254
31 1114
31 1341
31 1645
32 608
32 959
32 1541
33 446
33 957
33 1911
34 397
34 1766
35 49
35 781
35 884
35 1403
35 1662
35 1914
36 233
36 687
36 1891
36 1948
36 1957
37 270
37 478
37 498
37 669
37 686
37 1307
37 1551
37 1569
37 1937
38 397
38 486
38 788
38 1971
39 437
40 599
40 897
41 1382
41 1677
42 130
43 1335
43 1903
43 1908
44 610
44 1156
44 1345
44 1540
45 64
45 249
46 338
46 546
46 658
46 891
46 1826
47 707
47 983
48 550
48 756
48 1051
48 1468
48 1688
49 403
49 1690
50 1687
51 1140
51 1329
52 643
52 733
52 995
52 1040
52 1346
52 1546
52 1823
53 555
53 575
53 799
53 954
53 1324
53 1568
54 108
54 585
54 1209
55 417
55 547
55 723
55 1025
56 358
56 393
56 426
56 860
57 372
57 1161
57 1175
57 1297
57 1692
57 1778
57 1862
57 1968
58 121
58 453
58 850
58 1316
58 1884
59 282
59 434
59 715
59 769
59 789
59 1155
59 1689
59 1705
60 1068
60 1504
60 1898
61 502
61 1423
61 1566
62 86
62 709
63 376
63 395
63 1152
63 1896
64 70
64 364
64 542
64 1501
64 1882
65 119
65 375
65 662
65 1851
65 1878
65 1912
66 650
66 1093
66 1226
67 417
67 627
67 779
67 1206
67 1339
68 1363
68 1518
68 1851
68 1995
69 544
69 556
69 722
69 1652
69 1939
69 1999
70 349
70 382
70 1232
70 1997
71 745
71 1290
72 1532
72 1613
72 1799
72 1911
73 967
73 1415
73 1543
73 1629
74 471
74 793
74 1622
75 567
75 1378
76 934
76 1332
76 1989
77 1377
77 1901
78 477
78 1255
79 123
79 411
79 528
79 604
79 1137
79 1160
79 1364
79 1710
79 1735
79 1965
80 477
80 1472
80 1588
81 264
81 477
81 1378
81 1425
82 225
82 607
82 627
83 1383
83 1407
83 1544
83 1725
84 96
84 859
84 1034
84 1106
85 754
85 761
85 1452
85 1510
85 1618
85 1827
86 860
86 912
86 1805
86 1996
87 138
88 176
88 396
88 479
88 579
88 1021
88 1298
88 1514
89 1644
90 180
90 327
90 671
90 896
90 1414
90 1926
91 725
91 1541
92 192
92 524
93 494
93 567
93 653
93 728
93 1293
94 308
94 325
94 1263
94 1521
95 369
95 728
95 943
95 1137
95 1537
95 1729
95 1873
96 147
96 343
96 1010
96 1132
96 1498
97 131
97 371
97 447
97 469
97 799
97 965
98 416
98 1661
99 656
99 1506
100 293
100 952
100 1351
100 1576
100 1602
101 683
101 930
101 1421
101 1971
102 293
102 445
102 1598
102 1606
103 690
103 1191
103 1378
103 1593
104 203
104 1502
104 1883
104 1926
104 1953
105 147
105 609
105 684
105 1118
105 1466
105 1565
105 1798
106 754
106 887
106 956
106 1698
107 140
107 191
108 761
108 842
108 1063
108 1108
108 1185
108 1437
108 1560
108 1805
108 1975
109 516
109 794
109 1219
110 503
110 537
111 560
111 1004
111 1126
111 1254
111 1379
111 1679
111 1859
112 457
112 580
112 1259
112 1859
113 124
113 356
113 676
113 1258
113 1446
113 1507
114 266
114 597
114 670
114 976
114 1308
114 1397
114 1516
114 1718
115 414
115 1139
115 1298
116 819
117 262
117 978
117 1002
117 1134
117 1631
118 541
118 1589
118 1685
119 150
119 219
119 308
119 1191
119 1520
119 1553
119 1564
119 1962
119 1986
120 306
120 697
120 1834
121 800
121 1291
121 1305
121 1724
121 1962
122 860
122 866
122 979
122 1039
122 1209
122 1640
123 754
123 1439
124 262
124 463
124 700
124 739
124 754
124 975
125 283
125 354
125 1083
125 1503
125 1966
126 1027
126 1193
126 1218
127 790
127 1633
128 291
128 1227
129 1873
130 718
130 1139
130 1457
131 155
131 320
131 843
131 1317
131 1432
131 1622
132 648
132 762
132 838
133 710
133 902
133 1249
134 267
134 374
134 1200
135 1779
135 1975
136 358
136 1322
136 1368
136 1573
136 1793
137 815
137 948
138 193
138 504
138 1578
138 1591
139 236
139 1487
140 448
140 1033
140 1599
140 1657
140 1925
141 197
141 278
141 455
141 1570
141 1980
142 684
142 1847
143 259
143 1201
143 1381
143 1434
144 148
144 351
144 746
144 1147
144 1747
144 1821
145 693
145 1177
145 1208
145 1396
145 1404
145 1609
145 1732
146 382
146 483
146 661
146 1237
146 1963
146 1990
147 198
147 1077
147 1416
148 234
148 472
148 1935
148 1946
149 504
149 921
149 1057
150 502
150 1069
150 1267
150 1306
151 1069
151 1072
151 1145
151 1286
151 1466
151 1549
151 1625
151 1637
151 1956
152 293
152 307
152 1294
153 347
153 548
153 741
153 949
153 1142
153 1394
154 570
154 615
154 1756
154 1760
154 1871
154 1940
155 441
155 1174
155 1289
155 1532
155 1575
156 182
156 890
156 919
156 1279
156 1471
157 917
157 971
157 985
157 1160
157 1201
157 1354
157 1571
157 1780
158 733
158 1760
158 1792
158 1871
159 709
159 714
159 976
159 1323
159 1365
159 1521
159 1725
159 1939
160 473
160 523
160 983
160 1170
160 1557
160 1701
161 243
161 1015
161 1799
162 356
162 795
162 870
162 1829
163 943
163 1854
163 1950
164 251
164 353
164 660
164 1227
164 1462
164 1471
164 1789
164 1831
165 741
166 1126
166 1293
166 1554
166 1645
166 1818
167 1221
167 1401
167 1724
168 823
168 1129
168 1619
168 1904
169 1083
169 1974
170 1242
170 1660
170 1929
171 441
171 1120
171 1324
171 1714
171 1829
171 1883
172 485
172 1403
173 490
173 859
174 286
174 403
174 558
174 1657
174 1794
174 1949
175 259
175 1031
175 1094
175 1437
175 1942
175 1994
176 317
176 350
176 518
176 1136
176 1584
177 635
177 874
177 1452
178 602
178 814
178 1457
179 491
179 613
179 1011
179 1143
179 1969
180 757
180 1090
180 1169
180 1596
181 944
181 1827
182 832
182 871
182 1328
182 1492
182 1564
183 832
183 1075
183 1116
183 1133
183 1149
183 1462
184 378
184 588
184 607
184 1242
184 1508
184 1800
185 564
185 1093
185 1137
185 1850
186 695
186 1019
186 1048
186 1598
187 753
187 763
187 1724
187 1989
188 194
188 574
188 1007
189 415
189 893
189 1091
189 1098
190 586
190 779
190 1054
190 1442
190 1995
191 583
191 1301
191 1514
191 1802
191 1953
191 1983
192 587
192 847
192 1079
192 1513
193 234
193 321
193 324
193 825
193 1374
193 1623
193 1870
194 335
194 762
194 812
194 1371
194 1452
194 1499
195 694
195 1119
195 1301
195 1724
195 1899
196 722
196 962
196 1791
197 1528
198 209
198 868
198 1377
198 1897
199 499
199 505
199 577
199 1079
199 1209
199 1814
200 241
200 384
200 851
200 909
200 1133
200 1191
201 265
201 1028
201 1460
202 817
202 1331
203 661
203 1538
204 723
204 958
204 1044
205 504
205 597
205 1108
205 1125
205 1630
206 210
206 661
206 874
206 1343
206 1728
207 233
207 799
207 981
207 1148
207 1770
208 376
208 939
208 1463
209 771
209 837
209 1133
209 1282
210 502
211 477
211 899
211 1586
211 1730
212 1469
212 1476
212 1718
212 1768
212 1927
213 242
213 947
214 353
214 691
214 1608
214 1771
214 1815
214 1916
215 459
215 722
215 823
215 1035
215 1395
216 225
216 323
216 516
216 827
216 963
216 1082
216 1313
216 1488
216 1620
217 1673
217 1852
217 1959
218 325
218 1881
219 424
219 807
219 1057
219 1302
219 1358
219 1387
219 1604
219 1684
220 616
221 428
221 591
221 682
221 872
221 1376
221 1519
221 1611
221 1834
221 1856
221 1982
222 1247
222 1352
222 1369
222 1798
222 1952
223 723
223 1412
223 1653
224 315
224 665
225 305
225 348
225 721
225 1079
226 499
226 680
226 1256
226 1584
227 365
227 880
227 907
227 1436
227 1537
228 999
228 1757
228 1902
229 949
229 980
229 1015
229 1762
229 1766
229 1830
229 1841
229 1923
230 281
230 792
230 1110
230 1847
231 572
231 689
231 1528
231 1580
231 1595
232 560
232 1293
232 1411
233 1461
233 1686
234 819
234 872
235 482
235 685
235 1102
235 1106
235 1219
235 1323
236 562
236 648
236 778
236 791
236 953
236 1359
236 1592
236 1815
237 969
237 1241
237 1258
238 428
238 919
238 978
238 997
238 1289
238 1856
238 1875
239 259
239 717
239 1334
239 1386
239 1562
240 456
240 557
240 1358
241 499
242 579
242 663
242 1320
242 1520
242 1896
243 417
243 525
243 1026
243 1043
243 1192
244 1211
244 1322
244 1496
244 1736
245 912
245 1846
246 1604
246 1680
247 248
247 422
247 704
247 846
248 730
248 1490
249 353
249 515
249 922
249 1030
250 378
250 487
250 946
250 1251
251 533
251 559
251 638
251 983
251 1091
251 1127
251 1445
251 1551
252 545
252 808
252 1101
252 1889
253 1136
253 1162
254 265
254 414
254 1168
255 1019
255 1153
255 1154
255 1707
256 770
256 788
256 790
256 1401
256 1672
257 1541
257 1705
257 1884
258 981
258 1208
258 1339
259 1205
259 1518
260 266
260 392
260 1383
260 1501
260 1561
260 1600
261 422
261 765
261 778
261 814
261 1369
261 1417
261 1528
261 1967
262 344
262 1109
262 1236
263 517
263 603
263 937
263 1549
263 1628
263 1911
263 1933
263 1984
264 803
264 920
264 949
264 1332
264 1509
265 294
265 573
265 863
265 962
265 1943
265 1999
266 1398
266 1657
266 1826
267 511
267 1438
267 1643
268 278
268 935
268 1288
268 1817
268 1881
269 1507
269 1533
269 1661
269 1940
269 1962
270 361
270 624
270 1450
271 472
271 671
271 1136
271 1488
272 622
272 1353
272 1527
273 563
273 1128
273 1277
273 1320
273 1761
274 353
274 794
274 894
274 963
274 1438
274 1680
274 1844
275 834
275 847
275 1482
275 1606
275 1627
276 458
276 1045
276 1984
277 880
277 1032
277 1081
277 1574
278 549
278 700
278 985
278 1116
278 1656
279 516
279 805
279 1739
279 1751
280 451
280 1266
280 1441
281 1538
281 1619
282 1045
282 1771
283 700
283 790
283 825
283 1312
283 1766
284 429
284 742
284 972
284 1707
285 458
285 494
285 753
285 926
285 1293
285 1362
285 1414
285 1928
286 364
286 374
286 685
286 1048
286 1866
287 852
288 1163
289 451
289 588
289 1802
289 1819
290 558
290 1026
290 1270
290 1514
291 537
291 883
291 1390
291 1640
292 1451
292 1584
293 423
293 573
293 677
293 773
293 1380
293 1649
293 1910
294 636
295 984
295 1993
296 1038
296 1320
296 1517
296 1759
296 1917
296 1933
297 639
297 803
297 1124
298 696
298 1139
298 1631
299 771
299 1429
299 1564
300 1082
301 613
301 935
301 1264
301 1290
301 1355
301 1699
301 1829
302 458
302 656
302 1267
302 1572
303 615
303 1068
303 1376
303 1560
303 1608
304 1307
304 1319
304 1397
304 1517
305 1509
306 338
306 353
306 1706
307 614
307 829
307 1288
307 1336
307 1817
308 401
308 853
309 808
309 1082
309 1899
309 1918
310 629
310 712
310 926
310 1187
310 1276
310 1858
311 379
311 787
311 805
311 826
311 932
311 934
311 944
311 1259
312 1419
312 1648
312 1658
313 1231
313 1385
313 1649
313 1724
313 1878
314 687
314 1098
314 1238
314 1831
315 403
315 562
315 766
315 1119
315 1807
316 1062
317 401
317 845
317 1047
318 1249
318 1454
318 1825
319 440
319 1954
320 677
320 797
320 1176
320 1669
320 1671
320 1724
320 1878
320 1910
321 497
321 614
321 1841
322 1614
322 1690
323 333
323 1268
325 1240
325 1310
325 1842
326 428
326 431
326 1238
326 1337
326 1588
327 1048
327 1402
327 1648
327 1673
327 1829
327 1872
328 750
328 1021
328 1657
329 758
329 811
329 1494
329 1947
330 1190
331 352
331 968
332 585
332 892
332 998
332 1024
332 1298
332 1357
332 1518
332 1726
332 1841
332 1903
333 436
333 997
333 1179
333 1321
333 1323
334 653
334 862
334 1201
334 1577
334 1926
335 575
335 1549
336 928
336 1025
336 1471
336 1754
337 485
337 873
338 679
338 812
338 1161
338 1468
338 1954
338 1986
339 349
339 492
339 540
339 893
339 970
339 1245
339 1257
339 1917
340 384
340 512
340 533
340 1106
340 1272
340 1786
340 1867
341 449
341 564
341 1176
341 1866
342 396
342 854
342 1023
342 1665
342 1997
343 788
343 940
343 1605
344 755
344 1425
344 1432
344 1749
345 459
345 866
345 990
345 1407
345 1654
345 1831
345 1922
346 719
346 1893
347 397
347 663
347 725
348 530
348 1201
349 441
349 1041
349 1391
349 1918
349 1962
350 725
350 1080
350 1979
351 868
351 1000
352 442
352 465
352 738
352 973
352 1279
352 1516
352 1839
353 461
353 592
353 1167
353 1253
353 1299
353 1926
354 640
354 1193
355 697
355 1391
355 1493
355 1914
356 1007
356 1084
356 1120
356 1824
357 1450
357 1598
358 407
358 674
358 709
358 806
358 1258
358 1878
360 707
360 811
360 1809
360 1833
360 1905
361 373
361 1529
361 1643
361 1688
362 530
362 951
362 1042
362 1172
363 1413
363 1830
364 958
364 1375
364 1627
364 1699
364 1722
365 540
365 727
365 778
365 888
365 1907
366 773
366 1980
367 1569
367 1578
367 1644
368 382
368 1095
368 1167
368 1991
369 678
369 998
369 1139
369 1213
369 1266
369 1993
370 572
370 690
370 1227
370 1709
371 512
371 715
371 1733
371 1855
371 1908
371 1965
372 693
372 1013
372 1114
372 1267
373 852
373 1214
373 1230
373 1688
373 1711
373 1885
374 791
374 861
374 1107
375 1775
375 1854
376 980
376 1517
376 1840
377 719
377 1586
378 1695
378 1857
379 496
379 635
379 1571
379 1971
380 1523
381 869
381 961
381 1328
381 1699
382 438
382 460
382 986
383 866
383 1622
383 1631
384 621
384 839
384 1112
384 1512
385 695
385 714
385 1229
385 1277
385 1452
385 1843
385 1951
386 885
386 1268
386 1432
386 1801
387 1145
387 1421
387 1760
388 455
388 479
388 741
388 763
388 1381
389 647
389 649
389 826
389 1624
390 457
390 664
390 911
390 1294
391 1022
391 1379
391 1881
391 1932
392 577
392 1773
392 1796
392 1932
393 1272
393 1525
394 555
395 1907
395 1928
396 577
396 651
396 1080
396 1227
397 558
397 863
397 1095
397 1102
397 1440
397 1895
398 1119
398 1224
399 894
399 1034
399 1468
400 1157
400 1215
400 1263
400 1435
400 1669
400 1896
401 1748
402 658
402 1334
402 1466
403 1098
403 1443
404 581
404 1343
404 1965
405 799
405 913
405 958
405 1785
405 1921
406 807
406 1770
407 487
407 654
407 959
407 1131
408 1141
408 1383
408 1994
409 428
409 1131
409 1241
409 1631
410 445
410 568
410 1017
410 1835
411 691
411 829
411 900
411 1068
411 1189
411 1427
412 859
412 1050
412 1147
412 1566
412 1811
414 1067
414 1327
414 1446
414 1991
415 1435
415 1949
416 937
416 1101
416 1314
416 1663
416 1745
417 858
417 1185
417 1605
417 1764
417 1835
418 597
418 739
418 1246
418 1366
418 1877
419 987
419 1058
419 1458
419 1750
420 524
420 1072
420 1482
420 1864
421 667
421 1330
421 1702
421 1942
422 593
422 602
422 916
422 1439
423 500
423 1266
423 1970
424 1146
424 1538
425 603
425 1447
425 1612
426 1165
426 1772
426 1992
427 940
427 1346
427 1354
427 1375
427 1615
427 1901
428 605
428 674
428 1097
428 1554
428 1950
429 457
429 1562
430 1367
430 1374
430 1455
430 1881
430 1970
431 627
431 1228
431 1366
431 1907
432 1832
434 1111
435 473
435 710
435 1167
435 1183
436 1419
437 833
437 1463
437 1889
438 529
438 532
438 767
438 770
438 1042
438 1283
438 1903
439 582
439 808
439 1029
439 1131
439 1404
440 666
440 682
440 822
440 1010
440 1045
440 1577
441 1668
442 590
442 1978
443 617
444 591
444 1392
444 1406
444 1675
444 1728
445 821
445 1018
445 1742
446 995
446 1379
446 1527
446 1676
446 1923
447 777
447 1276
447 1419
447 1436
447 1591
447 1700
448 467
448 542
448 1094
448 1380
448 1679
449 958
449 1687
449 1695
449 1832
449 1845
450 828
450 1433
450 1801
451 1667
451 1969
452 614
452 1060
452 1282
452 1901
453 576
453 699
453 1125
453 1212
454 1387
455 959
455 1272
455 1832
455 1853
456 979
456 1183
456 1429
456 1542
456 1809
456 1826
457 969
457 1226
457 1504
457 1553
458 637
458 722
459 1425
460 681
460 763
460 871
460 1136
461 1052
462 905
462 1049
462 1060
462 1217
462 1701
463 1006
464 616
464 746
464 918
464 1255
464 1398
465 720
465 1445
465 1523
466 709
466 939
466 1016
466 1313
466 1591
467 1951
467 1974
468 1201
469 1142
469 1863
469 1952
470 878
470 1321
471 1975
472 475
472 478
472 820
472 882
472 1235
472 1295
472 1558
472 1739
473 581
473 1479
473 1504
475 1132
475 1723
475 1787
476 549
476 903
476 1188
476 1207
476 1452
476 1460
476 1613
476 1745
476 1746
477 725
477 740
477 783
477 920
477 1195
479 521
479 1477
479 1482
479 1862
479 1910
480 1008
480 1246
481 1175
481 1192
481 1336
482 548
482 1035
482 1814
483 592
483 1308
483 1767
484 576
484 850
484 945
485 730
485 928
486 1034
486 1313
486 1334
486 1690
487 652
487 1736
488 1187
488 1694
488 1780
489 515
489 692
489 995
490 1048
490 1967
491 1594
491 1674
491 1770
491 1870
491 1943
491 1995
492 777
492 1345
492 1622
492 1689
492 1780
492 1955
493 585
493 906
493 1004
493 1178
494 897
494 1124
495 1061
495 1189
495 1232
496 1831
496 1854
497 830
497 1099
497 1146
497 1318
497 1381
498 939
498 1276
498 1315
498 1444
498 1522
498 1980
499 1524
499 1531
499 1797
499 1843
499 1847
499 1912
500 502
500 847
500 890
500 1208
500 1468
501 813
501 1043
502 606
502 1629
502 1756
502 1952
503 1243
503 1957
504 527
504 780
504 1085
504 1202
504 1222
504 1424
504 1584
504 1874
505 1146
505 1585
506 880
506 1250
506 1727
506 1762
507 624
507 660
507 1762
508 522
508 813
508 941
509 780
509 1343
509 1669
509 1671
509 1845
509 1946
510 918
510 1030
510 1740
510 1741
511 874
511 1922
511 1988
512 586
512 930
512 1037
512 1179
513 540
513 622
513 1326
513 1346
513 1622
514 1146
514 1646
514 1795
515 904
515 1012
515 1333
515 1460
515 1764
515 1973
516 654
516 1072
516 1195
516 1264
516 1820
517 809
517 902
517 1134
517 1642
518 775
518 783
518 907
518 1574
518 1771
518 1933
519 866
519 1063
519 1153
519 1501
519 1678
520 879
520 1243
520 1296
520 1490
520 1562
520 1611
520 1651
520 1818
520 1833
520 1858
521 1966
522 1785
523 1164
523 1582
523 1589
523 1644
524 1013
524 1559
524 1711
524 1725
524 1950
525 670
525 1502
525 1699
525 1929
525 1988
526 814
526 985
527 694
527 990
527 1102
527 1265
527 1335
527 1620
527 1757
528 712
529 784
529 807
530 757
530 779
530 1434
530 1904
530 1914
531 547
531 883
531 887
531 1247
531 1328
531 1531
532 677
532 1574
532 1638
532 1856
534 546
534 1033
534 1040
534 1276
535 563
535 677
535 1414
535 1728
536 951
537 997
537 1526
538 857
538 1785
538 1872
538 1894
539 1031
540 985
540 1242
540 1853
540 1920
541 1084
541 1301
541 1589
541 1657
541 1899
542 996
542 1526
543 558
543 1163
543 1631
543 1959
543 1960
544 610
544 677
544 1486
545 1009
545 1606
545 1854
545 1996
546 581
546 682
546 1798
546 1847
547 772
547 985
548 577
548 854
548 1594
548 1605
548 1675
549 965
549 1555
550 1534
550 1566
550 1828
551 642
551 1495
552 1570
553 944
553 1199
553 1384
553 1682
553 1807
553 1942
554 804
554 1284
554 1570
554 1864
555 1877
557 686
557 1766
557 1982
558 823
558 1169
559 714
559 1864
559 1865
560 634
560 955
560 1864
560 1924
561 1153
561 1177
561 1204
561 1423
561 1803
562 887
563 1195
563 1205
564 1612
565 632
565 1082
565 1163
565 1267
565 1498
565 1718
566 1111
566 1252
567 818
567 897
567 1432
567 1477
568 664
568 856
568 976
568 1271
568 1582
568 1600
568 1997
569 1635
569 1857
570 691
570 942
570 956
570 977
571 905
571 1188
571 1997
572 612
573 609
573 766
573 970
573 1171
573 1735
574 982
575 759
575 1006
575 1520
576 759
576 901
576 1092
576 1979
577 899
577 1400
577 1906
579 604
579 616
579 1145
579 1193
579 1948
580 1431
580 1450
581 803
581 1057
581 1553
581 1783
582 710
582 828
582 1166
582 1448
583 1650
584 1584
584 1807
585 714
585 844
585 1349
585 1418
586 1027
587 922
587 1445
588 824
588 1067
588 1301
588 1666
589 1114
589 1283
589 1330
589 1504
589 1656
590 926
590 1975
592 621
592 1114
592 1437
592 1815
592 1906
593 739
593 786
593 1155
593 1329
593 1859
594 1134
594 1707
595 1106
596 657
596 1318
596 1618
596 1669
597 766
597 937
597 1257
597 1661
598 808
598 1289
599 725
599 1027
599 1557
599 1871
600 848
600 921
600 985
601 984
601 1052
601 1064
601 1195
601 1533
601 1623
602 617
602 1160
602 1663
603 884
603 979
603 1219
603 1661
603 1743
604 852
604 1082
605 912
605 1221
605 1273
605 1372
605 1596
606 909
606 1278
607 669
607 1614
607 1619
607 1898
608 1180
608 1648
608 1936
608 1970
609 786
609 1703
610 1235
610 1487
610 1730
611 624
611 1758
612 1546
612 1898
612 1941
613 692
613 1360
613 1931
614 985
615 651
615 1084
616 1046
616 1052
617 1171
617 1252
617 1277
617 1309
618 618
618 719
618 998
618 1568
618 1980
619 793
619 1560
619 1921
620 946
620 1025
620 1348
620 1575
620 1596
620 1603
621 1231
621 1244
621 1535
622 768
622 1723
622 1855
623 749
623 1030
623 1500
623 1772
623 1893
624 660
624 906
624 1194
624 1402
624 1556
624 1836
625 1046
625 1382
625 1690
626 1511
626 1698
627 1004
628 920
629 782
629 1223
629 1927
630 741
630 977
631 679
631 809
631 914
631 1761
631 1953
632 673
632 918
633 1109
634 1581
634 1996
635 810
635 960
635 1503
635 1532
636 887
636 926
636 1283
636 1917
636 1937
637 1057
637 1149
637 1211
637 1787
638 696
638 728
638 1537
639 840
640 852
640 936
640 1596
640 1868
641 1626
641 1823
642 1512
642 1641
642 1816
643 1172
643 1400
644 783
644 1415
644 1675
645 902
645 1020
645 1333
645 1571
646 694
646 872
646 1014
646 1209
646 1560
649 1840
650 715
650 789
650 1444
650 1572
651 753
651 777
651 984
651 1000
651 1577
651 1829
652 819
652 1099
652 1828
652 1867
652 1868
652 1887
653 914
654 1469
654 1495
655 1084
655 1170
656 1121
656 1322
656 1584
657 845
657 958
657 1194
657 1201
657 1795
658 1564
658 1639
660 764
660 1564
660 1920
661 1040
661 1808
661 1867
661 1926
661 1987
662 808
662 1219
662 1494
663 1278
663 1516
663 1571
664 739
664 785
664 958
664 1023
664 1314
664 1504
664 1922
665 999
665 1993
666 966
666 1056
666 1081
666 1267
666 1938
667 888
667 1403
667 1441
667 1468
668 748
668 1343
668 1360
668 1532
668 1616
668 1714
668 1833
669 786
669 994
669 1364
670 712
670 819
670 1720
670 1808
671 1334
671 1457
671 1992
672 1164
672 1533
672 1998
673 871
673 1983
674 1693
674 1794
675 781
675 1205
675 1514
675 1741
676 1206
676 1949
677 807
677 809
677 1699
678 1075
678 1219
678 1483
678 1776
678 1798
678 1924
679 1254
679 1463
679 1779
679 1892
680 821
681 1146
681 1535
681 1705
683 1137
683 1276
684 774
684 1078
684 1978
685 690
685 1113
685 1723
686 698
687 716
687 1801
688 1539
689 1394
689 1563
690 1741
691 727
691 792
691 1482
692 1160
693 1125
693 1384
694 967
694 1997
695 885
695 894
695 962
695 1653
696 1164
696 1331
696 1444
696 1693
697 801
697 811
697 906
697 1059
697 1180
697 1206
697 1683
698 719
698 1830
698 1972
699 1296
699 1339
699 1346
699 1844
699 1997
700 968
700 1067
701 946
701 1115
701 1571
702 1809
703 705
703 934
703 1065
703 1246
703 1763
704 1566
705 1485
705 1697
706 718
706 820
706 1143
706 1557
706 1635
706 1898
706 1922
707 760
707 1412
707 1564
707 1725
708 1462
709 836
709 1805
710 1070
710 1645
711 1242
711 1746
711 1834
711 1969
712 1354
712 1797
713 751
713 1029
713 1655
714 867
715 816
715 1152
715 1224
715 1258
715 1519
715 1782
716 1177
716 1183
716 1372
717 916
717 1049
717 1138
717 1300
717 1662
717 1948
719 869
719 1430
719 1432
719 1657
719 1685
719 1773
720 752
720 1031
720 1035
720 1705
720 1727
722 994
722 1167
722 1250
722 1421
722 1713
723 1044
724 739
725 764
725 1532
725 1751
725 1827
725 1873
726 1146
726 1240
726 1903
727 1066
727 1137
727 1465
728 1144
728 1299
728 1384
729 1838
730 781
730 1060
730 1249
730 1740
731 1424
731 1494
732 1061
732 1790
732 1808
733 1398
734 1071
734 1176
734 1431
734 1450
735 932
735 1376
735 1908
735 1933
736 1453
736 1912
737 815
737 873
737 1466
737 1564
737 1759
738 1315
738 1391
738 1431
739 952
739 1236
739 1320
739 1637
740 871
740 1250
740 1448
740 1829
741 743
741 1028
741 1705
742 1372
743 867
743 1386
743 1919
744 1561
745 1557
746 863
746 1044
746 1655
746 1709
747 797
747 1154
747 1337
747 1392
747 1793
748 905
748 1417
748 1555
748 1613
748 1632
748 1946
749 1357
750 1927
751 770
751 898
751 1024
751 1129
751 1611
751 1868
752 1520
752 1723
752 1796
752 1917
753 1253
753 1807
753 1960
754 915
754 1409
754 1901
755 1602
755 1983
756 933
756 972
756 1443
756 1807
757 1588
757 1731
758 1667
759 1150
759 1208
762 1219
762 1566
762 1774
762 1982
763 970
763 1356
763 1617
763 1697
764 1562
764 1908
765 1233
765 1881
766 836
766 890
766 998
766 1468
766 1854
767 858
767 1122
767 1137
767 1811
768 1592
768 1846
768 1887
768 1976
769 1263
771 1580
772 905
772 1223
773 865
773 1917
773 1953
774 1395
774 1531
775 872
775 1322
776 1036
776 1441
776 1508
776 1861
777 1656
777 1787
778 964
778 1084
778 1643
779 934
779 1384
779 1458
779 1481
779 1540
780 863
780 1066
780 1247
781 1260
781 1269
782 1101
782 1204
783 870
783 913
784 791
784 961
784 1612
785 950
785 1085
785 1239
786 1622
786 1659
786 1944
786 1951
787 816
787 1084
788 898
788 1343
788 1434
788 1652
788 1762
789 939
789 1033
789 1107
789 1638
790 1077
790 1380
790 1446
790 1899
791 946
791 1276
791 1849
792 906
792 1269
792 1500
792 1766
792 1901
793 1054
793 1073
793 1744
794 917
794 1309
794 1689
795 795
795 936
795 1176
796 1151
796 1363
796 1949
797 1103
797 1173
797 1769
797 1801
798 1517
799 805
801 1237
801 1538
801 1573
801 1918
802 1161
802 1171
802 1354
802 1614
802 1675
802 1853
802 1935
803 871
803 1336
803 1435
803 1639
804 843
804 1359
804 1585
805 821
805 1765
805 1903
806 831
806 1039
806 1396
806 1630
806 1708
807 1551
808 904
809 1085
810 874
810 964
810 1131
810 1993
811 1554
812 1066
812 1955
813 956
813 1478
813 1793
814 925
814 1083
814 1157
814 1335
814 1427
814 1560
814 1694
814 1712
814 1771
815 1482
816 951
816 1601
816 1844
817 914
817 1436
819 1483
820 1358
820 1487
820 1530
821 1392
822 877
823 875
823 1765
823 1797
824 1034
824 1743
825 1396
826 1705
827 1001
827 1715
827 1873
828 1279
828 1842
828 1961
829 1127
829 1595
829 1998
830 919
830 1131
830 1149
830 1672
831 1179
831 1240
832 1366
832 1371
832 1603
832 1938
833 1181
833 1371
833 1589
833 1658
834 852
834 998
834 1201
834 1985
835 911
835 1122
837 1172
837 1531
837 1668
837 1704
838 1103
839 891
839 1106
840 859
840 1088
840 1579
840 1616
841 974
841 1300
841 1364
842 1055
842 1195
842 1246
843 1274
843 1304
843 1342
843 1559
843 1745
844 1154
845 1265
845 1995
847 999
848 1026
849 1342
849 1789
849 1821
849 1901
850 1540
850 1726
851 1744
852 1215
852 1301
852 1455
853 1095
853 1283
853 1593
854 1298
854 1330
854 1547
854 1841
855 1100
855 1820
855 1850
856 909
856 1678
857 1042
857 1367
858 916
859 1825
860 927
860 1200
860 1583
861 1141
861 1384
862 1112
862 1163
862 1292
862 1473
862 1840
862 1900
863 1124
863 1324
863 1727
864 1591
864 1613
864 1682
864 1770
864 1949
865 875
865 1096
865 1351
865 1371
865 1764
865 1942
866 1106
866 1182
866 1512
867 962
867 990
868 970
868 1449
868 1644
869 1195
869 1700
870 909
870 1608
870 1989
871 965
871 1070
871 1095
871 1337
871 1575
872 1756
872 1780
873 1213
873 1219
873 1644
873 1746
874 1185
874 1279
874 1460
875 1071
875 1710
876 1391
876 1797
877 1745
879 900
879 1181
879 1854
880 1605
880 1743
880 1957
881 910
881 1232
881 1869
882 1343
882 1484
882 1517
882 1822
883 1931
883 1955
884 1486
884 1492
884 1778
886 1183
886 1275
886 1301
886 1668
886 1816
887 911
887 1519
887 1632
888 1073
888 1091
888 1238
888 1737
889 1059
889 1168
889 1175
889 1370
889 1630
889 1668
890 1095
890 1194
890 1863
890 1877
891 898
891 1780
892 925
892 964
892 1141
892 1191
893 1256
894 899
894 957
894 1017
894 1335
895 1640
895 1894
896 1185
896 1393
896 1857
896 1906
897 1015
897 1640
898 1707
898 1928
899 1725
900 906
900 1567
900 1601
900 1990
901 1239
902 1550
903 904
903 1381
903 1909
904 1224
905 1356
905 1503
906 1542
906 1553
906 1727
907 907
907 925
908 953
908 1401
908 1583
909 1757
910 1480
910 1612
911 1214
911 1493
912 950
912 1444
912 1753
913 1107
913 1188
913 1462
913 1564
913 1709
913 1726
914 1235
914 1658
915 1673
915 1891
916 1137
916 1162
916 1623
916 1688
917 1038
917 1110
917 1491
918 1129
918 1235
919 1758
920 1417
920 1551
920 1833
920 1891
920 1978
920 1983
921 1464
922 929
922 1185
922 1277
922 1585
922 1744
923 1100
924 1540
924 1928
925 977
926 931
926 1005
926 1879
927 1166
927 1392
927 1743
927 1968
928 1063
928 1993
929 955
929 1739
929 1742
930 1143
930 1705
930 1813
931 1956
932 946
932 1278
932 1379
932 1621
932 1782
932 1872
933 1308
933 1686
933 1935
934 1083
935 1124
935 1257
935 1412
937 941
937 1488
937 1876
937 1972
938 1285
939 1800
940 1241
940 1919
943 1006
943 1081
943 1679
943 1750
944 1094
944 1602
945 1252
945 1489
945 1647
945 1661
946 1081
946 1281
946 1537
947 1243
947 1678
947 1756
948 968
948 1424
948 1665
949 1247
949 1686
950 1057
950 1072
950 1205
950 1882
951 1130
951 1350
951 1374
951 1814
952 1031
952 1091
954 1605
954 1741
955 1276
955 1296
955 1449
955 1634
955 1979
956 1085
956 1782
956 1927
957 1246
957 1403
957 1699
957 1808
957 1862
957 1869
959 1519
960 964
960 1305
961 1043
961 1117
961 1273
961 1314
961 1875
961 1954
962 1029
962 1994
963 971
963 1068
963 1385
963 1826
964 1845
964 1922
965 1238
966 972
966 1370
966 1848
966 1997
967 1082
967 1616
967 1957
968 1617
968 1982
969 1007
969 1062
969 1486
969 1522
969 1954
970 1093
971 1201
971 1668
971 1735
972 1245
973 1155
973 1191
973 1248
973 1367
974 1145
974 1582
974 1697
975 1218
975 1775
976 1033
976 1045
976 1518
978 1488
978 1864
979 1069
979 1440
979 1791
979 1830
979 1870
981 1117
981 1747
981 1749
982 1376
982 1419
982 1599
982 1637
982 1829
983 1258
983 1511
983 1635
983 1795
984 1555
984 1626
985 1113
985 1393
985 1600
985 1981
986 1305
986 1884
987 1419
987 1528
987 1631
988 1228
988 1296
988 1910
989 1107
989 1931
991 1536
991 1702
991 1749
992 1218
992 1883
995 1437
996 1312
996 1648
997 1989
998 1039
998 1750
999 1224
1000 1603
1001 1058
1001 1517
1001 1754
1001 1919
1002 1233
1002 1449
1002 1870
1002 1887
1003 1437
1003 1853
1003 1854
1004 1084
1004 1770
1004 1940
1004 1984
1006 1089
1006 1736
1006 1759
1007 1118
1007 1195
1007 1373
1007 1401
1007 1404
1007 1486
1008 1388
1008 1480
1008 1897
1009 1059
1009 1455
1009 1916
1010 1190
1010 1315
1010 1691
1011 1338
1013 1311
1013 1336
1013 1851
1014 1090
1014 1760
1014 1928
1014 1947
1015 1017
1016 1366
1016 1642
1016 1834
1017 1327
1017 1446
1017 1579
1018 1549
1018 1864
1019 1137
1019 1924
1020 1958
1021 1856
1021 1988
1022 1077
1022 1206
1022 1340
1022 1923
1023 1045
1023 1988
1024 1607
1024 1823
1024 1910
1025 1431
1025 1513
1026 1318
1027 1873
1027 1916
1028 1347
1028 1487
1029 1038
1029 1462
1029 1911
1030 1329
1030 1755
1030 1857
1032 1118
1032 1512
1032 1972
1033 1808
1034 1313
1034 1377
1034 1781
1034 1840
1035 1213
1035 1278
1035 1589
1035 1857
1036 1312
1036 1435
1037 1050
1037 1445
1037 1855
1038 1312
1038 1364
1038 1601
1040 1605
1040 1877
1040 1972
1041 1257
1041 1315
1041 1893
1042 1617
1042 1732
1043 1622
1044 1892
1045 1333
1045 1972
1046 1749
1047 1564
1047 1776
1047 1795
1048 1346
1048 1357
1048 1426
1048 1492
1048 1570
1048 1925
1048 1982
1049 1429
1049 1580
1050 1166
1050 1346
1051 1113
1051 1450
1051 1625
1052 1228
1052 1655
1053 1442
1054 1254
1054 1361
1054 1548
1054 1623
1055 1411
1055 1512
1055 1569
1055 1899
1056 1229
1056 1491
1056 1735
1058 1093
1058 1101
1058 1117
1058 1118
1059 1269
1059 1349
1060 1240
1060 1315
1060 1471
1061 1102
1061 1333
1061 1854
1062 1160
1062 1602
1062 1783
1062 1894
1062 1913
1063 1146
1063 1252
1063 1934
1065 1087
1065 1827
1066 1977
1067 1553
1067 1915
1068 1221
1068 1247
1068 1464
1069 1334
1069 1435
1069 1510
1069 1828
1069 1939
1070 1478
1071 1451
1072 1919
1073 1270
1073 1585
1073 1652
1073 1681
1074 1312
1074 1586
1074 1679
1075 1149
1075 1977
1076 1189
1076 1299
1077 1595
1078 1376
1078 1498
1078 1549
1078 1843
1079 1558
1079 1983
1080 1374
1080 1843
1081 1829
1082 1586
1083 1259
1083 1527
1084 1100
1085 1262
1085 1698
1086 1095
1086 1389
1086 1748
1087 1329
1087 1365
1088 1736
1088 1906
1089 1659
1089 1694
1090 1345
1090 1362
1090 1389
1090 1659
1092 1442
1092 1725
1092 1963
1093 1499
1093 1942
1094 1663
1094 1704
1096 1114
1096 1595
1098 1160
1099 1325
1100 1623
1100 1673
1101 1158
1101 1293
1101 1429
1101 1711
1101 1811
1102 1243
1102 1963
1103 1739
1103 1856
1103 1878
1104 1202
1104 1276
1104 1429
1104 1934
1105 1473
1107 1544
1107 1687
1108 1154
1108 1650
1109 1357
1109 1534
1110 1667
1112 1120
1113 1354
1113 1367
1113 1745
1113 1841
1114 1735
1115 1151
1115 1528
1115 1708
1116 1754
1118 1635
1118 1690
1119 1559
1119 1567
1119 1715
1119 1732
1119 1767
1120 1746
1120 1805
1121 1276
1121 1391
1121 1561
1121 1718
1121 1896
1122 1238
1123 1370
1124 1655
1124 1941
1125 1368
1125 1736
1126 1158
1126 1186
1126 1496
1126 1678
1127 1263
1127 1765
1127 1912
1128 1686
1129 1432
1129 1630
1130 1155
1130 1218
1132 1269
1132 1346
1132 1566
1133 1464
1134 1519
1134 1651
1135 1349
1136 1219
1137 1647
1138 1383
1139 1392
1139 1507
1139 1990
1140 1787
1141 1819
1142 1500
1143 1450
1143 1577
1143 1715
1144 1705
1145 1338
1146 1338
1146 1367
1146 1667
1146 1775
1147 1668
1147 1847
1148 1298
1149 1210
1149 1383
1150 1966
1151 1403
1151 1634
1151 1994
1152 1492
1152 1551
1153 1500
1153 1750
1154 1178
1154 1308
1154 1438
1154 1525
1154 1599
1154 1750
1156 1428
1156 1767
1157 1392
1157 1534
1158 1315
1158 1880
1159 1272
1159 1801
1160 1502
1160 1863
1161 1609
1161 1661
1162 1318
1162 1949
1163 1522
1163 1789
1163 1879
1164 1771
1165 1678
1165 1857
1166 1887
1168 1326
1168 1383
1168 1538
1168 1784
1169 1313
1170 1756
1170 1869
1171 1992
1172 1459
1173 1193
1173 1281
1173 1473
1173 1772
1173 1812
1174 1187
1174 1230
1174 1643
1175 1268
1175 1680
1176 1312
1176 1641
1176 1981
1177 1360
1177 1425
1178 1347
1178 1379
1179 1586
1179 1849
1180 1758
1180 1772
1182 1209
1182 1376
1182 1787
1182 1939
1183 1320
1183 1465
1184 1379
1185 1187
1186 1378
1186 1462
1186 1986
1187 1270
1187 1861
1187 1972
1188 1445
1190 1272
1190 1694
1191 1494
1191 1713
1192 1562
1194 1270
1194 1371
1194 1372
1194 1430
1194 1536
1194 1549
1195 1350
1195 1358
1195 1788
1196 1782
1197 1211
1197 1255
1197 1994
1200 1280
1201 1566
1201 1580
1201 1823
1201 1825
1201 1911
1202 1798
1203 1464
1203 1569
1203 1700
1205 1309
1205 1396
1205 1477
1205 1665
1206 1577
1207 1917
1208 1322
1208 1942
1209 1235
1209 1341
1209 1729
1209 1812
1211 1553
1211 1708
1212 1266
1212 1853
1213 1669
1213 1829
1214 1996
1216 1291
1218 1271
1219 1776
1219 1974
1220 1247
1220 1287
1220 1880
1221 1315
1221 1374
1221 1519
1221 1715
1222 1344
1222 1490
1222 1593
1222 1700
1224 1323
1224 1627
1224 1757
1226 1856
1226 1858
1226 1892
1227 1274
1227 1442
1227 1879
1228 1308
1229 1335
1229 1424
1230 1313
1230 1709
1231 1278
1231 1393
1231 1542
1231 1808
1231 1943
1232 1378
1232 1607
1233 1559
1233 1702
1234 1953
1235 1468
1235 1482
1235 1941
1235 1952
1236 1237
1236 1857
1238 1671
1239 1554
1240 1603
1241 1442
1241 1491
1241 1829
1242 1934
1243 1357
1243 1365
1245 1524
1245 1706
1246 1403
1249 1468
1250 1813
1251 1611
1252 1527
1252 1808
1253 1611
1253 1659
1254 1380
1255 1370
1255 1478
1256 1418
1256 1617
1258 1908
1259 1521
1260 1807
1261 1331
1261 1763
1261 1831
1262 1570
1264 1392
1264 1940
1265 1302
1265 1484
1265 1552
1265 1751
1268 1520
1268 1712
1268 1720
1268 1833
1269 1332
1269 1937
1270 1363
1270 1675
1270 1677
1271 1443
1271 1750
1271 1761
1271 1801
1271 1999
1273 1294
1273 1441
1274 1668
1274 1977
1275 1474
1276 1366
1276 1702
1277 1289
1278 1400
1279 1941
1280 1484
1281 1719
1283 1361
1284 1340
1285 1923
1286 1770
1287 1600
1287 1844
1289 1824
1290 1367
1290 1840
1291 1827
1291 1936
1292 1316
1292 1556
1293 1443
1293 1630
1297 1298
1297 1479
1297 1498
1298 1329
1299 1364
1299 1792
1300 1357
1300 1520
1300 1831
1301 1322
1302 1754
1302 1757
1302 1836
1303 1637
1304 1685
1304 1943
1305 1477
1305 1882
1306 1389
1306 1526
1306 1576
1306 1753
1307 1957
1308 1442
1308 1538
1310 1610
1311 1473
1311 1919
1312 1431
1312 1457
1312 1633
1312 1823
1312 1978
1313 1510
1314 1472
1314 1753
1315 1443
1315 1870
1317 1555
1318 1702
1318 1786
1319 1679
1323 1497
1323 1659
1323 1858
1325 1722
1325 1783
1326 1420
1326 1519
1326 1564
1326 1759
1327 1372
1327 1894
1328 1931
1329 1795
1330 1999
1331 1357
1331 1498
1331 1624
1331 1648
1331 1918
1331 1986
1332 1496
1332 1515
1332 1539
1333 1635
1334 1362
1334 1408
1334 1552
1334 1987
1335 1595
1337 1604
1337 1768
1337 1842
1338 1600
1340 1628
1340 1808
1341 1512
1341 1901
1342 1516
1342 1629
1342 1713
1343 1518
1343 1928
1343 1960
1343 1976
1344 1667
1345 1387
1345 1633
1346 1574
1346 1583
1347 1383
1347 1587
1349 1354
1349 1451
1349 1539
1350 1757
1351 1622
1351 1851
1353 1559
1354 1510
1354 1632
1355 1565
1355 1595
1355 1645
1356 1510
1356 1572
1356 1908
1357 1620
1358 1370
1358 1621
1358 1769
1359 1542
1359 1895
1361 1529
1362 1451
1363 1429
1363 1561
1363 1768
1363 1786
1363 1820
1364 1691
1365 1786
1366 1831
1366 1969
1368 1937
1370 1517
1370 1589
1370 1667
1370 1764
1370 1927
1370 1942
1371 1449
1372 1621
1372 1755
1373 1551
1375 1785
1376 1666
1377 1736
1378 1800
1379 1785
1380 1393
1380 1515
1380 1726
1381 1514
1381 1946
1382 1675
1383 1473
1383 1600
1384 1692
1384 1832
1384 1859
1387 1845
1388 1505
1388 1683
1388 1808
1390 1739
1391 1992
1393 1577
1393 1724
1394 1753
1396 1477
1396 1604
1396 1688
1399 1640
1400 1778
1401 1471
1402 1490
1404 1727
1405 1709
1405 1720
1405 1738
1408 1511
1408 1540
1408 1577
1408 1928
1409 1791
1411 1586
1411 1663
1411 1790
1412 1522
1412 1578
1412 1839
1413 1624
1414 1507
1415 1484
1415 1680
1415 1836
1416 1423
1416 1545
1416 1717
1416 1746
1417 1812
1418 1899
1420 1782
1421 1446
1421 1969
1422 1582
1422 1764
1424 1430
1424 1557
1427 1955
1428 1992
1429 1435
1430 1669
1430 1692
1430 1820
1431 1984
1433 1507
1433 1666
1433 1852
1434 1713
1435 1778
1436 1532
1436 1571
1436 1620
1437 1505
1438 1696
1438 1766
1438 1961
1439 1605
1440 1597
1440 1679
1440 1858
1441 1596
1442 1835
1443 1627
1444 1584
1444 1848
1445 1870
1448 1460
1448 1946
1450 1604
1450 1925
1451 1668
1451 1744
1452 1486
1452 1744
1452 1900
1452 1963
1452 1968
1453 1726
1454 1790
1454 1926
1455 1914
1456 1950
1458 1846
1459 1727
1459 1823
1459 1930
1460 1528
1461 1807
1464 1762
1464 1841
1465 1479
1465 1728
1465 1748
1467 1615
1467 1860
1470 1602
1470 1965
1471 1881
1472 1706
1472 1973
1473 1473
1473 1776
1474 1782
1475 1724
1477 1866
1479 1598
1480 1776
1483 1617
1486 1599
1486 1738
1489 1696
1489 1759
1489 1786
1489 1984
1490 1982
1491 1590
1491 1679
1493 1574
1493 1791
1496 1525
1496 1531
1497 1664
1498 1522
1498 1910
1499 1839
1500 1655
1500 1866
1501 1875
1502 1638
1502 1852
1502 1861
1503 1510
1503 1600
1503 1658
1503 1910
1504 1568
1504 1774
1504 1983
1504 1995
1505 1598
1505 1942
1506 1574
1506 1581
1507 1664
1507 1819
1508 1536
1509 1538
1509 1578
1509 1592
1509 1714
1510 1896
1513 1987
1515 1689
1516 1902
1518 1951
1519 1731
1519 1814
1520 1815
1520 1954
1520 1967
1521 1585
1521 1763
1523 1692
1526 1819
1529 1585
1529 1849
1530 1958
1531 1579
1531 1736
1531 1754
1533 1564
1533 1580
1534 1913
1535 1557
1536 1619
1536 1752
1536 1993
1537 1725
1538 1628
1538 1780
1539 1767
1544 1807
1545 1822
1546 1562
1549 1617
1550 1691
1550 1794
1550 1834
1550 1934
1550 1960
1551 1796
1552 1691
1552 1953
1553 1660
1555 1795
1557 1779
1558 1830
1560 1872
1561 1564
1561 1677
1561 1853
1562 1905
1563 1873
1565 1618
1565 1674
1565 1704
1565 1916
1566 1597
1566 1874
1567 1846
1569 1660
1569 1712
1569 1988
1570 1982
1571 1693
1571 1981
1572 1674
1573 1997
1576 1653
1577 1603
1577 1675
1577 1874
1577 1887
1578 1876
1578 1965
1579 1925
1582 1880
1582 1999
1585 1936
1586 1832
1587 1954
1588 1884
1589 1670
1591 1748
1594 1809
1596 1653
1596 1888
1597 1652
1597 1915
1598 1914
1598 1979
1600 1809
1600 1950
1602 1666
1604 1652
1604 1654
1604 1967
1608 1734
1612 1781
1614 1888
1619 1678
1620 1713
1624 1925
1627 1667
1629 1790
1630 1910
1631 1817
1631 1818
1632 1964
1633 1786
1635 1710
1635 1991
1637 1957
1637 1978
1638 1690
1639 1923
1639 1985
1641 1741
1643 1658
1645 1700
1645 1830
1645 1842
1646 1703
1646 1985
1648 1913
1652 1663
1653 1946
1654 1690
1656 1938
1658 1809
1661 1964
1664 1728
1664 1992
1668 1795
1668 1905
1673 1870
1675 1870
1676 1739
1676 1792
1677 1712
1677 1935
1681 1685
1682 1728
1682 1998
1683 1795
1683 1986
1687 1751
1687 1770
1692 1713
1693 1869
1698 1966
1703 1788
1704 1850
1708 1753
1709 1767
1709 1816
1710 1756
1710 1823
1711 1798
1712 1876
1713 1843
1718 1962
1719 1964
1720 1933
1729 1782
1729 1824
1729 1829
1729 1931
1730 1803
1731 1832
1734 1861
1736 1807
1738 1817
1739 1912
1740 1852
1741 1778
1742 1791
1744 1888
1745 1825
1745 1931
1747 1905
1754 1855
1754 1948
1755 1814
1756 1976
1759 1801
1760 1921
1761 1824
1764 1878
1765 1975
1766 1829
1767 1772
1767 1908
1774 1968
1776 1854
1777 1993
1781 1895
1783 1844
1784 1830
1784 1947
1790 1822
1790 1907
1791 1807
1791 1898
1792 1838
1792 1912
1798 1820
1799 1999
1803 1968
1805 1878
1805 1893
1805 1934
1805 1956
1810 1835
1816 1968
1822 1886
1827 1857
1828 1962
1831 1881
1831 1914
1831 1919
1850 1878
1850 1980
1850 1995
1851 1950
1852 1948
1858 1882
1859 1939
1862 1970
1862 1995
1867 1945
1867 1975
1868 1949
1870 1897
1874 1985
1881 1957
1888 1898
1890 1988
1893 1980
1896 1990
1900 1949
1904 1948
1904 1977
1905 1928
1906 1911
1909 1927
1924 1994
1937 1949
1937 1984
1991 1995
