2000
0 254
0 336
0 362
0 511
0 604
0 711
0 1219
0 1271
0 1954
1 380
1 547
1 598
1 1104
1 1602
1 1888
1 1889
2 263
2 349
2 456
2 1228
2 1549
2 1553
2 1786
3 426
3 454
3 477
3 677
3 932
3 978
3 1335
3 1389
3 1679
3 1689
4 72
4 167
4 222
4 735
4 1012
4 1203
4 1807
5 860
5 1720
5 1729
6 351
6 365
6 716
6 769
6 1034
6 1060
6 1071
6 1176
6 1913
7 11
7 471
7 916
7 1081
7 1391
7 1458
7 1503
7 1904
8 548
8 618
8 1106
8 1176
8 1194
8 1406
8 1424
8 1439
8 1577
9 103
9 129
9 254
9 330
9 541
9 761
9 770
9 873
9 1099
9 1202
9 1273
9 1435
9 1516
9 1705
10 53
10 280
10 697
10 1222
10 1353
10 1392
10 1537
10 1572
10 1822
11 166
11 193
11 372
11 427
11 554
11 1308
11 1354
11 1509
11 1614
11 1649
11 1932
12 17
12 23
12 145
12 375
12 573
12 788
12 816
12 914
12 1020
12 1037
12 1250
12 1292
12 1358
12 1412
12 1650
12 1763
12 1876
12 1920
13 118
13 731
13 876
13 1503
13 1675
13 1785
13 1817
14 44
14 93
14 268
14 284
14 368
14 1022
14 1023
14 1067
14 1253
14 1415
14 1499
14 1685
14 1790
14 1957
15 101
15 271
15 693
15 766
15 825
15 908
15 1068
15 1077
15 1226
15 1781
15 1796
15 1810
15 1822
15 1888
16 16
16 97
16 361
16 384
16 469
16 763
16 1073
16 1154
16 1556
16 1600
16 1680
16 1731
16 1996
17 259
17 323
17 341
17 368
17 431
17 433
17 452
17 871
17 1037
17 1534
17 1634
17 1652
18 71
18 211
18 984
18 1478
18 1817
19 73
19 119
19 196
19 364
19 745
19 838
19 849
19 1122
19 1150
19 1153
19 1356
19 1454
19 1872
20 371
20 643
20 697
20 767
20 1307
20 1559
20 1606
20 1668
20 1694
20 1778
21 171
21 255
21 326
21 507
21 612
21 672
21 767
21 916
21 956
21 1121
21 1219
21 1341
21 1372
21 1685
21 1793
21 1927
21 1982
22 149
22 545
22 648
22 724
22 742
22 763
22 992
22 1030
22 1266
22 1308
22 1598
22 1626
22 1629
22 1928
22 1983
23 322
23 477
23 735
23 1120
23 1146
23 1316
23 1488
23 1511
23 1833
23 1854
23 1863
24 141
24 334
24 354
24 863
24 1045
24 1247
24 1255
24 1258
24 1431
24 1861
25 499
25 852
25 937
25 972
25 1092
25 1124
25 1311
25 1751
26 117
26 128
26 203
26 307
26 347
26 590
26 606
26 1052
26 1208
27 132
27 254
27 331
27 343
27 351
27 714
27 1117
27 1578
27 1599
27 1736
28 232
28 268
28 789
28 896
28 988
28 1183
28 1338
28 1452
28 1706
28 1871
29 84
29 713
29 779
29 794
29 1066
29 1218
29 1222
29 1364
29 1388
29 1515
29 1581
29 1872
30 136
30 449
30 605
30 646
30 1171
30 1263
31 416
31 434
31 586
31 617
31 1119
31 1364
31 1374
31 1696
31 1709
31 1788
31 1830
31 1957
31 1985
32 103
32 548
32 578
32 682
32 693
32 756
32 1233
32 1277
32 1334
32 1570
32 1731
32 1830
33 215
33 338
33 616
33 892
33 1080
33 1131
33 1253
33 1293
33 1415
34 756
34 1065
34 1300
34 1525
34 1647
34 1655
34 1805
34 1926
35 170
35 274
35 1064
35 1124
35 1314
35 1954
35 1961
36 203
36 205
36 305
36 467
36 995
36 1111
36 1385
37 454
37 496
37 570
37 837
37 893
37 929
37 958
37 1047
37 1440
37 1486
38 78
38 247
38 299
38 610
38 672
38 761
38 1017
38 1193
38 1476
38 1932
39 431
39 478
39 742
39 910
39 915
39 1279
39 1531
39 1618
39 1655
39 1787
39 1872
39 1903
40 163
40 302
40 793
40 1145
40 1411
40 1436
40 1474
40 1770
41 367
41 371
41 710
41 836
41 1114
41 1217
41 1312
41 1495
41 1534
41 1996
42 247
42 324
42 426
42 618
42 699
42 849
42 1020
42 1067
42 1162
42 1612
42 1620
42 1666
43 408
43 419
43 437
43 462
43 475
43 645
43 711
43 759
43 1135
43 1148
43 1360
43 1366
43 1426
43 1614
43 1619
43 1796
44 133
44 295
44 776
44 882
44 908
44 911
44 1290
44 1799
45 81
45 349
45 499
45 602
45 634
45 826
45 1563
45 1948
46 47
46 302
46 574
46 638
46 726
46 730
46 1376
46 1390
46 1394
46 1825
47 70
47 970
47 977
47 1101
47 1119
47 1242
47 1251
47 1427
48 416
48 545
48 668
48 692
48 948
48 1182
48 1735
48 1920
48 1955
49 52
49 180
49 292
49 375
49 754
49 1119
49 1399
49 1448
50 207
50 624
50 834
50 846
50 1064
50 1392
50 1471
50 1662
51 828
51 1196
51 1583
51 1702
51 1869
52 756
52 1134
52 1249
52 1704
52 1798
52 1928
53 197
53 261
53 1013
53 1079
54 554
54 1106
54 1469
54 1488
54 1660
55 60
55 170
55 929
55 1697
56 318
56 504
56 513
56 672
56 782
56 866
56 991
56 1240
56 1353
56 1539
57 101
57 128
57 553
57 885
57 1128
57 1243
57 1489
57 1608
57 1765
57 1791
57 1876
57 1922
58 86
58 286
58 485
58 521
58 865
58 1268
58 1301
58 1318
58 1694
59 270
59 414
59 504
59 586
59 875
59 1305
59 1732
59 1965
60 86
60 89
60 95
60 134
60 200
60 497
60 553
60 901
60 927
60 1662
61 79
61 132
61 221
61 397
61 619
61 620
61 700
61 864
61 990
61 1199
61 1336
61 1469
61 1572
61 1948
62 320
62 772
62 837
62 937
62 938
62 1243
62 1331
62 1388
63 138
63 349
63 370
63 547
63 744
63 790
63 913
63 1059
63 1165
63 1319
63 1359
63 1521
64 228
64 260
64 308
64 431
64 508
64 840
64 1452
64 1787
65 305
65 613
65 727
65 903
65 957
65 1045
65 1501
66 322
66 955
66 1297
66 1429
66 1816
67 281
67 438
67 653
67 679
67 736
67 781
67 1603
68 147
68 267
68 1624
68 1774
68 1911
69 333
69 345
69 412
69 489
69 658
69 804
69 867
69 1319
69 1393
69 1502
70 144
70 422
70 493
70 1077
70 1114
70 1194
70 1214
70 1277
70 1645
71 121
71 320
71 358
71 540
71 648
71 1825
71 1900
71 1903
71 1950
71 1971
72 140
72 770
72 1005
72 1109
72 1157
72 1576
72 1757
72 1792
73 542
73 797
73 1351
73 1380
74 320
74 452
74 1137
74 1285
74 1307
74 1587
74 1711
74 1716
74 1771
74 1838
74 1920
75 177
75 361
75 808
75 1332
75 1442
75 1860
75 1935
76 165
76 1505
77 116
77 403
77 558
77 580
77 1044
77 1693
78 395
78 455
78 704
78 1318
78 1345
78 1413
78 1598
78 1715
78 1732
78 1854
78 1896
79 148
79 485
79 699
79 985
79 1041
79 1101
79 1292
79 1324
79 1776
79 1782
80 122
80 795
80 840
80 1146
80 1547
80 1653
80 1761
80 1764
81 417
81 533
81 793
81 933
81 1211
81 1230
81 1552
81 1699
81 1808
81 1809
81 1919
81 1946
82 97
82 523
82 637
82 671
82 1066
82 1121
82 1273
82 1317
82 1409
82 1604
82 1681
83 269
83 288
83 718
83 1060
83 1452
83 1644
83 1647
83 1669
84 202
84 421
84 813
84 839
84 929
84 1062
84 1071
84 1206
84 1330
84 1651
84 1788
84 1886
85 745
85 813
85 823
85 899
85 1012
85 1207
85 1543
85 1732
86 202
86 218
86 719
86 729
86 854
86 889
86 991
86 1380
86 1508
87 274
87 327
87 513
87 575
87 639
87 744
87 846
87 1057
87 1250
87 1264
87 1368
87 1621
88 625
88 843
88 1059
88 1602
88 1808
88 1953
89 510
89 660
89 716
89 1191
89 1399
89 1450
89 1605
89 1978
90 270
90 303
90 334
90 536
90 704
90 780
90 1157
90 1311
90 1343
90 1612
90 1937
91 197
91 637
91 928
91 980
91 1187
91 1209
91 1696
92 140
92 294
92 543
92 810
92 837
92 1443
92 1483
92 1681
93 200
93 248
93 307
93 849
93 876
93 948
93 1028
93 1099
93 1470
94 406
94 485
94 732
94 1121
94 1136
94 1252
94 1329
94 1515
94 1573
94 1602
94 1861
94 1937
95 305
95 328
95 603
95 735
95 884
95 980
95 1291
95 1424
95 1666
95 1682
95 1758
95 1764
95 1936
96 460
96 518
96 769
96 1335
96 1420
96 1466
96 1592
96 1673
96 1907
97 673
97 823
97 884
97 1111
97 1376
97 1392
98 203
98 255
98 346
98 606
98 1230
98 1499
98 1535
98 1904
98 1917
98 1980
99 698
99 769
99 951
99 975
99 1476
99 1740
99 1770
100 206
100 223
100 230
100 317
100 441
100 1045
100 1393
100 1417
100 1586
100 1658
100 1698
100 1926
101 279
101 295
101 395
101 486
101 612
101 616
101 744
101 1539
101 1748
101 1788
101 1880
102 108
102 476
102 608
102 721
102 895
102 1149
102 1190
102 1471
103 200
103 263
103 372
103 720
103 878
103 975
103 1789
104 464
104 607
104 1031
104 1153
104 1296
104 1472
105 206
105 308
105 858
105 871
105 1090
105 1170
105 1456
105 1603
105 1697
105 1777
106 145
106 313
106 616
106 738
106 895
106 1005
106 1426
106 1566
106 1675
106 1800
107 266
107 389
107 641
107 764
107 888
107 938
107 975
107 1080
107 1219
107 1466
107 1468
107 1949
108 135
108 409
108 1251
108 1795
108 1927
109 143
109 157
109 405
109 611
109 635
109 762
109 912
109 1093
109 1927
110 277
110 291
110 656
110 1466
110 1541
110 1746
111 186
111 498
111 512
111 572
111 631
111 834
111 844
111 969
111 1058
111 1084
111 1300
111 1348
111 1459
111 1480
111 1584
111 1702
111 1785
111 1883
111 1903
111 1980
112 232
112 495
112 743
112 1042
112 1057
112 1182
112 1208
112 1413
112 1472
112 1692
112 1793
113 336
113 646
113 721
113 730
113 751
113 1060
113 1667
113 1698
113 1919
113 1968
114 324
114 407
114 441
114 747
114 869
114 1380
114 1591
114 1732
114 1746
115 445
115 1171
115 1227
115 1568
115 1741
115 1819
116 300
116 315
116 480
116 723
116 804
116 972
116 1160
116 1193
116 1250
116 1606
116 1624
116 1668
117 191
117 377
117 378
117 388
117 691
117 705
117 777
117 876
117 1092
117 1175
117 1223
117 1241
117 1470
117 1529
117 1600
117 1780
117 1933
118 549
118 658
118 790
118 1263
118 1523
118 1783
119 190
119 328
119 423
119 909
119 1065
119 1226
119 1993
119 1994
120 292
120 427
120 876
120 1236
120 1436
120 1709
121 283
121 336
121 405
121 572
121 882
121 923
121 965
121 1329
122 275
122 593
122 609
122 748
122 850
122 858
122 1085
122 1372
122 1494
122 1684
122 1833
122 1846
123 207
123 371
123 440
123 592
123 596
123 1253
123 1403
123 1430
123 1458
124 239
124 477
124 860
124 890
124 1318
125 357
125 521
125 644
125 751
125 1492
125 1530
126 148
126 212
126 369
126 525
126 766
126 928
126 1031
126 1666
126 1735
126 1821
126 1896
127 146
127 311
127 582
127 1887
127 1991
128 157
128 628
128 647
128 1372
128 1543
128 1646
128 1817
128 1929
129 301
129 347
129 443
129 455
129 478
129 622
129 710
129 858
129 995
129 1632
129 1810
129 1836
129 1867
129 1912
129 1983
129 1985
130 359
130 522
130 714
130 875
130 1149
130 1289
130 1297
130 1411
130 1417
130 1600
131 572
131 756
131 816
131 1081
131 1108
131 1830
131 1975
132 161
132 796
132 1200
132 1300
132 1522
132 1623
132 1956
133 188
133 286
133 290
133 412
133 480
133 551
133 652
133 893
133 1702
133 1941
134 434
134 968
134 993
134 1067
134 1253
134 1782
134 1940
135 249
135 440
135 927
135 1558
135 1608
136 256
136 469
136 553
136 730
136 804
136 818
136 854
136 990
136 1089
136 1156
136 1179
136 1353
136 1365
136 1527
137 367
137 403
137 1011
137 1542
137 1861
137 1887
138 955
138 1077
138 1453
138 1615
138 1776
139 661
139 823
139 926
139 970
139 1106
139 1243
139 1671
140 210
140 238
140 241
140 376
140 732
140 1666
140 1779
140 1936
140 1962
141 382
141 554
141 662
141 890
141 1483
141 1968
142 831
142 1124
142 1226
142 1430
142 1462
142 1682
143 263
143 286
143 434
143 545
143 738
143 1153
143 1294
143 1615
143 1632
143 1741
144 162
144 235
144 778
144 1227
144 1318
144 1551
144 1687
144 1799
145 162
145 177
145 841
145 867
145 1016
145 1767
146 545
146 711
146 827
146 986
146 1030
146 1244
146 1400
146 1488
146 1766
146 1792
146 1844
146 1992
147 166
147 218
147 338
147 530
147 727
147 752
147 839
147 1461
147 1476
147 1483
147 1579
147 1621
148 1451
149 488
149 498
149 667
149 752
149 793
149 1085
149 1173
149 1295
149 1299
149 1534
149 1776
150 353
150 398
150 549
150 556
150 708
150 878
150 1218
150 1229
150 1297
150 1316
150 1626
150 1745
150 1879
150 1943
151 425
151 471
151 503
151 657
151 683
151 698
151 968
151 1084
151 1095
151 1153
151 1531
151 1858
152 159
152 282
152 356
152 572
152 961
152 1034
152 1175
152 1526
153 589
153 683
153 776
153 920
153 1114
153 1261
153 1318
153 1326
153 1538
154 199
154 418
154 950
154 1098
154 1348
154 1735
155 605
155 968
155 1716
155 1768
156 184
156 321
156 605
156 1252
156 1874
157 164
157 202
157 554
157 742
157 869
157 1041
157 1160
157 1442
157 1493
157 1691
157 1782
158 1039
158 1223
158 1701
159 481
159 565
159 671
159 872
159 1264
159 1551
159 1591
159 1630
159 1680
159 1870
160 226
160 255
160 311
160 633
160 747
160 1280
160 1736
160 1790
160 1800
160 1896
160 1937
161 362
161 788
161 1431
161 1643
161 1717
161 1781
161 1838
162 238
162 352
162 404
162 608
162 788
162 1187
162 1264
162 1513
162 1842
163 304
163 379
163 520
163 583
163 774
163 775
163 1502
163 1504
163 1640
163 1952
164 170
164 409
164 646
164 772
164 924
164 967
164 994
164 1027
164 1157
164 1296
164 1311
164 1628
164 1810
164 1893
165 357
165 590
165 914
165 974
165 1248
166 1307
166 1348
166 1593
166 1606
166 1900
167 1098
167 1229
167 1462
167 1684
167 1791
167 1981
168 339
168 419
168 807
168 925
168 957
168 1003
168 1094
168 1191
168 1235
168 1542
168 1583
168 1589
168 1758
168 1937
169 323
169 624
169 673
169 769
169 878
169 1174
169 1225
169 1239
169 1624
169 1704
169 1723
169 1751
169 1754
169 1786
169 1954
170 293
170 429
170 543
170 995
170 1097
170 1159
170 1213
170 1402
170 1724
170 1743
170 1975
171 255
171 326
171 488
171 1466
171 1615
171 1791
171 1868
172 1383
172 1395
172 1396
172 1523
172 1840
173 244
173 320
173 358
173 398
173 703
173 1044
173 1356
173 1392
173 1939
174 428
174 521
174 554
174 939
175 544
175 581
175 629
175 1478
175 1605
175 1893
176 824
176 884
176 907
176 1081
176 1454
176 1497
176 1557
176 1851
176 1898
176 1940
176 1949
177 193
177 491
177 573
177 588
177 691
177 959
177 1404
177 1780
177 1979
178 415
178 496
178 503
178 650
178 688
178 860
178 902
178 991
178 1149
178 1186
178 1274
178 1873
178 1964
179 191
179 310
179 363
179 874
179 1015
179 1104
180 199
180 372
180 496
180 588
180 644
180 819
180 928
180 1052
180 1182
180 1243
180 1279
180 1911
181 181
181 338
181 600
181 612
181 666
181 710
181 725
181 874
181 934
181 1158
181 1306
181 1347
181 1414
181 1440
181 1901
181 1934
182 235
182 273
182 652
182 912
182 1149
182 1234
182 1690
182 1818
182 1935
183 887
183 990
183 1025
183 1095
183 1138
183 1193
183 1256
183 1403
183 1521
183 1787
183 1923
184 260
184 419
184 786
184 1024
184 1448
184 1575
184 1584
184 1601
184 1949
185 269
185 355
185 611
185 728
185 751
185 800
185 1022
185 1371
185 1514
185 1695
185 1801
185 1863
186 544
186 1579
186 1713
186 1863
187 650
187 679
187 709
187 849
187 1030
187 1361
187 1711
187 1900
188 365
188 524
188 831
188 1145
188 1759
189 687
189 843
189 1217
189 1389
189 1466
189 1577
189 1579
189 1692
189 1911
190 784
190 931
190 1041
190 1178
190 1537
190 1569
190 1679
191 295
191 688
191 1651
192 209
192 298
192 507
192 650
192 929
192 1059
192 1159
192 1461
192 1677
192 1785
192 1915
193 303
193 396
193 953
193 1348
193 1390
193 1409
193 1651
193 1819
194 202
194 255
194 389
194 594
194 1162
194 1168
194 1180
194 1225
194 1342
194 1694
194 1699
195 385
195 400
195 447
195 611
195 808
195 1625
196 416
196 585
196 959
197 251
197 689
197 733
197 816
197 1013
197 1146
197 1196
198 980
198 1105
198 1116
198 1530
198 1806
198 1903
198 1920
199 560
199 808
199 831
199 933
199 1116
199 1278
199 1648
199 1757
199 1810
200 200
200 211
200 617
200 651
200 678
200 754
200 1290
200 1400
200 1823
200 1936
201 232
201 378
201 531
201 1207
201 1307
201 1367
201 1495
202 330
202 655
202 669
202 777
202 990
202 1051
202 1116
202 1420
202 1724
203 749
203 774
203 995
203 1135
203 1316
203 1390
203 1929
204 319
204 388
204 951
204 1062
204 1628
204 1791
205 276
205 594
205 941
205 1026
205 1073
205 1109
205 1801
205 1906
206 208
206 951
206 1002
206 1243
206 1352
206 1458
206 1729
207 214
207 320
207 345
207 863
207 889
207 1389
207 1612
208 672
208 791
208 1239
208 1441
208 1613
209 316
209 417
209 466
209 546
209 681
209 983
209 1162
209 1306
209 1412
209 1474
210 415
210 513
210 838
210 878
210 1010
210 1015
210 1554
210 1612
210 1833
211 401
211 408
211 647
211 754
211 1376
211 1478
211 1565
211 1684
211 1735
212 283
212 385
212 438
212 595
212 1576
212 1873
213 356
213 797
213 1320
213 1393
213 1581
213 1699
213 1956
213 1958
214 234
214 964
214 1042
214 1434
214 1675
215 297
215 422
215 1105
215 1127
215 1243
215 1360
215 1523
215 1867
215 1891
215 1917
216 259
216 457
216 585
216 594
216 621
216 702
216 827
216 958
216 1243
216 1695
216 1751
217 1124
217 1325
218 485
218 488
218 1121
218 1542
218 1593
218 1603
218 1710
219 426
219 472
219 507
219 536
219 615
219 795
219 900
219 1018
219 1378
219 1557
219 1703
219 1761
219 1889
220 228
220 1019
220 1269
220 1432
220 1604
220 1694
220 1779
221 352
221 425
221 661
221 1116
221 1239
221 1275
221 1431
221 1557
221 1832
222 349
222 467
222 508
222 732
222 735
222 961
222 1039
222 1177
222 1324
223 304
223 343
223 543
223 1389
223 1411
223 1619
223 1987
224 375
224 377
224 406
224 828
224 840
224 924
224 1138
224 1901
224 1912
224 1999
225 410
225 661
225 880
225 1119
225 1542
225 1775
226 434
226 1072
226 1097
226 1290
226 1348
226 1366
226 1437
226 1461
226 1658
226 1671
227 468
227 752
227 1295
227 1859
227 1880
227 1894
228 360
228 558
228 1018
228 1207
228 1470
228 1771
229 521
229 989
229 1004
229 1232
229 1469
229 1921
230 265
230 309
230 882
230 964
230 1095
230 1105
230 1111
230 1376
230 1389
230 1474
230 1631
231 782
231 997
231 1141
231 1540
231 1636
231 1772
231 1969
232 401
232 877
232 1315
232 1982
233 330
233 625
233 1024
233 1559
233 1592
233 1741
234 382
234 811
234 959
234 968
234 1029
234 1283
234 1860
235 238
235 292
235 445
235 655
235 987
235 1073
235 1161
235 1397
235 1399
235 1789
236 490
236 658
236 887
236 954
236 1170
236 1207
236 1315
236 1401
236 1512
236 1571
236 1614
236 1827
236 1939
237 379
237 423
237 481
237 580
237 653
237 752
237 765
237 933
237 1174
238 303
238 554
238 733
238 866
238 956
238 1601
238 1794
239 322
239 817
239 918
239 955
239 987
239 1119
239 1156
239 1272
239 1479
239 1581
239 1683
240 476
240 632
240 660
240 663
240 787
240 1153
240 1398
240 1708
240 1817
240 1961
240 1965
240 1967
241 520
241 663
241 763
241 1468
241 1699
242 432
242 905
242 913
242 986
242 1439
242 1588
242 1648
242 1699
242 1824
242 1953
243 261
243 369
243 405
243 1147
243 1503
243 1666
243 1877
244 391
244 399
244 509
244 656
244 759
244 1418
244 1612
245 278
245 315
245 323
245 874
245 1887
246 579
246 633
246 738
246 988
246 1116
246 1175
246 1249
246 1774
246 1923
246 1985
247 572
247 583
247 695
247 698
247 1161
247 1422
247 1468
247 1474
247 1604
247 1865
248 315
248 557
248 784
248 1189
248 1620
248 1629
248 1850
248 1871
249 286
249 524
249 859
249 985
249 1013
249 1016
249 1046
249 1248
249 1405
249 1434
249 1569
249 1609
250 311
250 392
250 683
250 851
250 1195
250 1329
250 1442
250 1771
251 361
251 501
251 992
251 1019
251 1181
251 1188
251 1220
251 1309
251 1615
251 1634
252 420
252 515
252 563
252 827
252 1375
252 1482
252 1578
252 1637
252 1686
252 1760
252 1985
253 322
253 360
253 507
253 730
253 791
253 807
253 940
253 1157
253 1290
253 1393
253 1450
253 1766
253 1978
254 500
254 587
254 629
254 1378
254 1447
254 1474
254 1604
254 1656
254 1763
254 1809
254 1891
255 738
255 869
255 875
255 1468
255 1560
256 431
256 949
256 964
256 1118
256 1145
256 1381
256 1694
256 1969
257 439
257 707
257 850
257 1413
257 1912
258 544
258 680
258 849
258 1099
258 1677
258 1849
258 1882
259 270
259 762
259 794
259 1504
259 1538
259 1720
260 348
260 795
260 1064
260 1243
260 1260
260 1333
261 807
261 1114
261 1176
261 1678
261 1705
261 1857
262 267
262 270
262 441
262 451
262 754
262 999
262 1073
262 1235
262 1248
262 1294
262 1509
262 1895
263 318
263 319
263 464
263 774
263 804
263 838
263 848
263 1686
263 1933
264 499
264 723
264 837
264 1531
264 1796
264 1978
265 288
265 298
265 466
265 607
265 746
265 886
265 1073
265 1075
265 1369
265 1405
265 1407
265 1541
265 1626
266 708
266 1165
266 1246
267 496
267 670
267 1040
267 1136
267 1524
267 1892
268 315
268 973
268 1760
268 1894
268 1973
269 580
269 682
269 838
269 1043
269 1120
269 1122
269 1161
269 1370
269 1830
270 396
270 547
270 642
270 849
270 992
270 1018
270 1310
270 1496
270 1554
270 1647
270 1758
271 321
271 402
271 529
271 644
271 686
271 733
271 773
271 1326
271 1348
271 1418
271 1488
271 1923
272 766
272 1067
272 1384
272 1666
272 1694
273 325
273 501
273 985
273 1115
273 1354
273 1615
273 1828
274 357
274 364
274 403
274 520
274 969
274 1445
274 1480
274 1544
274 1732
274 1756
274 1872
274 1907
274 1933
275 333
275 566
275 584
275 1222
275 1282
275 1506
275 1731
276 310
276 321
276 718
276 771
276 795
276 1149
276 1387
276 1393
276 1488
276 1557
276 1726
277 711
277 1105
277 1115
277 1511
277 1815
277 1924
278 685
278 747
278 1620
278 1648
278 1651
278 1885
279 764
279 801
279 1070
279 1205
279 1594
279 1643
280 466
280 525
280 768
280 1430
280 1443
280 1704
280 1725
280 1845
280 1853
280 1897
280 1930
280 1979
280 1995
281 582
281 732
281 940
281 1127
281 1235
281 1257
281 1328
281 1865
281 1917
282 492
282 900
282 1191
282 1472
282 1490
282 1570
282 1669
283 510
283 523
283 891
283 1339
283 1714
284 311
284 387
284 476
284 512
284 598
284 605
284 621
284 1624
284 1956
285 583
285 913
285 947
285 1310
285 1661
286 614
286 976
286 1472
286 1734
286 1767
286 1836
287 731
287 794
287 1186
287 1199
287 1337
287 1418
287 1850
287 1917
287 1972
288 386
288 468
288 1348
288 1383
288 1677
288 1962
289 490
289 583
289 852
289 875
289 1030
289 1194
289 1512
289 1680
289 1879
290 878
290 1256
290 1350
290 1752
290 1848
290 1927
290 1972
291 448
291 770
291 944
291 1087
291 1120
291 1300
291 1346
291 1684
291 1725
291 1983
292 1262
292 1345
292 1461
292 1562
292 1791
292 1932
293 658
293 921
293 1404
293 1589
293 1728
294 489
294 685
294 872
294 1078
294 1164
294 1353
294 1754
294 1756
294 1997
295 656
295 825
295 944
295 1711
295 1756
295 1789
295 1990
296 585
296 610
296 920
296 983
296 1130
296 1278
296 1632
296 1739
296 1777
296 1845
297 470
297 493
297 758
297 1145
297 1382
297 1930
298 395
298 404
298 686
298 923
298 931
298 955
298 1006
298 1461
298 1539
298 1657
298 1700
298 1752
299 568
299 650
299 730
299 1092
299 1482
299 1506
299 1640
299 1682
300 451
300 553
300 598
300 885
300 917
300 939
300 978
300 1514
300 1890
301 615
301 1592
301 1789
302 351
302 946
302 1014
302 1093
302 1308
302 1378
302 1464
302 1545
302 1634
302 1761
303 440
303 485
303 634
303 673
303 700
303 735
303 986
303 1138
303 1202
303 1309
304 493
304 734
304 804
304 1850
304 1933
304 1962
305 722
305 1058
305 1189
305 1382
306 507
306 532
306 730
306 974
307 668
307 683
307 829
307 863
307 904
307 1189
307 1318
307 1577
307 1808
308 540
308 582
308 831
308 977
308 1475
308 1484
308 1812
309 314
309 357
309 905
309 1216
309 1245
309 1413
309 1726
309 1811
310 822
310 849
310 956
310 1415
310 1474
310 1975
311 465
311 590
311 827
311 872
311 1023
311 1074
311 1325
311 1516
311 1526
311 1788
311 1894
311 1992
312 1007
312 1380
312 1546
312 1668
312 1986
312 1997
313 554
313 983
313 1160
313 1173
313 1528
313 1692
313 1765
313 1936
314 769
314 804
314 927
314 985
314 1444
314 1744
314 1975
314 1979
315 422
315 741
315 1298
315 1683
315 1742
315 1765
316 326
316 406
316 628
316 800
316 1142
316 1190
316 1545
316 1557
316 1638
316 1800
316 1846
316 1891
317 453
317 468
317 534
317 554
317 889
317 890
317 917
317 1125
317 1336
317 1554
317 1599
318 393
318 731
318 784
318 1074
318 1141
318 1530
319 752
319 1149
319 1479
319 1896
319 1924
319 1927
320 734
320 847
320 858
320 872
320 1132
320 1608
320 1793
320 1995
321 373
321 606
321 762
321 1047
321 1098
321 1334
321 1456
321 1589
321 1873
321 1949
322 1026
322 1374
322 1508
322 1975
322 1998
323 545
323 716
323 797
323 811
323 1151
323 1335
323 1484
323 1598
323 1798
324 325
324 442
324 993
324 1018
324 1763
325 457
325 472
325 507
325 889
325 933
325 1054
325 1196
325 1197
325 1274
325 1312
325 1443
325 1492
325 1643
325 1830
325 1995
326 667
326 882
326 1447
326 1562
326 1578
326 1923
327 425
327 716
327 938
327 1055
327 1089
327 1204
327 1511
327 1663
327 1888
328 361
328 450
328 1146
328 1188
328 1245
328 1561
328 1891
329 440
329 536
329 807
329 821
329 906
329 965
329 1116
329 1658
329 1883
329 1963
330 414
330 467
330 581
330 632
330 973
330 1095
330 1148
330 1193
330 1791
330 1899
330 1943
331 359
331 445
331 465
331 862
331 892
331 1014
331 1581
331 1710
331 1806
331 1892
332 360
332 866
332 943
332 975
332 1073
332 1232
332 1521
332 1730
332 1743
332 1779
333 455
333 534
333 605
333 1070
333 1391
333 1395
333 1554
333 1858
333 1948
334 1059
334 1600
334 1601
334 1919
334 1981
335 371
335 776
335 837
335 1241
335 1432
335 1561
335 1661
336 341
336 1059
336 1163
336 1588
336 1595
336 1629
336 1685
336 1775
337 444
337 617
337 769
337 809
337 1286
337 1537
337 1983
338 357
338 697
338 729
338 953
338 1068
338 1074
338 1076
338 1235
338 1464
338 1552
338 1827
338 1832
338 1884
339 549
339 695
339 968
339 1466
340 362
340 756
340 864
340 955
340 1118
340 1711
340 1834
341 384
341 492
341 665
341 782
341 836
341 1314
342 549
342 912
342 920
342 1319
342 1390
342 1606
343 355
343 984
343 1345
343 1356
343 1590
343 1879
344 547
344 597
344 1144
344 1184
344 1299
344 1315
344 1633
344 1650
344 1719
345 384
345 564
345 679
345 732
345 845
345 972
345 994
345 1360
345 1513
346 418
346 605
346 889
346 964
346 1276
346 1303
346 1698
347 370
347 675
347 702
347 853
347 1041
347 1375
347 1651
348 718
348 1165
348 1264
348 1359
348 1461
348 1610
348 1698
349 735
349 840
349 866
349 927
349 1019
349 1239
349 1430
349 1520
349 1677
349 1996
350 418
350 1088
350 1276
350 1693
350 1794
350 1811
350 1865
350 1957
351 674
351 895
351 1502
351 1591
351 1640
351 1693
352 505
352 516
352 908
352 1412
352 1417
352 1688
352 1769
352 1921
353 403
353 455
353 513
353 623
353 710
353 716
353 761
353 795
353 889
353 1030
353 1529
353 1638
354 413
354 674
354 1068
354 1394
354 1399
354 1428
354 1547
355 534
355 948
355 1115
355 1219
355 1278
355 1319
355 1329
355 1959
356 673
356 1083
356 1096
356 1240
356 1487
356 1499
356 1503
356 1607
356 1936
356 1974
357 388
357 433
357 650
357 870
357 1152
357 1154
357 1180
357 1183
357 1634
358 622
358 736
358 1521
358 1715
358 1949
359 796
359 802
359 1023
359 1081
359 1324
359 1468
360 813
360 1020
360 1291
360 1911
361 382
361 393
361 437
361 642
361 872
361 1002
361 1127
361 1255
361 1335
361 1356
361 1805
362 464
362 494
362 1062
362 1067
362 1152
362 1264
362 1320
362 1610
362 1705
363 911
363 1203
364 598
364 649
364 824
364 1131
364 1327
364 1985
365 486
365 498
365 662
365 669
365 844
365 997
365 1002
365 1107
365 1205
365 1417
365 1529
365 1808
366 517
366 947
366 968
366 1166
366 1221
367 513
367 1166
367 1310
367 1362
367 1819
367 1871
368 370
368 371
368 412
368 622
368 869
368 1206
368 1487
368 1559
368 1932
369 377
369 412
369 737
369 893
369 910
369 1040
369 1281
369 1390
369 1803
370 552
370 777
370 906
370 1009
370 1198
370 1327
370 1457
370 1512
370 1895
371 999
371 1022
371 1179
371 1502
371 1700
372 539
372 780
372 899
372 1001
372 1156
372 1250
372 1317
372 1405
372 1917
373 426
373 432
373 643
373 713
373 1340
373 1823
374 412
374 756
374 1234
374 1744
374 1766
375 1371
375 1388
375 1506
375 1625
375 1934
376 699
376 899
376 900
376 1055
376 1128
376 1448
376 1700
376 1704
376 1847
377 458
377 902
377 958
377 1031
377 1102
377 1221
377 1378
377 1686
377 1862
377 1913
378 1114
378 1355
378 1692
378 1961
379 476
379 628
379 1287
379 1308
379 1857
379 1986
380 495
380 717
380 1207
380 1343
380 1348
380 1522
380 1560
380 1731
380 1936
380 1941
381 394
381 632
381 1146
381 1172
381 1270
381 1362
381 1506
381 1633
381 1679
381 1718
381 1944
382 1020
382 1131
382 1347
382 1437
382 1594
382 1740
383 560
383 645
383 725
383 874
383 1044
383 1090
383 1437
383 1515
383 1776
384 749
384 822
384 932
384 987
384 1092
384 1453
384 1569
385 881
385 889
385 1035
385 1044
385 1227
385 1380
385 1576
385 1839
385 1982
386 541
386 739
386 1614
386 1705
386 1750
386 1752
386 1862
387 452
387 986
387 1445
387 1596
387 1640
387 1989
388 578
388 944
388 948
388 1148
388 1314
388 1725
389 620
389 723
389 1486
389 1769
390 481
390 653
390 796
390 968
390 1509
390 1788
391 593
391 999
391 1029
391 1143
391 1198
391 1264
391 1302
391 1725
392 430
392 841
392 925
392 1060
392 1127
392 1497
392 1761
392 1836
392 1900
392 1908
393 617
393 949
393 1033
393 1145
393 1229
393 1376
393 1596
393 1642
393 1889
394 475
394 569
394 813
394 894
394 959
394 968
394 1039
394 1515
394 1689
394 1785
395 529
395 638
395 671
395 710
395 780
395 1262
395 1406
395 1747
395 1814
396 614
396 626
396 766
396 1475
396 1504
397 447
397 513
397 784
397 887
397 964
397 1115
397 1132
397 1346
397 1432
397 1439
397 1595
397 1695
398 417
398 504
398 812
398 919
398 1064
398 1344
398 1831
398 1971
399 443
399 712
399 790
399 1022
399 1624
399 1676
400 643
400 689
400 966
400 1229
400 1421
401 542
401 960
401 1030
401 1393
401 1523
401 1714
402 822
402 1096
402 1100
402 1246
402 1307
402 1404
403 662
403 834
403 930
403 1130
404 459
404 519
404 691
404 739
404 766
404 1049
404 1691
404 1795
405 530
405 629
405 641
405 888
405 896
405 1078
405 1690
405 1832
405 1973
406 410
406 520
406 794
406 803
406 1066
406 1643
406 1862
406 1959
407 821
407 875
407 976
407 1013
407 1301
407 1353
407 1405
407 1506
407 1612
407 1724
407 1974
408 426
408 498
408 568
408 650
408 854
408 982
408 1000
408 1001
408 1053
408 1197
408 1202
409 503
409 866
409 876
409 1047
409 1187
409 1206
409 1435
409 1449
409 1722
409 1759
410 557
410 614
410 692
410 884
410 989
410 1462
410 1564
411 666
411 757
411 835
411 1468
411 1643
411 1763
411 1773
411 1799
411 1930
412 464
412 530
412 715
412 1080
412 1961
413 646
413 830
413 1051
413 1118
413 1143
413 1201
413 1392
413 1546
413 1697
413 1707
413 1714
414 642
414 681
414 954
414 1050
414 1457
414 1563
415 638
415 773
415 1036
415 1527
415 1654
415 1786
415 1984
416 936
416 1268
416 1469
416 1564
416 1645
416 1704
416 1756
416 1801
416 1990
417 475
417 586
417 706
417 731
417 851
417 1302
417 1491
417 1818
417 1932
418 490
418 691
418 1539
419 956
419 1062
419 1326
419 1727
419 1904
420 515
420 601
420 906
420 1320
420 1696
421 432
421 591
421 592
421 602
421 738
421 1113
421 1237
421 1271
421 1426
421 1556
421 1620
421 1664
422 436
422 700
422 1005
422 1165
422 1196
422 1470
422 1480
422 1592
422 1677
423 465
423 563
423 583
423 647
423 708
423 845
423 851
423 860
423 910
423 1490
424 495
424 596
424 641
424 685
424 750
424 843
424 939
424 1059
424 1140
425 757
425 882
425 891
425 1168
425 1184
425 1204
425 1816
425 1844
425 1855
426 664
426 1076
426 1387
426 1891
427 1345
427 1417
427 1528
427 1791
427 1907
428 1041
428 1476
428 1576
429 463
429 671
429 683
429 769
429 1082
429 1560
429 1667
429 1680
429 1703
429 1798
430 718
430 913
430 1563
430 1887
430 1990
431 489
431 825
431 938
431 1153
431 1283
431 1548
431 1809
431 1910
432 598
432 739
432 741
432 1538
432 1631
432 1660
432 1671
432 1945
432 1981
433 717
433 1312
433 1362
433 1541
434 539
434 726
434 810
434 1316
434 1686
434 1896
435 809
435 1239
435 1251
435 1451
435 1540
436 695
436 808
436 858
436 1192
436 1725
436 1860
436 1997
437 523
437 669
437 746
437 1275
437 1639
437 1775
437 1788
438 611
438 648
438 1040
438 1069
438 1130
438 1203
438 1219
438 1370
438 1384
438 1744
438 1771
438 1848
439 546
439 1152
439 1332
440 495
440 505
440 685
440 809
440 829
440 957
440 1005
440 1054
440 1214
440 1466
440 1520
441 444
441 504
441 683
441 942
441 1007
441 1014
441 1521
441 1570
441 1706
441 1731
441 1812
442 695
442 1133
442 1178
442 1181
442 1569
442 1858
443 503
443 895
443 1134
443 1368
443 1394
443 1406
443 1427
444 545
444 1094
444 1319
444 1630
445 916
445 1004
446 459
446 766
446 1062
446 1125
446 1437
446 1552
446 1695
446 1925
447 499
447 551
447 568
447 612
447 710
447 1129
447 1693
447 1874
448 979
448 1426
448 1901
449 612
449 771
449 811
449 942
449 1357
449 1365
449 1539
449 1542
449 1745
449 1889
450 827
450 974
450 1201
450 1275
450 1376
450 1479
450 1787
450 1928
450 1982
451 483
451 679
451 680
451 1643
451 1757
452 603
452 617
452 720
452 1162
452 1454
452 1536
452 1567
452 1723
452 1911
453 798
453 915
453 1174
453 1345
454 895
454 956
454 1181
454 1208
454 1331
454 1711
454 1834
455 680
455 729
455 796
455 905
455 944
455 1177
455 1178
455 1820
456 827
456 1026
456 1861
456 1972
457 576
457 796
457 1001
457 1077
457 1186
457 1283
457 1375
457 1597
457 1895
458 600
458 618
458 798
458 881
458 1009
458 1324
458 1385
458 1577
458 1652
459 1125
459 1584
459 1626
459 1638
459 1744
459 1792
459 1812
459 1925
460 1339
460 1446
460 1609
461 588
461 847
461 925
461 1021
461 1025
461 1664
461 1891
462 516
462 645
462 813
462 1065
462 1082
462 1138
462 1297
462 1500
462 1526
462 1874
463 1012
463 1318
463 1844
463 1884
464 606
464 767
464 1052
464 1295
464 1505
464 1540
464 1546
464 1942
465 769
465 821
465 1139
465 1259
465 1266
465 1545
465 1692
465 1756
465 1826
465 1862
465 1917
466 482
466 501
466 545
466 693
466 815
466 838
466 971
466 1106
466 1336
467 513
467 630
467 642
467 1137
467 1250
467 1384
467 1790
468 474
468 657
468 841
468 926
468 1038
468 1210
468 1370
468 1758
469 536
469 563
469 808
469 1140
469 1237
469 1415
469 1500
469 1639
469 1729
469 1931
470 968
470 1212
470 1681
470 1806
470 1847
470 1872
470 1957
471 621
471 697
471 800
471 1353
471 1579
471 1725
471 1800
472 694
472 746
472 841
472 1203
472 1769
472 1978
473 733
473 1051
473 1098
473 1791
473 1799
473 1954
474 1345
474 1656
474 1871
474 1879
474 1941
475 664
475 973
475 1446
475 1459
475 1464
475 1505
475 1751
476 810
476 938
476 970
477 614
477 702
477 714
477 985
477 1375
477 1442
477 1770
477 1850
478 537
478 745
478 765
478 1198
478 1295
478 1583
479 896
479 909
479 913
479 937
479 1225
479 1435
479 1634
480 567
480 588
480 655
480 713
480 931
480 1121
480 1171
480 1360
480 1412
480 1440
480 1443
480 1461
480 1563
481 506
481 816
481 863
481 1044
481 1086
481 1395
481 1424
481 1461
481 1820
482 514
482 787
482 789
482 924
482 968
482 1080
482 1369
482 1781
482 1968
483 869
483 873
483 1054
483 1097
483 1301
483 1346
483 1701
484 619
484 759
484 799
484 827
484 830
484 936
484 1459
484 1852
485 910
485 1334
485 1457
485 1833
485 1962
486 528
486 539
486 909
486 1261
487 663
487 710
487 717
487 806
487 876
487 1157
487 1612
487 1666
487 1673
487 1831
488 611
488 752
488 771
488 881
488 986
488 990
488 1097
488 1491
488 1543
488 1684
488 1700
488 1911
488 1979
489 532
489 649
489 1107
489 1266
489 1416
489 1642
490 723
490 724
490 926
490 1283
490 1326
490 1434
490 1453
490 1455
490 1468
490 1712
491 656
491 809
491 858
491 926
491 1573
492 675
492 886
492 1106
492 1202
492 1462
492 1567
492 1704
493 1092
493 1263
493 1303
493 1537
493 1573
493 1780
493 1802
493 1986
494 820
494 1004
494 1118
495 585
495 892
495 1216
495 1221
495 1240
495 1245
495 1833
495 1865
496 568
496 678
496 1270
497 552
497 889
497 1087
497 1236
497 1426
497 1690
497 1722
497 1820
498 669
498 782
498 926
498 1031
498 1323
498 1502
498 1547
498 1622
498 1797
499 545
499 576
499 901
499 1115
499 1384
499 1802
499 1913
499 1965
500 554
500 833
500 1252
500 1512
500 1613
500 1970
501 716
501 914
501 926
501 1025
501 1088
501 1345
501 1528
501 1672
501 1714
501 1730
501 1897
502 1277
502 1996
503 551
503 863
503 922
503 1043
503 1071
503 1783
504 507
504 619
504 647
504 1013
504 1404
504 1603
504 1706
504 1830
504 1922
504 1945
504 1986
504 1988
505 680
505 902
505 938
505 1192
505 1365
505 1494
505 1733
505 1801
505 1917
506 655
506 855
506 993
506 1177
506 1280
506 1535
506 1771
506 1796
506 1842
506 1975
507 699
507 912
507 1043
507 1220
507 1280
507 1426
507 1467
507 1593
507 1767
507 1895
507 1992
508 602
508 681
508 716
508 1245
508 1794
509 621
509 976
509 1097
509 1289
509 1303
509 1766
509 1970
510 988
510 1094
510 1109
510 1165
510 1410
510 1439
510 1873
511 658
511 836
511 941
511 1320
512 904
512 1010
512 1105
512 1255
512 1351
512 1395
512 1447
512 1720
512 1917
512 1927
513 535
513 891
513 892
513 980
513 996
513 1086
513 1424
513 1444
514 614
514 1250
514 1316
514 1398
514 1596
514 1656
514 1933
515 964
515 1190
515 1208
515 1266
515 1351
515 1397
515 1587
515 1591
515 1777
516 676
516 1019
516 1059
516 1504
516 1566
516 1751
516 1807
516 1811
517 725
517 1260
517 1325
517 1398
517 1432
517 1570
517 1595
518 600
518 1032
518 1381
518 1505
518 1714
518 1764
519 550
519 825
519 929
519 957
519 960
519 1170
519 1418
519 1516
519 1619
519 1679
519 1865
520 687
520 866
520 1000
520 1227
520 1853
520 1969
521 884
521 1010
521 1294
521 1383
521 1498
521 1698
521 1790
521 1880
522 552
522 755
522 894
522 1326
522 1442
522 1880
523 532
523 752
523 833
523 926
523 1006
523 1175
523 1486
523 1825
523 1899
523 1907
524 784
524 982
524 1045
524 1143
524 1407
524 1436
524 1969
525 577
525 741
525 915
525 944
525 1424
525 1592
525 1919
526 820
526 1035
526 1178
526 1193
526 1316
526 1352
526 1642
526 1771
526 1827
527 754
527 995
527 1139
527 1177
527 1423
528 968
528 1039
528 1187
528 1459
528 1884
529 1061
529 1136
529 1489
529 1505
529 1705
529 1887
530 834
530 969
530 1228
530 1540
530 1918
531 618
531 988
531 1043
531 1261
531 1368
531 1605
531 1741
531 1810
532 621
532 926
532 1159
532 1247
532 1746
532 1759
533 548
533 929
533 1230
533 1367
533 1413
533 1910
534 995
534 1381
534 1680
534 1702
534 1728
534 1975
535 602
535 628
535 695
535 813
535 908
535 1166
535 1220
535 1979
536 1093
536 1122
536 1294
536 1572
536 1584
537 538
537 674
537 955
537 979
537 1227
537 1718
538 891
538 917
538 1152
538 1753
538 1892
539 726
539 817
539 1387
540 559
540 811
540 1100
540 1317
540 1561
540 1569
541 552
541 575
541 816
541 840
541 856
541 1245
541 1505
541 1566
541 1860
542 663
542 856
542 1070
542 1135
542 1260
542 1547
542 1735
542 1822
542 1880
543 1245
543 1308
543 1458
543 1811
543 1933
543 1968
544 639
544 647
544 650
544 660
544 799
544 857
544 883
544 994
544 1009
544 1203
544 1288
544 1309
544 1446
544 1515
544 1517
544 1868
544 1921
544 1949
545 1187
545 1367
545 1977
546 705
546 1219
546 1346
546 1884
546 1890
547 727
547 1012
547 1064
547 1172
547 1325
547 1519
548 572
548 723
548 831
548 1651
548 1801
548 1888
549 649
549 741
549 1133
549 1250
550 785
550 1014
550 1057
550 1083
550 1184
550 1423
550 1758
551 569
551 773
551 807
551 986
551 1746
551 1751
552 674
552 833
552 1325
552 1989
553 782
553 933
553 1343
553 1719
553 1764
553 1873
553 1883
553 1976
553 1993
554 740
554 825
554 1378
554 1553
554 1597
554 1641
555 594
555 840
555 934
555 1072
555 1102
555 1161
555 1576
555 1672
555 1692
555 1759
555 1918
556 660
556 816
556 854
556 926
556 1163
556 1392
557 634
557 1251
557 1327
557 1604
557 1837
557 1843
557 1932
557 1967
558 704
558 920
558 1163
558 1463
558 1656
558 1693
558 1721
558 1805
558 1951
559 824
559 955
559 967
559 979
560 616
560 870
560 911
560 1067
560 1096
560 1166
560 1330
560 1357
560 1456
560 1962
560 1983
561 564
561 580
561 1106
561 1578
561 1801
562 690
562 906
562 1127
562 1215
562 1375
562 1534
562 1668
562 1706
562 1838
562 1965
562 1970
563 922
563 939
563 1001
563 1375
563 1626
564 643
564 1012
564 1247
564 1680
564 1705
564 1761
565 691
565 958
565 1198
565 1312
565 1825
566 651
566 792
566 937
566 1163
566 1516
566 1644
566 1747
566 1766
566 1773
566 1796
566 1995
567 650
567 723
567 781
567 880
567 983
567 1270
567 1280
567 1404
567 1744
567 1774
567 1950
568 724
568 741
568 793
568 913
568 1159
568 1505
568 1521
568 1548
568 1630
568 1669
568 1864
569 658
569 800
569 1093
569 1134
569 1463
569 1690
569 1916
570 754
570 763
570 767
570 1055
570 1524
570 1625
571 602
571 942
571 1611
571 1696
572 1371
572 1522
572 1571
572 1846
573 841
573 1241
573 1270
573 1554
573 1628
573 1822
573 1973
573 1984
574 746
574 926
574 1176
574 1317
574 1776
574 1815
575 1095
575 1393
575 1417
575 1471
575 1694
576 661
576 737
576 801
576 918
576 962
576 1054
576 1198
576 1212
576 1305
576 1533
576 1656
577 995
577 1053
578 951
578 1039
578 1178
578 1356
578 1699
578 1812
579 703
579 1269
579 1525
579 1715
579 1827
579 1949
580 654
580 1128
580 1505
580 1511
580 1583
581 590
581 644
581 943
581 1010
581 1067
581 1428
581 1629
581 1728
581 1802
582 759
582 845
582 1455
582 1619
582 1661
582 1858
582 1945
583 811
583 1070
583 1219
583 1303
583 1878
583 1899
584 645
584 1747
585 662
585 1006
585 1066
585 1089
585 1237
585 1636
586 1541
586 1580
586 1628
586 1723
586 1791
586 1910
586 1953
586 1972
587 638
587 848
587 1093
587 1574
587 1603
587 1719
588 675
588 737
588 1734
588 1795
588 1881
589 616
589 1056
589 1138
589 1675
589 1741
589 1770
589 1991
590 592
590 872
590 1735
590 1864
591 815
591 828
591 904
591 909
591 1202
591 1269
591 1733
591 1955
592 920
592 1341
592 1836
593 614
593 760
593 933
593 1017
593 1022
593 1375
593 1544
593 1863
594 1100
594 1183
594 1226
594 1710
594 1862
595 650
595 782
595 1271
595 1585
596 623
596 686
596 835
596 858
596 1570
596 1693
596 1767
596 1775
596 1856
596 1889
596 1923
597 1292
597 1427
597 1460
597 1575
597 1753
598 740
598 801
598 1023
598 1077
598 1185
598 1363
598 1427
598 1520
598 1586
598 1600
598 1681
598 1823
598 1939
599 1062
599 1585
599 1597
599 1639
600 897
600 910
600 1128
600 1210
600 1274
600 1376
600 1682
600 1891
600 1908
601 807
601 1034
601 1100
601 1169
601 1170
601 1404
601 1523
601 1633
602 705
602 838
602 1183
603 685
603 1432
603 1708
604 679
604 720
604 830
604 872
604 1189
604 1284
604 1815
605 869
605 954
605 1139
605 1159
605 1208
605 1293
605 1392
605 1814
606 612
606 819
606 983
606 1413
606 1621
606 1625
606 1632
607 755
607 811
607 874
607 891
608 972
608 1340
608 1523
608 1668
608 1768
608 1787
608 1798
609 652
609 739
609 926
609 1014
609 1067
609 1115
609 1314
609 1338
609 1658
609 1734
610 743
610 1020
610 1060
610 1589
610 1693
610 1889
610 1979
611 946
611 1027
611 1244
611 1319
611 1325
611 1563
611 1579
611 1695
611 1788
611 1801
611 1958
612 671
612 1178
612 1929
613 818
613 840
613 1227
613 1429
613 1438
613 1665
613 1875
614 849
614 911
614 1717
614 1823
614 1840
615 700
615 773
615 1509
615 1675
615 1811
616 1190
616 1324
616 1327
616 1381
616 1464
617 800
617 1060
617 1066
617 1351
617 1459
617 1568
617 1603
617 1633
617 1738
617 1855
617 1880
617 1953
617 1974
618 1253
618 1346
618 1515
618 1602
618 1746
618 1790
618 1934
619 736
619 755
619 985
619 1029
619 1264
619 1316
619 1581
620 858
620 916
620 1083
620 1352
620 1423
620 1503
620 1790
621 841
621 944
621 1001
621 1263
621 1387
621 1841
622 1079
622 1151
622 1458
622 1549
622 1914
622 1991
623 1107
623 1476
623 1561
623 1700
624 665
624 831
624 933
624 993
624 1172
624 1984
625 875
625 993
625 1012
625 1145
625 1201
625 1304
625 1478
625 1783
625 1936
626 1746
626 1995
627 737
627 854
627 1000
627 1191
627 1253
627 1261
627 1285
627 1704
628 798
628 801
628 894
628 912
628 1008
628 1267
628 1412
628 1949
628 1964
629 710
629 958
629 1566
629 1787
630 802
630 994
630 1212
630 1217
630 1236
630 1396
630 1519
630 1687
631 711
631 1201
631 1298
631 1302
631 1447
631 1634
631 1954
632 743
632 804
632 905
632 979
632 994
632 1187
632 1243
632 1361
632 1442
633 786
633 1032
633 1059
633 1338
633 1477
633 1842
634 663
634 759
634 768
634 795
634 851
634 914
634 1083
634 1123
634 1176
634 1208
634 1272
634 1807
635 645
635 691
635 1686
635 1819
636 752
636 907
636 1590
636 1848
637 784
637 816
637 906
637 1103
637 1117
637 1166
637 1306
637 1430
638 693
638 783
638 934
638 955
638 1032
638 1431
638 1672
638 1741
639 747
639 807
639 968
639 1397
639 1662
639 1839
640 774
640 847
640 1195
640 1705
641 643
641 869
641 877
641 940
641 960
641 1178
641 1191
641 1449
641 1473
642 648
642 1127
642 1222
642 1235
642 1381
642 1446
643 744
643 1088
643 1585
643 1661
643 1796
643 1907
644 769
644 908
644 928
644 1120
644 1660
644 1858
644 1994
645 908
645 982
645 1167
645 1195
645 1298
645 1317
645 1579
645 1655
645 1771
646 1256
646 1281
646 1684
646 1803
647 934
647 1049
647 1224
647 1278
647 1416
647 1633
648 838
648 1161
648 1324
648 1555
648 1723
648 1753
649 1234
649 1343
649 1420
649 1552
650 737
650 743
650 758
650 1174
650 1527
650 1557
651 919
651 989
651 1246
651 1354
651 1395
651 1542
651 1775
651 1806
651 1977
651 1983
652 684
652 690
652 1005
652 1084
652 1519
652 1536
652 1941
653 883
653 1121
653 1432
653 1474
653 1492
653 1823
653 1856
653 1894
654 945
654 1063
654 1093
654 1330
654 1506
655 885
655 1381
655 1895
655 1899
656 677
656 700
656 749
656 872
656 981
656 1100
656 1401
656 1475
656 1601
656 1657
656 1721
656 1850
657 712
657 715
657 725
657 1011
657 1084
657 1524
657 1603
657 1688
658 679
658 766
658 872
658 964
658 1415
658 1483
659 830
659 946
659 1024
659 1170
659 1518
659 1625
659 1677
659 1706
659 1857
660 936
660 1001
660 1166
660 1621
660 1766
661 834
661 907
661 1116
661 1340
661 1574
661 1690
661 1788
661 1905
661 1941
662 931
662 1028
662 1191
662 1196
662 1380
662 1509
662 1538
662 1958
663 839
663 942
663 972
663 1050
663 1059
663 1067
663 1537
663 1547
663 1788
663 1916
664 668
664 1314
664 1578
664 1819
664 1860
665 804
665 1084
665 1296
665 1343
665 1445
665 1758
666 1288
666 1667
666 1863
667 820
667 1449
667 1591
667 1614
667 1713
667 1941
667 1957
668 1089
668 1209
668 1250
668 1348
668 1431
668 1475
668 1886
668 1918
669 764
669 924
669 1712
669 1808
669 1811
670 962
670 1241
670 1462
670 1466
670 1566
671 939
671 1098
671 1110
671 1138
671 1141
671 1361
671 1397
671 1723
671 1823
671 1917
671 1947
672 769
672 828
672 902
672 1948
673 853
673 887
673 983
673 1096
673 1213
673 1925
674 890
674 894
674 919
674 1050
674 1224
674 1260
674 1299
674 1551
674 1733
674 1749
674 1974
675 800
675 1130
675 1145
675 1517
675 1626
675 1924
676 678
676 720
676 940
676 1347
676 1566
676 1862
677 726
677 818
677 932
677 1671
677 1727
678 882
678 1510
678 1614
678 1862
678 1874
679 760
679 818
679 907
679 1167
679 1252
679 1611
679 1668
679 1980
680 1042
680 1116
680 1277
680 1422
680 1426
680 1521
680 1694
680 1995
681 1013
681 1077
681 1726
681 1729
681 1744
681 1835
682 1303
682 1669
682 1791
682 1885
683 1091
683 1161
683 1550
683 1571
684 933
684 1095
684 1163
684 1739
684 1845
684 1918
685 1092
685 1100
685 1381
685 1660
685 1731
685 1937
686 695
686 1216
686 1455
686 1551
686 1688
686 1848
687 1108
687 1411
687 1529
687 1728
687 1988
688 866
688 1015
688 1029
688 1207
688 1399
688 1455
688 1904
689 844
689 1237
689 1342
689 1670
689 1858
689 1957
690 970
690 1133
690 1193
690 1341
690 1354
691 738
691 1647
691 1829
691 1840
691 1899
691 1950
692 994
692 1049
692 1203
692 1346
692 1940
693 1222
693 1670
694 746
694 762
694 1120
694 1174
694 1622
695 861
695 1185
695 1285
695 1333
695 1840
696 771
696 793
696 1015
696 1023
696 1443
697 858
697 998
697 1086
697 1886
697 1951
697 1976
698 854
698 1036
698 1152
698 1466
698 1472
698 1477
698 1988
699 718
699 991
699 1009
699 1119
699 1160
699 1209
699 1220
699 1659
700 784
700 1218
700 1349
700 1435
700 1808
701 801
701 871
701 1097
701 1256
701 1335
701 1986
702 725
702 936
702 1335
702 1379
702 1566
702 1624
702 1649
702 1709
702 1712
703 867
703 1590
703 1771
703 1795
703 1827
703 1979
704 956
704 999
704 1750
704 1971
705 747
705 881
705 900
705 1055
705 1903
706 944
706 1138
706 1479
706 1551
706 1694
706 1707
706 1735
706 1738
706 1889
707 717
707 822
707 948
707 1717
707 1864
708 1210
708 1352
708 1668
709 1046
709 1163
709 1440
710 849
710 897
710 930
710 1016
710 1031
710 1419
711 720
711 991
711 1184
711 1284
711 1295
711 1809
712 1592
712 1942
713 933
713 1018
713 1320
713 1345
713 1379
713 1421
713 1645
713 1666
713 1848
714 1467
714 1744
714 1753
714 1815
714 1925
715 737
715 746
715 788
715 1003
715 1429
715 1604
715 1648
715 1936
716 803
716 920
716 1305
716 1312
716 1420
716 1762
716 1873
717 1147
717 1192
717 1455
717 1621
717 1730
717 1789
717 1796
717 1975
718 987
718 1032
718 1037
718 1369
718 1619
718 1869
719 912
719 943
719 998
719 1170
719 1184
719 1231
719 1423
719 1468
719 1549
719 1771
719 1897
720 967
720 1492
720 1852
720 1864
720 1974
721 1230
721 1399
722 951
722 980
722 1019
722 1227
722 1441
722 1574
722 1771
722 1824
723 754
723 1686
723 1985
724 729
724 791
724 892
724 923
724 958
724 1563
724 1688
724 1913
724 1943
724 1949
725 745
725 858
725 1152
725 1573
725 1829
725 1891
725 1967
726 1045
726 1160
726 1215
726 1508
726 1860
726 1949
727 1364
727 1427
727 1846
727 1902
727 1958
728 959
728 980
728 1577
728 1605
728 1790
728 1866
729 1327
729 1669
729 1770
730 925
730 1721
730 1753
730 1755
730 1987
731 879
731 1030
731 1042
731 1078
731 1321
731 1748
731 1877
731 1900
731 1970
732 877
732 1027
732 1565
732 1689
732 1718
732 1982
733 737
733 762
733 1202
733 1333
733 1583
733 1756
733 1762
734 1085
734 1741
735 859
735 974
735 1331
735 1351
735 1449
735 1482
735 1579
736 765
736 1143
736 1663
736 1719
736 1914
737 748
737 1761
737 1852
738 999
738 1021
738 1155
738 1439
738 1809
739 901
739 1117
739 1208
739 1320
739 1557
740 839
740 928
740 1199
740 1249
740 1261
740 1270
740 1324
740 1402
740 1432
740 1542
740 1785
740 1830
740 1883
741 1138
741 1557
741 1575
741 1728
741 1805
742 1350
742 1403
742 1593
742 1604
742 1826
742 1852
743 1031
743 1083
743 1088
743 1095
743 1122
743 1204
743 1350
743 1414
743 1749
743 1868
744 764
744 854
744 1324
744 1365
744 1667
744 1930
745 1414
745 1825
745 1942
745 1975
746 970
746 1213
746 1228
746 1739
747 1046
747 1133
747 1188
747 1216
747 1495
747 1681
747 1989
747 1998
748 816
748 877
748 1677
748 1970
749 870
749 1137
749 1704
749 1994
750 937
750 967
750 1071
750 1666
750 1837
750 1865
750 1868
751 1157
751 1404
751 1956
752 1161
752 1422
752 1472
752 1775
752 1881
753 897
753 941
753 942
753 1226
753 1431
753 1501
753 1513
754 1487
754 1578
754 1616
755 757
755 882
755 1077
755 1107
755 1789
755 1858
755 1959
756 1398
756 1503
756 1789
757 987
757 1442
757 1585
757 1588
758 848
758 1006
758 1388
758 1792
758 1894
758 1903
758 1922
759 816
759 835
759 885
759 893
759 1069
759 1683
759 1776
760 1182
760 1723
761 877
761 958
761 1135
761 1257
761 1341
761 1370
761 1719
761 1740
762 762
762 861
762 1050
762 1256
762 1303
762 1349
763 837
763 1086
763 1225
763 1792
763 1961
763 1986
764 815
764 1174
764 1718
764 1760
765 889
765 1399
765 1626
765 1781
765 1798
765 1965
766 1018
766 1283
766 1361
767 1331
767 1635
767 1955
768 1124
768 1543
768 1687
768 1996
769 900
769 1189
769 1507
770 875
770 1384
770 1454
770 1573
770 1795
771 902
771 1016
771 1026
771 1052
771 1061
771 1838
772 837
772 870
772 1213
772 1214
772 1483
773 1042
773 1060
773 1272
773 1304
773 1637
773 1661
773 1939
774 1157
774 1192
774 1470
774 1637
774 1739
774 1885
775 857
775 1021
775 1058
775 1208
775 1305
775 1599
775 1823
775 1948
776 789
776 849
776 1279
776 1295
776 1392
776 1769
776 1846
777 780
777 1149
777 1276
777 1285
777 1294
777 1656
777 1791
778 1690
778 1824
778 1899
779 1157
779 1375
779 1767
779 1841
779 1936
780 940
780 1026
780 1126
780 1396
780 1452
781 976
781 1129
781 1618
781 1654
781 1970
782 919
782 1027
782 1141
782 1512
782 1569
782 1740
782 1801
783 1128
783 1259
783 1374
783 1538
784 979
784 1015
784 1082
784 1090
784 1118
784 1231
784 1280
784 1741
784 1774
784 1776
784 1913
785 1026
785 1138
785 1378
785 1450
785 1628
785 1656
785 1673
785 1690
785 1841
785 1882
786 814
786 834
786 905
786 1289
786 1384
786 1395
786 1465
786 1474
786 1737
786 1759
787 827
787 831
787 888
787 1614
788 1168
788 1722
788 1760
788 1961
788 1994
789 1208
789 1423
789 1561
789 1641
790 880
790 1470
790 1533
790 1591
790 1735
791 930
791 1553
791 1560
791 1630
791 1909
791 1953
791 1961
791 1971
792 975
792 1709
792 1876
793 1179
793 1274
793 1292
793 1367
793 1384
793 1582
793 1604
793 1778
794 1129
794 1436
794 1462
795 857
795 1255
795 1763
796 1201
796 1237
796 1287
797 1129
797 1364
797 1386
797 1634
797 1685
797 1691
797 1876
798 921
798 968
798 1150
798 1167
798 1609
799 852
799 1403
800 956
800 1346
800 1533
800 1989
801 838
801 1183
801 1401
801 1439
801 1447
801 1628
802 1072
802 1283
802 1321
802 1479
802 1753
802 1852
802 1939
803 815
803 967
803 1199
803 1599
803 1717
803 1746
803 1882
803 1956
804 1415
804 1425
804 1688
804 1838
804 1897
804 1965
805 904
805 983
805 1029
805 1239
805 1372
805 1474
806 905
806 914
806 1254
806 1328
806 1864
806 1912
807 1040
807 1232
807 1403
807 1689
807 1845
808 908
808 922
808 931
808 958
808 971
808 1246
808 1499
808 1516
808 1712
808 1735
809 839
809 856
809 1246
809 1272
809 1564
809 1696
809 1716
809 1726
809 1739
809 1800
810 998
810 1027
810 1291
810 1526
810 1800
811 1161
811 1569
811 1665
811 1859
811 1914
812 1101
812 1136
812 1265
812 1429
812 1433
812 1718
812 1892
812 1908
813 871
813 1150
813 1637
813 1759
814 934
814 1010
814 1124
814 1251
814 1611
814 1868
814 1922
814 1940
815 823
815 847
815 851
815 854
815 871
815 1004
815 1276
815 1388
816 829
816 890
816 1019
816 1490
816 1725
816 1812
816 1834
816 1945
817 1144
817 1300
817 1414
817 1443
817 1575
817 1743
817 1979
818 832
818 839
818 975
818 995
818 1084
818 1169
818 1287
818 1336
818 1817
818 1851
819 1047
819 1148
819 1229
819 1309
819 1454
819 1671
820 907
820 1318
820 1346
820 1349
820 1474
820 1494
821 945
821 1158
821 1164
821 1194
821 1430
821 1487
821 1676
822 1627
822 1791
823 860
823 1070
823 1371
823 1406
823 1451
823 1871
824 1119
824 1217
824 1285
824 1312
824 1449
824 1789
825 907
825 986
825 1011
825 1293
825 1432
825 1856
825 1942
826 1051
826 1212
826 1439
826 1593
826 1941
827 1393
827 1465
827 1958
828 871
828 1172
828 1425
828 1825
829 1042
829 1188
829 1644
829 1652
830 1008
830 1255
830 1266
830 1333
830 1469
831 892
831 951
831 1344
831 1428
831 1565
831 1617
831 1828
831 1838
831 1874
832 1120
832 1329
832 1456
832 1597
832 1748
832 1943
833 1147
833 1382
833 1441
833 1769
834 975
834 1147
834 1261
834 1563
834 1735
835 851
835 1565
835 1601
835 1726
836 866
836 948
836 1008
836 1116
836 1125
836 1375
836 1525
836 1561
836 1572
837 978
837 1181
837 1722
837 1943
838 942
838 1034
838 1382
838 1648
838 1847
839 1048
839 1435
839 1454
839 1631
839 1975
840 1415
840 1643
840 1780
840 1829
840 1837
841 910
841 1532
841 1669
841 1748
841 1975
842 911
842 1265
842 1382
843 906
843 959
843 1116
843 1649
843 1842
843 1942
844 916
844 957
844 990
844 1064
844 1267
844 1328
844 1377
844 1404
844 1526
844 1596
844 1607
845 1142
845 1450
845 1749
845 1944
846 857
846 970
846 977
846 1607
846 1627
846 1863
846 1975
847 1149
847 1188
848 1178
848 1197
848 1696
849 1343
849 1537
849 1648
849 1769
849 1827
849 1917
850 998
850 1016
850 1124
850 1131
850 1290
850 1423
850 1768
850 1793
851 921
851 1171
851 1192
851 1342
851 1567
851 1696
851 1780
851 1997
852 958
852 1573
853 996
853 1168
853 1411
854 1037
854 1488
854 1949
854 1994
855 937
855 1101
855 1639
855 1898
856 954
856 1010
856 1084
856 1479
856 1684
857 887
857 1340
857 1470
858 1177
858 1697
858 1726
858 1789
859 960
859 1100
859 1180
859 1350
859 1905
859 1945
860 1285
860 1982
861 1389
861 1591
861 1679
861 1775
861 1984
862 1046
862 1084
862 1098
862 1309
862 1332
862 1804
862 1915
863 1186
863 1511
864 1322
864 1402
864 1695
864 1728
864 1795
864 1983
865 962
865 1118
865 1202
865 1389
865 1430
865 1489
865 1555
866 1004
866 1160
866 1524
866 1557
866 1574
866 1650
866 1721
866 1968
867 1023
867 1059
867 1190
867 1384
867 1634
867 1747
867 1799
868 1079
868 1222
868 1465
868 1471
868 1759
869 1233
869 1933
869 1943
870 883
870 913
870 1024
870 1068
870 1078
870 1165
870 1229
870 1232
870 1482
870 1496
870 1661
870 1784
870 1843
871 1101
871 1648
871 1758
871 1827
871 1863
871 1895
872 1172
872 1256
872 1396
872 1899
873 1057
873 1066
873 1337
873 1404
873 1548
873 1905
874 971
874 1042
874 1136
874 1185
874 1257
874 1309
874 1393
874 1887
874 1963
875 894
875 931
875 1021
875 1105
875 1146
875 1192
875 1257
876 937
876 981
876 1187
876 1253
876 1677
877 1445
877 1517
877 1741
877 1746
877 1966
878 945
878 1115
878 1424
878 1506
879 972
879 1024
879 1724
879 1807
880 917
880 1027
880 1143
880 1182
880 1348
880 1435
881 1338
881 1345
881 1551
881 1958
882 1121
882 1321
882 1639
882 1752
882 1815
883 896
883 1011
883 1491
883 1726
883 1793
884 1473
884 1903
885 970
885 1214
885 1280
885 1315
885 1336
885 1511
885 1690
886 953
886 1579
886 1594
886 1712
887 1383
887 1454
887 1614
887 1875
887 1932
887 1945
888 921
888 1023
888 1187
888 1538
889 1166
889 1594
889 1859
890 958
890 1255
890 1350
890 1682
890 1715
891 1106
891 1374
891 1571
891 1978
892 959
892 1324
892 1660
892 1678
892 1856
893 944
893 1476
893 1772
894 918
894 996
894 1113
894 1122
894 1163
895 1142
895 1334
895 1395
895 1753
895 1837
896 973
896 1071
896 1123
896 1157
896 1247
896 1346
896 1412
896 1860
897 1316
897 1449
897 1500
897 1588
897 1715
898 900
898 1399
898 1466
898 1817
898 1832
898 1961
899 1454
899 1470
899 1511
899 1563
899 1687
899 1718
900 903
900 1389
900 1427
900 1587
900 1689
900 1861
901 1000
901 1175
901 1285
901 1397
901 1752
902 903
902 979
902 1020
902 1789
902 1847
903 1091
903 1169
903 1476
903 1703
903 1861
904 934
904 1229
905 1496
905 1773
905 1953
905 1963
906 986
906 1012
906 1058
907 1449
907 1466
907 1514
907 1593
907 1642
907 1795
908 1150
908 1361
908 1501
908 1986
909 938
909 975
909 1192
909 1725
910 950
910 1126
910 1483
910 1710
911 930
911 1159
911 1768
911 1824
911 1918
912 1080
912 1159
912 1364
912 1420
912 1856
912 1947
913 1008
913 1018
913 1711
913 1775
913 1881
913 1907
914 952
914 1646
914 1977
915 1554
915 1647
915 1716
915 1930
915 1971
916 1304
916 1309
916 1884
917 972
917 1499
917 1705
917 1764
918 945
918 1621
918 1667
919 1043
919 1084
919 1171
919 1249
919 1338
919 1361
919 1462
919 1805
920 969
920 1178
920 1217
920 1218
920 1251
920 1668
920 1975
920 1984
921 1163
921 1396
921 1444
921 1655
921 1793
921 1837
922 967
922 985
922 1039
922 1164
922 1396
922 1444
922 1540
922 1685
922 1803
923 1158
923 1473
923 1516
923 1719
923 1738
923 1986
924 1076
924 1245
924 1398
924 1495
924 1511
925 976
925 1130
925 1446
925 1476
925 1805
925 1920
926 1221
926 1272
926 1527
926 1969
927 1805
927 1822
927 1837
927 1878
928 1030
928 1032
928 1361
928 1502
928 1917
929 1217
929 1738
929 1800
930 1255
930 1466
930 1533
930 1810
930 1816
930 1930
931 1009
931 1060
931 1192
931 1204
931 1227
931 1954
932 1003
932 1831
933 1475
933 1811
934 1381
934 1594
934 1615
934 1826
934 1947
935 951
935 1177
935 1246
935 1457
935 1498
935 1862
935 1885
936 1001
936 1059
936 1174
936 1559
936 1589
936 1750
937 1149
937 1191
937 1211
937 1453
938 1300
938 1445
938 1885
939 1063
939 1069
939 1128
939 1171
939 1231
939 1342
939 1586
939 1618
939 1768
939 1811
939 1967
940 1179
940 1228
940 1270
940 1343
940 1571
940 1577
941 1050
941 1087
941 1540
941 1707
941 1785
941 1974
942 1216
942 1761
942 1797
943 951
943 1004
943 1082
943 1150
943 1267
943 1279
943 1379
943 1384
943 1754
944 963
944 1012
944 1250
944 1694
944 1755
944 1901
944 1911
945 1035
945 1228
945 1267
945 1453
945 1942
945 1996
946 1002
946 1156
946 1333
946 1980
947 1226
947 1330
947 1485
947 1509
948 958
948 1242
948 1417
948 1496
948 1533
948 1568
948 1710
948 1930
948 1993
949 1143
949 1245
950 1038
950 1058
950 1379
950 1538
950 1748
951 1333
951 1494
951 1826
951 1908
952 1107
952 1225
952 1236
952 1599
952 1794
953 1334
953 1506
953 1511
953 1741
954 1031
954 1375
954 1495
954 1505
954 1673
954 1962
954 1998
955 1741
955 1914
956 1192
956 1214
956 1787
957 964
957 1269
957 1874
957 1904
958 1178
958 1362
958 1546
958 1572
958 1749
958 1900
958 1904
959 1107
959 1251
959 1303
959 1366
959 1412
959 1422
959 1554
959 1598
959 1796
959 1876
959 1993
960 1431
960 1590
960 1705
960 1725
961 973
961 1068
961 1187
961 1318
961 1436
961 1702
961 1743
961 1918
962 1026
962 1284
962 1356
962 1415
962 1784
962 1800
962 1810
963 1724
963 1933
964 1047
964 1082
964 1306
964 1666
964 1876
965 1193
965 1371
965 1522
965 1641
966 1037
966 1481
966 1651
966 1679
967 1116
967 1190
967 1237
967 1242
967 1533
967 1566
967 1658
968 1018
968 1288
968 1312
968 1428
968 1524
968 1648
969 1170
969 1270
969 1423
969 1589
969 1661
969 1789
969 1809
970 1129
970 1151
970 1279
970 1442
970 1676
971 1068
971 1892
972 1049
972 1276
972 1329
972 1470
973 1130
973 1252
973 1467
973 1943
974 1354
974 1371
974 1600
975 1011
975 1156
975 1298
975 1439
975 1584
975 1790
975 1926
976 1025
976 1295
977 1196
977 1252
977 1322
977 1410
977 1434
977 1924
978 1141
978 1184
978 1578
978 1765
978 1987
979 1117
979 1261
979 1531
979 1613
979 1692
979 1760
979 1885
980 1309
980 1317
980 1346
980 1617
980 1712
981 1262
981 1284
981 1289
982 1930
983 1234
983 1257
983 1443
983 1496
983 1676
983 1815
984 987
984 1173
984 1272
984 1435
984 1729
984 1755
984 1761
984 1801
985 986
985 1020
985 1532
985 1564
985 1613
985 1846
985 1868
986 1376
986 1513
986 1550
986 1742
986 1997
987 1205
987 1283
987 1347
987 1407
987 1550
987 1898
988 1016
988 1135
988 1249
988 1520
988 1554
989 1036
989 1355
989 1827
989 1965
990 1069
990 1161
990 1225
990 1425
990 1517
990 1789
990 1817
990 1822
990 1841
990 1891
990 1931
991 1269
991 1664
991 1720
991 1843
992 1029
992 1034
992 1227
992 1276
992 1284
992 1907
993 1256
993 1475
993 1550
993 1629
994 1019
994 1276
994 1409
994 1575
994 1682
994 1986
995 1022
995 1027
995 1287
995 1288
995 1776
995 1852
996 1121
996 1208
996 1598
996 1938
997 1047
997 1117
997 1411
997 1534
997 1598
998 1449
999 1178
999 1289
999 1388
999 1433
1000 1016
1000 1352
1001 1237
1001 1309
1001 1582
1002 1094
1002 1118
1002 1486
1002 1535
1002 1559
1002 1768
1003 1171
1003 1459
1003 1504
1003 1555
1003 1645
1003 1649
1003 1745
1004 1080
1004 1306
1004 1317
1004 1700
1005 1135
1005 1176
1005 1233
1005 1828
1005 1829
1005 1920
1006 1031
1006 1285
1006 1345
1006 1479
1006 1656
1006 1754
1006 1901
1006 1926
1007 1134
1007 1742
1007 1807
1007 1969
1008 1172
1008 1476
1008 1731
1008 1877
1008 1962
1010 1165
1010 1635
1011 1019
1011 1036
1011 1073
1011 1489
1011 1535
1011 1553
1012 1019
1012 1045
1012 1364
1012 1385
1012 1602
1012 1702
1012 1707
1012 1811
1012 1897
1013 1025
1013 1442
1013 1480
1013 1726
1013 1829
1013 1921
1013 1976
1014 1344
1014 1793
1014 1959
1015 1286
1016 1611
1016 1675
1016 1695
1017 1557
1017 1719
1017 1752
1017 1799
1017 1873
1017 1895
1017 1968
1018 1726
1019 1188
1019 1243
1019 1270
1019 1383
1019 1482
1019 1656
1020 1496
1020 1569
1020 1705
1020 1765
1020 1963
1021 1988
1022 1074
1022 1670
1022 1761
1022 1921
1022 1947
1023 1086
1023 1369
1024 1150
1024 1191
1024 1271
1024 1307
1024 1315
1024 1350
1024 1634
1024 1639
1024 1704
1024 1855
1025 1319
1025 1397
1025 1608
1025 1692
1026 1087
1026 1108
1026 1170
1026 1363
1026 1575
1026 1785
1026 1966
1027 1274
1027 1312
1027 1847
1028 1466
1028 1543
1028 1860
1028 1961
1029 1061
1029 1248
1029 1522
1029 1668
1029 1686
1029 1998
1030 1057
1030 1173
1030 1401
1031 1206
1031 1303
1031 1940
1032 1388
1032 1627
1033 1084
1033 1186
1033 1189
1033 1208
1033 1524
1033 1567
1033 1669
1033 1712
1033 1919
1034 1043
1034 1197
1034 1260
1034 1799
1034 1831
1034 1953
1035 1775
1035 1932
1036 1216
1036 1556
1036 1616
1036 1800
1036 1863
1037 1126
1038 1326
1038 1766
1038 1885
1038 1905
1038 1935
1039 1070
1039 1466
1039 1538
1039 1583
1039 1639
1039 1673
1039 1717
1039 1926
1040 1612
1040 1663
1041 1060
1041 1135
1042 1114
1042 1284
1042 1330
1042 1359
1042 1548
1042 1798
1043 1246
1043 1407
1043 1617
1043 1984
1044 1446
1044 1487
1044 1563
1044 1806
1044 1877
1045 1075
1045 1309
1045 1337
1045 1340
1045 1389
1045 1678
1046 1739
1046 1808
1047 1172
1047 1189
1047 1456
1047 1488
1048 1100
1048 1102
1048 1466
1048 1583
1048 1933
1048 1953
1049 1087
1049 1519
1049 1703
1049 1779
1049 1918
1049 1978
1050 1139
1050 1396
1051 1101
1051 1319
1051 1575
1051 1657
1051 1717
1052 1219
1052 1432
1052 1730
1052 1752
1052 1762
1052 1916
1053 1562
1053 1818
1054 1385
1054 1567
1054 1755
1054 1932
1055 1266
1055 1434
1055 1445
1055 1581
1055 1593
1055 1791
1055 1828
1056 1146
1056 1450
1056 1814
1056 1906
1057 1077
1057 1167
1057 1536
1057 1743
1057 1747
1058 1222
1058 1427
1058 1453
1058 1502
1058 1884
1058 1953
1059 1257
1059 1332
1059 1565
1060 1084
1060 1188
1060 1265
1060 1608
1060 1644
1060 1684
1061 1069
1061 1183
1061 1353
1061 1381
1061 1624
1061 1912
1062 1819
1062 1829
1063 1202
1063 1254
1063 1401
1063 1622
1064 1448
1064 1552
1064 1730
1065 1203
1065 1354
1065 1524
1065 1582
1065 1816
1066 1079
1066 1102
1066 1417
1066 1465
1066 1623
1066 1671
1066 1751
1066 1838
1067 1226
1067 1473
1067 1860
1067 1868
1068 1109
1068 1301
1068 1515
1068 1659
1068 1709
1068 1721
1068 1837
1069 1102
1069 1411
1069 1704
1069 1997
1070 1479
1070 1643
1070 1824
1071 1379
1071 1794
1071 1836
1071 1888
1072 1550
1072 1907
1072 1963
1073 1130
1073 1693
1073 1763
1073 1779
1073 1919
1073 1925
1074 1505
1074 1531
1074 1724
1074 1921
1074 1928
1075 1096
1075 1237
1075 1319
1075 1461
1075 1662
1075 1921
1076 1101
1076 1162
1076 1272
1076 1274
1076 1489
1076 1964
1077 1126
1077 1131
1077 1399
1078 1148
1079 1215
1079 1227
1079 1469
1079 1526
1079 1598
1080 1091
1080 1567
1080 1638
1080 1699
1080 1734
1080 1842
1081 1356
1081 1420
1081 1499
1081 1508
1081 1783
1081 1787
1082 1163
1082 1296
1082 1393
1083 1105
1083 1370
1083 1511
1084 1514
1084 1546
1084 1567
1084 1794
1084 1829
1085 1322
1085 1358
1086 1255
1086 1376
1086 1508
1086 1529
1086 1808
1087 1341
1087 1554
1087 1902
1088 1101
1088 1113
1088 1212
1088 1316
1088 1435
1088 1660
1089 1198
1089 1306
1089 1374
1089 1529
1089 1553
1089 1643
1089 1859
1089 1999
1090 1210
1090 1291
1090 1381
1090 1568
1090 1690
1090 1849
1091 1101
1091 1641
1091 1681
1091 1821
1093 1162
1093 1209
1094 1426
1094 1491
1094 1501
1095 1188
1095 1489
1095 1971
1096 1251
1096 1266
1096 1528
1096 1587
1097 1805
1097 1909
1098 1390
1098 1652
1099 1533
1099 1550
1099 1801
1100 1179
1100 1446
1100 1695
1100 1999
1101 1219
1101 1225
1101 1696
1101 1877
1102 1350
1102 1376
1102 1864
1102 1943
1103 1908
1103 1926
1104 1165
1104 1517
1104 1606
1104 1767
1104 1836
1105 1440
1106 1116
1106 1181
1106 1686
1106 1757
1106 1779
1106 1872
1106 1935
1107 1317
1107 1663
1107 1963
1108 1122
1108 1190
1108 1270
1108 1677
1109 1877
1110 1547
1110 1715
1110 1733
1111 1443
1111 1552
1111 1573
1112 1690
1113 1261
1113 1319
1113 1602
1113 1717
1114 1376
1114 1804
1115 1141
1115 1170
1115 1278
1115 1599
1115 1605
1115 1614
1115 1941
1116 1217
1116 1429
1116 1639
1116 1686
1116 1705
1116 1825
1116 1909
1116 1912
1117 1508
1117 1878
1118 1266
1118 1283
1118 1437
1118 1514
1118 1562
1118 1570
1118 1892
1119 1248
1119 1466
1119 1474
1119 1540
1119 1557
1119 1626
1119 1696
1119 1858
1119 1989
1120 1136
1120 1162
1120 1309
1120 1433
1120 1991
1121 1156
1121 1191
1121 1359
1121 1504
1121 1823
1121 1954
1122 1348
1122 1724
1123 1140
1123 1491
1123 1649
1124 1259
1124 1809
1124 1922
1125 1165
1125 1183
1125 1416
1125 1445
1125 1676
1125 1921
1126 1147
1126 1200
1126 1247
1126 1337
1126 1423
1126 1710
1126 1872
1127 1129
1127 1264
1127 1522
1127 1957
1128 1221
1128 1513
1128 1571
1128 1946
1130 1603
1130 1810
1130 1834
1131 1142
1132 1221
1132 1268
1132 1823
1132 1868
1132 1932
1133 1444
1134 1488
1134 1556
1135 1699
1135 1829
1135 1878
1136 1202
1136 1471
1136 1969
1137 1208
1137 1357
1137 1411
1137 1478
1137 1764
1138 1628
1138 1824
1138 1931
1139 1705
1140 1155
1140 1375
1140 1380
1140 1386
1140 1465
1140 1871
1141 1171
1141 1246
1141 1268
1141 1486
1141 1619
1141 1697
1141 1772
1141 1942
1142 1205
1142 1719
1142 1811
1143 1385
1143 1443
1143 1847
1143 1850
1144 1678
1144 1829
1145 1866
1146 1584
1146 1686
1146 1722
1146 1796
1146 1799
1146 1873
1146 1957
1147 1274
1147 1294
1147 1440
1147 1733
1147 1846
1148 1624
1148 1664
1148 1713
1148 1735
1148 1738
1148 1861
1148 1903
1149 1636
1149 1805
1149 1974
1150 1262
1150 1371
1151 1513
1152 1261
1152 1458
1152 1570
1152 1588
1152 1799
1153 1798
1154 1242
1154 1546
1154 1612
1154 1690
1154 1829
1154 1875
1154 1909
1155 1184
1155 1439
1155 1721
1155 1767
1156 1174
1156 1250
1156 1275
1156 1420
1156 1512
1156 1810
1157 1819
1158 1481
1158 1745
1159 1447
1159 1578
1159 1606
1159 1618
1159 1881
1159 1974
1159 1976
1160 1244
1160 1432
1160 1463
1160 1854
1161 1321
1161 1326
1161 1327
1161 1554
1161 1623
1161 1727
1161 1767
1162 1486
1162 1619
1163 1467
1163 1872
1163 1937
1164 1258
1164 1683
1164 1970
1165 1202
1165 1231
1165 1302
1165 1862
1167 1384
1167 1544
1167 1681
1167 1990
1168 1370
1168 1447
1168 1470
1168 1483
1168 1774
1169 1252
1169 1608
1169 1620
1169 1844
1170 1440
1170 1470
1170 1518
1170 1566
1170 1921
1171 1180
1171 1228
1171 1297
1171 1336
1171 1560
1172 1213
1172 1376
1172 1660
1172 1860
1173 1427
1173 1636
1173 1928
1174 1836
1174 1985
1175 1396
1175 1409
1175 1609
1175 1660
1175 1808
1175 1920
1177 1417
1177 1484
1177 1486
1177 1525
1177 1674
1178 1360
1178 1496
1178 1500
1178 1577
1179 1187
1179 1209
1179 1376
1179 1480
1179 1807
1179 1832
1180 1265
1180 1521
1180 1591
1180 1692
1181 1232
1181 1237
1181 1620
1181 1817
1181 1818
1181 1965
1182 1301
1182 1801
1183 1202
1183 1346
1183 1665
1183 1683
1183 1685
1183 1801
1183 1867
1183 1881
1183 1995
1184 1408
1184 1761
1185 1252
1185 1282
1185 1473
1185 1868
1185 1929
1186 1397
1186 1407
1186 1491
1186 1704
1186 1776
1186 1826
1186 1920
1187 1438
1187 1513
1187 1736
1187 1785
1187 1874
1188 1360
1188 1679
1188 1708
1188 1832
1188 1869
1189 1259
1189 1513
1189 1800
1190 1226
1190 1435
1190 1636
1190 1768
1190 1873
1190 1970
1191 1533
1191 1613
1191 1741
1191 1743
1191 1806
1191 1860
1191 1867
1192 1372
1192 1809
1193 1948
1193 1996
1194 1257
1194 1853
1195 1683
1195 1716
1195 1851
1195 1944
1196 1400
1196 1843
1197 1567
1197 1912
1198 1332
1198 1396
1198 1409
1198 1525
1198 1730
1199 1831
1199 1837
1201 1294
1201 1370
1201 1399
1201 1499
1201 1589
1201 1654
1201 1843
1201 1974
1202 1269
1202 1316
1202 1565
1202 1592
1202 1768
1202 1810
1203 1206
1203 1628
1203 1884
1203 1911
1203 1972
1203 1984
1204 1692
1205 1240
1205 1940
1206 1569
1206 1854
1207 1362
1207 1390
1207 1570
1207 1679
1207 1819
1207 1915
1208 1214
1208 1329
1208 1706
1208 1956
1209 1237
1209 1489
1209 1503
1209 1764
1209 1961
1210 1347
1210 1505
1210 1525
1210 1658
1210 1761
1210 1763
1210 1930
1211 1438
1211 1638
1211 1788
1211 1800
1212 1354
1212 1733
1212 1886
1212 1948
1213 1271
1213 1377
1213 1452
1213 1506
1213 1747
1213 1809
1215 1288
1215 1628
1216 1225
1216 1642
1216 1685
1216 1687
1216 1717
1217 1380
1217 1810
1217 1811
1217 1999
1218 1463
1218 1775
1219 1266
1219 1540
1219 1808
1219 1886
1219 1887
1219 1969
1220 1354
1220 1440
1220 1503
1220 1673
1220 1895
1221 1334
1221 1537
1221 1610
1221 1819
1221 1935
1222 1423
1222 1489
1222 1601
1223 1862
1223 1966
1224 1339
1224 1795
1224 1885
1225 1361
1225 1485
1225 1630
1225 1773
1225 1871
1225 1873
1226 1291
1226 1409
1226 1757
1226 1789
1226 1894
1226 1989
1227 1273
1227 1634
1228 1451
1228 1492
1228 1499
1228 1534
1228 1864
1229 1799
1230 1776
1230 1891
1231 1413
1231 1438
1231 1481
1231 1643
1231 1954
1232 1391
1232 1650
1232 1793
1233 1495
1234 1311
1234 1572
1234 1622
1235 1260
1235 1367
1235 1699
1237 1338
1237 1362
1237 1369
1237 1593
1238 1412
1238 1585
1238 1650
1238 1664
1238 1674
1238 1956
1239 1420
1239 1444
1239 1645
1239 1785
1240 1439
1240 1583
1240 1613
1240 1624
1240 1980
1241 1284
1241 1411
1241 1484
1241 1721
1241 1780
1242 1304
1242 1312
1242 1503
1242 1717
1242 1851
1243 1279
1243 1297
1243 1594
1243 1811
1243 1826
1244 1288
1244 1568
1245 1459
1245 1685
1245 1804
1245 1837
1245 1999
1246 1261
1246 1720
1246 1977
1247 1348
1247 1618
1247 1966
1248 1399
1248 1737
1249 1341
1249 1464
1249 1617
1249 1821
1249 1977
1250 1378
1250 1766
1251 1360
1251 1374
1251 1417
1251 1466
1251 1988
1252 1597
1252 1948
1253 1315
1253 1408
1253 1861
1254 1373
1254 1397
1254 1432
1254 1499
1254 1612
1254 1728
1255 1303
1255 1408
1255 1667
1255 1814
1256 1798
1256 1844
1257 1586
1257 1761
1257 1957
1257 1966
1258 1618
1258 1679
1259 1615
1259 1776
1259 1798
1260 1324
1260 1596
1260 1763
1261 1287
1261 1293
1261 1449
1262 1345
1262 1606
1262 1636
1262 1640
1262 1776
1263 1605
1263 1775
1264 1320
1264 1538
1264 1616
1264 1762
1265 1471
1265 1744
1266 1656
1266 1876
1267 1419
1267 1671
1267 1836
1268 1388
1268 1673
1268 1814
1268 1865
1268 1881
1269 1284
1269 1409
1269 1435
1269 1516
1269 1775
1269 1947
1271 1553
1271 1640
1271 1824
1272 1301
1272 1445
1272 1492
1272 1533
1272 1941
1273 1967
1274 1987
1275 1366
1275 1371
1275 1393
1275 1471
1275 1601
1276 1455
1276 1457
1276 1513
1276 1897
1277 1886
1278 1636
1278 1815
1278 1840
1278 1993
1279 1442
1279 1532
1280 1473
1280 1805
1280 1822
1280 1890
1281 1337
1281 1405
1281 1437
1281 1571
1282 1592
1282 1625
1282 1675
1282 1688
1282 1731
1282 1851
1283 1797
1284 1405
1284 1672
1284 1689
1284 1765
1284 1887
1285 1459
1285 1612
1285 1695
1286 1478
1286 1541
1287 1608
1288 1481
1289 1362
1289 1658
1289 1823
1290 1375
1290 1390
1290 1412
1290 1480
1290 1598
1290 1913
1291 1700
1291 1771
1292 1336
1292 1650
1292 1689
1293 1310
1293 1644
1293 1711
1293 1823
1293 1898
1293 1905
1294 1751
1294 1859
1295 1554
1295 1626
1295 1936
1296 1307
1296 1514
1296 1815
1296 1867
1297 1302
1297 1304
1297 1490
1297 1633
1297 1770
1297 1837
1298 1365
1298 1462
1298 1662
1299 1592
1299 1958
1300 1822
1300 1916
1301 1885
1301 1921
1302 1434
1302 1653
1303 1560
1303 1602
1303 1617
1303 1664
1304 1796
1304 1804
1304 1870
1304 1956
1305 1504
1305 1637
1305 1791
1306 1352
1306 1415
1306 1706
1307 1386
1307 1411
1307 1546
1307 1696
1307 1942
1308 1448
1309 1419
1309 1538
1309 1548
1309 1552
1309 1602
1309 1655
1310 1360
1310 1490
1310 1719
1311 1930
1312 1338
1313 1571
1313 1623
1313 1828
1313 1836
1313 1882
1313 1942
1314 1401
1314 1613
1314 1639
1314 1725
1314 1736
1314 1958
1315 1321
1315 1477
1315 1619
1315 1812
1315 1822
1315 1835
1315 1841
1316 1350
1316 1517
1316 1916
1316 1940
1317 1610
1317 1656
1317 1707
1318 1415
1318 1810
1318 1837
1318 1908
1319 1497
1319 1931
1321 1462
1321 1637
1321 1639
1321 1902
1323 1424
1323 1562
1323 1952
1323 1958
1324 1408
1324 1604
1324 1795
1324 1961
1325 1549
1326 1888
1327 1371
1327 1497
1327 1591
1327 1815
1327 1942
1328 1492
1328 1499
1329 1448
1329 1471
1329 1694
1329 1975
1330 1379
1330 1499
1330 1622
1331 1371
1331 1540
1331 1799
1331 1832
1331 1862
1331 1986
1332 1586
1332 1606
1332 1683
1332 1822
1332 1847
1333 1454
1333 1469
1333 1623
1334 1342
1334 1859
1334 1958
1335 1870
1336 1365
1336 1532
1336 1687
1336 1835
1336 1867
1337 1640
1337 1712
1337 1798
1337 1965
1338 1563
1338 1596
1339 1348
1339 1635
1339 1760
1340 1354
1340 1955
1340 1997
1341 1472
1341 1899
1341 1979
1341 1993
1342 1352
1342 1416
1342 1874
1343 1744
1343 1866
1343 1909
1343 1937
1344 1394
1344 1572
1344 1699
1344 1806
1344 1908
1344 1946
1345 1360
1345 1419
1345 1571
1345 1695
1345 1917
1346 1879
1347 1996
1348 1672
1348 1711
1348 1814
1348 1839
1348 1932
1348 1969
1349 1454
1349 1576
1349 1956
1350 1383
1350 1485
1350 1714
1350 1859
1350 1925
1350 1977
1351 1414
1351 1431
1351 1566
1351 1774
1351 1899
1352 1728
1352 1974
1353 1432
1355 1647
1355 1668
1355 1768
1355 1789
1355 1990
1356 1408
1356 1456
1356 1531
1356 1778
1357 1684
1357 1702
1358 1389
1358 1490
1358 1965
1359 1440
1359 1893
1360 1628
1360 1991
1361 1508
1361 1843
1362 1503
1362 1890
1364 1377
1365 1408
1365 1529
1365 1840
1365 1918
1366 1508
1366 1634
1366 1816
1366 1892
1366 1901
1367 1519
1367 1548
1367 1808
1368 1521
1368 1544
1368 1637
1368 1722
1370 1410
1370 1474
1370 1563
1370 1565
1370 1625
1370 1746
1370 1882
1370 1992
1371 1384
1371 1410
1371 1579
1371 1672
1371 1968
1372 1841
1372 1957
1373 1743
1374 1478
1374 1505
1374 1583
1374 1618
1374 1821
1374 1949
1375 1426
1375 1472
1375 1615
1375 1670
1376 1401
1377 1489
1377 1670
1377 1741
1378 1491
1378 1841
1379 1963
1380 1422
1380 1572
1380 1732
1380 1879
1381 1507
1381 1673
1381 1725
1381 1828
1381 1864
1382 1593
1382 1817
1382 1870
1382 1924
1383 1591
1383 1880
1384 1651
1385 1506
1385 1623
1386 1444
1386 1470
1386 1637
1386 1695
1386 1792
1387 1459
1387 1759
1387 1842
1387 1867
1388 1597
1389 1447
1389 1585
1389 1593
1389 1979
1390 1996
1391 1598
1391 1712
1392 1537
1392 1561
1392 1644
1393 1588
1393 1613
1393 1651
1394 1401
1394 1592
1394 1714
1395 1521
1396 1879
1397 1711
1397 1799
1397 1893
1398 1435
1398 1550
1398 1661
1398 1983
1398 1995
1399 1405
1399 1434
1399 1645
1399 1682
1399 1795
1399 1813
1399 1935
1400 1906
1401 1893
1401 1969
1404 1549
1404 1965
1405 1673
1406 1737
1407 1817
1408 1593
1408 1793
1409 1489
1409 1539
1409 1588
1409 1758
1409 1850
1409 1966
1409 1978
1409 1987
1410 1745
1410 1828
1411 1528
1411 1698
1411 1797
1411 1951
1413 1739
1414 1518
1414 1688
1414 1697
1414 1983
1415 1499
1415 1590
1416 1531
1416 1546
1416 1581
1416 1755
1417 1567
1417 1611
1417 1897
1417 1917
1418 1683
1418 1829
1418 1920
1419 1962
1420 1485
1420 1553
1421 1630
1421 1832
1421 1948
1422 1476
1423 1831
1424 1522
1424 1703
1424 1882
1425 1610
1426 1474
1426 1601
1426 1745
1426 1898
1427 1446
1427 1900
1427 1979
1428 1511
1428 1882
1430 1923
1431 1583
1431 1629
1431 1850
1431 1904
1431 1956
1432 1477
1432 1596
1432 1791
1433 1496
1433 1601
1433 1714
1434 1448
1434 1707
1434 1948
1435 1848
1435 1875
1435 1923
1435 1982
1436 1509
1437 1757
1439 1753
1440 1611
1440 1626
1440 1663
1440 1676
1440 1968
1441 1441
1441 1520
1441 1776
1441 1970
1442 1490
1442 1753
1442 1820
1442 1950
1444 1574
1444 1898
1444 1990
1445 1697
1445 1904
1446 1683
1446 1806
1447 1525
1447 1610
1447 1903
1448 1646
1448 1883
1449 1573
1449 1743
1449 1881
1451 1459
1451 1492
1451 1836
1451 1919
1451 1926
1454 1497
1454 1968
1455 1798
1456 1995
1457 1489
1457 1502
1457 1514
1457 1566
1458 1530
1458 1550
1458 1998
1459 1965
1460 1500
1460 1869
1461 1549
1461 1587
1461 1645
1461 1829
1462 1510
1462 1577
1463 1494
1463 1795
1463 1935
1464 1468
1465 1582
1467 1599
1467 1851
1468 1785
1468 1787
1468 1923
1468 1980
1469 1579
1469 1641
1470 1744
1470 1835
1470 1909
1471 1496
1471 1571
1471 1991
1472 1839
1472 1959
1472 1984
1473 1660
1473 1759
1473 1954
1474 1512
1474 1522
1474 1630
1475 1497
1475 1900
1476 1785
1476 1914
1477 1514
1477 1707
1477 1711
1478 1595
1478 1844
1479 1643
1479 1905
1480 1493
1480 1631
1480 1636
1480 1709
1481 1640
1482 1681
1483 1533
1483 1624
1483 1720
1483 1858
1483 1974
1484 1647
1484 1905
1485 1722
1485 1970
1486 1501
1486 1564
1486 1711
1486 1910
1486 1914
1487 1691
1487 1823
1487 1830
1488 1608
1488 1914
1489 1775
1490 1747
1490 1934
1490 1935
1490 1980
1491 1546
1491 1581
1491 1676
1491 1980
1492 1873
1492 1962
1493 1689
1494 1773
1494 1905
1494 1984
1495 1621
1495 1919
1497 1820
1498 1913
1499 1859
1499 1865
1500 1711
1500 1759
1500 1903
1501 1826
1501 1870
1501 1999
1502 1554
1502 1557
1502 1752
1502 1843
1503 1647
1503 1758
1504 1509
1504 1642
1504 1783
1504 1976
1505 1521
1505 1541
1505 1546
1505 1558
1505 1716
1505 1863
1505 1952
1506 1946
1507 1510
1507 1567
1507 1612
1507 1631
1507 1958
1508 1630
1508 1818
1508 1829
1509 1645
1509 1745
1509 1800
1509 1933
1509 1984
1510 1523
1510 1558
1510 1731
1510 1809
1511 1979
1512 1516
1512 1732
1512 1762
1512 1808
1512 1843
1514 1606
1514 1734
1514 1809
1514 1859
1515 1819
1515 1890
1515 1974
1516 1906
1518 1755
1518 1951
1519 1685
1519 1785
1520 1663
1522 1536
1522 1656
1523 1544
1523 1545
1523 1571
1523 1838
1523 1923
1524 1668
1524 1788
1524 1844
1524 1878
1525 1737
1526 1580
1526 1810
1527 1633
1527 1859
1527 1889
1527 1945
1528 1918
1529 1580
1529 1696
1529 1795
1530 1546
1530 1738
1531 1889
1531 1902
1531 1956
1532 1535
1533 1603
1533 1822
1534 1597
1535 1573
1536 1860
1536 1870
1536 1972
1537 1647
1537 1692
1537 1784
1538 1605
1538 1896
1539 1541
1539 1611
1539 1629
1539 1633
1539 1775
1540 1649
1540 1805
1540 1969
1541 1555
1541 1574
1541 1838
1542 1582
1542 1908
1543 1898
1545 1581
1545 1753
1546 1721
1547 1834
1547 1854
1547 1916
1548 1797
1549 1867
1551 1751
1551 1833
1551 1942
1553 1609
1553 1704
1553 1737
1555 1658
1555 1885
1558 1674
1558 1927
1559 1602
1559 1757
1559 1979
1559 1988
1559 1989
1560 1718
1560 1985
1561 1604
1561 1838
1562 1588
1562 1624
1563 1858
1564 1673
1564 1896
1564 1993
1565 1911
1566 1886
1567 1654
1567 1762
1568 1758
1568 1856
1569 1626
1569 1663
1570 1657
1570 1942
1570 1995
1572 1779
1574 1890
1576 1688
1576 1846
1577 1609
1577 1611
1577 1664
1577 1712
1577 1800
1578 1708
1578 1858
1578 1918
1579 1629
1579 1698
1579 1757
1579 1869
1580 1729
1580 1782
1581 1795
1582 1641
1582 1786
1583 1647
1583 1672
1584 1626
1584 1668
1584 1806
1584 1866
1584 1991
1585 1614
1585 1657
1586 1590
1587 1738
1588 1867
1589 1646
1589 1654
1589 1674
1589 1716
1589 1991
1590 1729
1590 1989
1591 1875
1591 1885
1593 1739
1593 1815
1593 1962
1594 1702
1594 1988
1595 1702
1595 1725
1595 1774
1596 1874
1596 1887
1597 1773
1598 1614
1598 1707
1598 1908
1598 1965
1599 1957
1600 1866
1600 1971
1601 1875
1601 1968
1601 1979
1602 1780
1603 1618
1603 1976
1605 1963
1605 1979
1606 1855
1607 1811
1608 1643
1608 1703
1608 1730
1609 1642
1609 1829
1611 1658
1611 1690
1611 1857
1612 1616
1612 1692
1613 1749
1613 1765
1614 1626
1614 1836
1615 1819
1616 1763
1616 1890
1617 1977
1619 1667
1619 1880
1619 1969
1620 1749
1620 1769
1622 1673
1622 1900
1623 1708
1624 1683
1624 1703
1625 1651
1625 1671
1625 1735
1626 1931
1626 1996
1628 1995
1629 1772
1629 1859
1630 1677
1630 1765
1630 1831
1632 1649
1633 1737
1634 1821
1635 1797
1635 1818
1636 1972
1637 1798
1637 1981
1638 1699
1640 1763
1641 1791
1641 1819
1644 1803
1644 1851
1645 1737
1645 1802
1645 1856
1646 1943
1647 1676
1647 1880
1647 1940
1648 1843
1648 1877
1649 1854
1651 1676
1651 1900
1652 1665
1652 1674
1653 1941
1654 1715
1654 1871
1656 1841
1656 1984
1658 1947
1659 1871
1659 1952
1659 1979
1660 1776
1662 1844
1662 1989
1664 1874
1665 1809
1666 1770
1666 1824
1668 1723
1668 1907
1669 1984
1669 1996
1670 1965
1671 1739
1672 1692
1672 1878
1673 1721
1673 1759
1674 1676
1674 1962
1675 1817
1677 1678
1677 1844
1678 1890
1678 1968
1681 1854
1682 1683
1684 1690
1684 1711
1684 1871
1685 1695
1685 1800
1686 1895
1687 1776
1689 1918
1690 1722
1690 1872
1692 1823
1692 1973
1693 1907
1694 1760
1694 1773
1694 1820
1694 1888
1695 1842
1696 1751
1696 1974
1696 1994
1697 1766
1697 1899
1697 1991
1698 1765
1698 1948
1698 1993
1700 1895
1700 1944
1701 1721
1701 1986
1702 1762
1702 1926
1702 1987
1703 1720
1703 1798
1704 1742
1704 1751
1704 1854
1704 1889
1704 1999
1705 1974
1706 1802
1706 1812
1706 1887
1710 1860
1710 1871
1710 1944
1710 1996
1711 1744
1711 1843
1711 1906
1711 1995
1712 1817
1713 1842
1716 1800
1716 1957
1717 1737
1717 1927
1718 1741
1718 1749
1718 1984
1719 1724
1719 1835
1719 1995
1720 1725
1720 1794
1720 1957
1721 1755
1722 1730
1722 1898
1724 1775
1724 1810
1724 1852
1725 1780
1725 1788
1725 1864
1725 1980
1726 1955
1727 1746
1728 1913
1728 1923
1729 1733
1729 1923
1730 1765
1731 1903
1733 1738
1733 1743
1733 1946
1734 1887
1734 1984
1735 1856
1735 1904
1735 1927
1735 1941
1736 1760
1737 1934
1737 1936
1738 1781
1739 1742
1740 1964
1740 1999
1743 1816
1743 1849
1743 1915
1743 1935
1744 1823
1744 1862
1744 1968
1746 1841
1746 1965
1747 1813
1747 1915
1748 1816
1748 1951
1748 1987
1749 1920
1751 1993
1754 1958
1755 1937
1755 1938
1755 1953
1755 1985
1756 1988
1757 1958
1758 1776
1758 1871
1759 1852
1761 1777
1761 1967
1762 1918
1762 1958
1763 1837
1766 1882
1766 1930
1767 1857
1768 1874
1771 1781
1772 1853
1776 1842
1776 1854
1776 1926
1777 1924
1777 1950
1778 1801
1779 1959
1784 1887
1786 1833
1786 1851
1789 1889
1789 1961
1790 1790
1790 1937
1791 1971
1792 1949
1792 1969
1793 1822
1793 1922
1793 1946
1795 1991
1796 1989
1798 1876
1798 1886
1801 1949
1804 1961
1805 1890
1806 1856
1808 1852
1808 1924
1809 1839
1809 1877
1809 1918
1812 1821
1812 1899
1813 1982
1814 1955
1814 1961
1820 1874
1821 1985
1824 1886
1826 1999
1827 1848
1830 1877
1830 1908
1830 1954
1830 1957
1832 1945
1833 1972
1838 1843
1838 1927
1839 1862
1840 1848
1840 1849
1840 1886
1844 1908
1847 1997
1848 1884
1848 1956
1849 1999
1853 1876
1854 1875
1856 1903
1856 1905
1856 1957
1859 1994
1860 1866
1861 1981
1863 1910
1865 1977
1872 1895
1874 1962
1875 1876
1875 1940
1876 1956
1878 1915
1878 1941
1878 1967
1878 1979
1880 1962
1885 1946
1887 1922
1887 1924
1887 1939
1888 1983
1890 1894
1892 1941
1896 1918
1896 1946
1896 1949
1898 1977
1906 1912
1906 1932
1908 1944
1908 1967
1911 1975
1912 1921
1918 1973
1921 1932
1927 1954
1927 1958
1932 1944
1933 1968
1939 1991
1939 1993
1948 1989
1949 1983
1952 1954
1953 1979
1957 1987
1963 1973
1971 1998
